0 0.467285 0.685791 0.078125 0.059082
0 0.319092 0.921631 0.076660 0.077637
0 0.088623 0.451172 0.059082 0.075195
0 0.047852 0.769287 0.075195 0.093262
0 0.364990 0.964844 0.070801 0.069336
0 0.008301 0.922363 0.016602 0.077148
0 0.045410 0.975830 0.083008 0.047363
0 0.119629 0.997559 0.087891 0.003906
0 0.127197 0.536621 0.084473 0.077148
0 0.465576 0.621582 0.092285 0.077148
0 0.480469 0.494873 0.075195 0.075684
0 0.155029 0.475342 0.084473 0.082520
0 0.219727 0.756836 0.062500 0.074219
0 0.137939 0.413818 0.066895 0.063965
0 0.646240 0.818359 0.088379 0.075195
0 0.330322 0.515869 0.095215 0.073730
0 0.301514 0.983887 0.077637 0.031250
0 0.557129 0.477783 0.103516 0.078613
0 0.254639 0.337891 0.079590 0.094727
0 0.020020 0.481201 0.040039 0.084473
0 0.411133 0.895020 0.092773 0.074219
0 0.222412 0.817139 0.061035 0.053223
0 0.055420 0.508545 0.083496 0.083496
0 0.035400 0.681396 0.070801 0.076660
0 0.382324 0.734863 0.067383 0.058594
0 0.232666 0.954834 0.073730 0.082520
0 0.304932 0.796143 0.084473 0.088379
0 0.174316 0.961182 0.070312 0.076660
0 0.196533 0.392090 0.071777 0.083008
0 0.231445 0.475586 0.079102 0.083984
0 0.292480 0.416992 0.086914 0.070312
0 0.122559 0.757080 0.083008 0.084473
0 0.473633 0.986084 0.087891 0.026855
0 0.087891 0.913818 0.074219 0.082520
0 0.240723 0.996338 0.072266 0.006348
0 0.391846 0.669189 0.096191 0.080566
0 0.314941 0.700195 0.080078 0.089844
0 0.355469 0.585938 0.088867 0.080078
0 0.000977 0.416016 0.001953 0.078125
0 0.252686 0.544189 0.077637 0.066895
0 0.313965 0.470703 0.088867 0.070312
0 0.534180 0.560791 0.058594 0.074707
0 0.487061 0.573242 0.079590 0.081055
0 0.282959 0.578857 0.049316 0.057129
0 0.201904 0.588623 0.074707 0.104980
0 0.122070 0.603516 0.078125 0.055664
0 0.125244 0.661621 0.097168 0.085938
0 0.191406 0.710938 0.076172 0.108398
0 0.236572 0.635498 0.062012 0.052246
0 0.279541 0.622070 0.049316 0.038086
0 0.021729 0.580566 0.043457 0.073242
0 0.589111 0.863770 0.069824 0.108398
0 0.669189 0.883789 0.074707 0.078125
0 0.596191 0.958008 0.071289 0.083008
0 0.660645 0.954590 0.050781 0.073242
0 0.427002 0.847168 0.117676 0.058594
0 0.442627 0.773926 0.095215 0.083984
0 0.506348 0.773193 0.041016 0.082520
0 0.497803 0.866211 0.049316 0.081055
0 0.202637 0.878174 0.073242 0.082520
0 0.145996 0.808105 0.078125 0.073242
0 0.138184 0.857422 0.065430 0.057617
0 0.079102 0.810547 0.042969 0.045898
0 0.003418 0.757080 0.006836 0.069824
0 0.025635 0.851074 0.051270 0.076172
0 0.406006 0.967529 0.041504 0.063965
0 0.040771 0.616211 0.081543 0.059570
