0 0.980225 0.452881 0.038574 0.073730
0 0.552490 0.071777 0.081543 0.085938
0 0.545166 0.703125 0.055176 0.061523
0 0.882568 0.815186 0.079590 0.081543
0 0.864502 0.740967 0.065918 0.080566
0 0.905762 0.596191 0.073242 0.082031
0 0.749023 0.970215 0.064453 0.058594
0 0.779297 0.904297 0.080078 0.075195
0 0.975098 0.940674 0.048828 0.080566
0 0.706543 0.937012 0.068359 0.067383
0 0.585205 0.187012 0.079590 0.093750
0 0.626221 0.653320 0.065918 0.060547
0 0.969482 0.858643 0.060059 0.076660
0 0.990967 0.762695 0.017090 0.076172
0 0.952393 0.752686 0.073730 0.079590
0 0.689209 0.660400 0.062012 0.067871
0 0.726318 0.171875 0.085449 0.081055
0 0.974121 0.531250 0.050781 0.063477
0 0.656494 0.190674 0.074707 0.087402
0 0.418701 0.419434 0.091309 0.083984
0 0.580811 0.513672 0.064941 0.057617
0 0.483154 0.611328 0.073730 0.070312
0 0.570068 0.619385 0.046387 0.071777
0 0.995361 0.545898 0.008301 0.064453
0 0.925049 0.987793 0.075684 0.023437
0 0.822754 0.921631 0.064453 0.102051
0 0.578369 0.728760 0.062988 0.077637
