0 0.827881 0.855713 0.073730 0.062012
0 0.353271 0.673340 0.069824 0.071289
0 0.017090 0.452881 0.034180 0.073730
0 0.065918 0.724854 0.079102 0.057129
0 0.039307 0.362305 0.073730 0.073242
0 0.606445 0.885498 0.056641 0.049316
0 0.814209 0.977783 0.067871 0.043457
0 0.177246 0.965576 0.050781 0.057129
0 0.753662 0.956299 0.056152 0.062012
0 0.442383 0.986816 0.060547 0.025391
0 0.656006 0.976807 0.057129 0.045410
0 0.832031 0.918457 0.070312 0.072266
0 0.008545 0.940674 0.017090 0.080566
0 0.170166 0.809570 0.067871 0.058594
0 0.693848 0.924316 0.070312 0.066406
0 0.145508 0.861084 0.054688 0.051270
0 0.522217 0.758057 0.074707 0.060059
0 0.425781 0.626221 0.070312 0.069824
0 0.276855 0.647217 0.070312 0.070801
0 0.315430 0.766357 0.060547 0.062012
0 0.447754 0.951172 0.068359 0.066406
0 0.507568 0.973145 0.066895 0.052734
0 0.413086 0.752197 0.064453 0.058105
0 0.625732 0.923584 0.061035 0.059082
0 0.445801 0.812744 0.065430 0.080566
0 0.382568 0.909912 0.063965 0.062012
0 0.522461 0.828857 0.081055 0.074707
0 0.005371 0.858643 0.010742 0.076660
0 0.190430 0.736328 0.059570 0.062500
0 0.028564 0.762695 0.057129 0.076172
0 0.646484 0.838867 0.059570 0.050781
0 0.128174 0.915039 0.084473 0.066406
0 0.514160 0.908447 0.070312 0.068848
0 0.452393 0.883057 0.071777 0.065918
0 0.223633 0.709473 0.068359 0.063477
0 0.063965 0.993652 0.063477 0.011719
0 0.053955 0.489014 0.073730 0.071777
0 0.004150 0.531250 0.008301 0.063477
0 0.382568 0.970459 0.060059 0.058105
0 0.217041 0.903809 0.068848 0.064453
0 0.418213 0.691650 0.058105 0.056152
0 0.761230 0.860352 0.055664 0.066406
0 0.739990 0.825439 0.059082 0.071777
0 0.020752 0.545898 0.041504 0.064453
0 0.166992 0.691162 0.064453 0.046387
0 0.643066 0.995850 0.059570 0.007324
0 0.476318 0.709229 0.069824 0.082520
0 0.699707 0.874023 0.053711 0.039062
0 0.370605 0.752197 0.044922 0.061035
0 0.561523 0.961670 0.032227 0.061035
0 0.310303 0.722412 0.082520 0.052246
0 0.275391 0.770996 0.066406 0.066406
0 0.577637 0.924072 0.042969 0.061035
0 0.222656 0.785156 0.032227 0.041016
0 0.581299 0.991455 0.046387 0.016113
0 0.336426 0.849854 0.073242 0.062988
0 0.365967 0.831787 0.057129 0.073730
0 0.263916 0.842529 0.057129 0.059082
0 0.233398 0.848145 0.046875 0.055664
0 0.244141 0.968018 0.053711 0.062988
0 0.312500 0.947510 0.053711 0.078613
0 0.287842 0.991699 0.054199 0.015625
