0 0.569336 0.690430 0.224609 0.240234
0 0.095703 0.885742 0.191406 0.224609
0 0.806641 0.457031 0.234375 0.257812
0 0.020508 0.693359 0.041016 0.261719
0 0.454102 0.231445 0.236328 0.205078
0 0.942383 0.142578 0.111328 0.257812
0 0.717773 0.892578 0.236328 0.210937
0 0.485352 0.910156 0.228516 0.175781
0 0.817383 0.673828 0.248047 0.226562
0 0.143555 0.512695 0.259766 0.263672
0 0.545898 0.973633 0.232422 0.048828
0 0.484375 0.075195 0.250000 0.150391
0 0.059570 0.044922 0.119141 0.089844
0 0.249023 0.065430 0.228516 0.130859
0 0.708008 0.065430 0.212891 0.130859
0 0.838867 0.076172 0.134766 0.152344
0 0.689453 0.239258 0.207031 0.197266
0 0.862305 0.237305 0.119141 0.150391
0 0.617188 0.413086 0.144531 0.181641
0 0.490234 0.504883 0.140625 0.166016
0 0.359375 0.403320 0.203125 0.224609
0 0.217773 0.247070 0.197266 0.181641
0 0.056641 0.250000 0.113281 0.207031
0 0.378906 0.699219 0.195312 0.242188
0 0.230469 0.728516 0.230469 0.183594
0 0.331055 0.909180 0.189453 0.177734
0 0.899414 0.896484 0.189453 0.203125
0 0.935547 0.948242 0.125000 0.099609
0 0.975586 0.818359 0.044922 0.203125
0 0.991211 0.647461 0.013672 0.158203
0 0.980469 0.400391 0.035156 0.210938
