0 0.604492 0.956055 0.322266 0.083984
0 0.903320 0.377930 0.189453 0.322266
0 0.364258 0.588867 0.294922 0.267578
0 0.682617 0.492188 0.330078 0.351562
0 0.937500 0.047852 0.121094 0.095703
0 0.871094 0.727539 0.253906 0.322266
0 0.509766 0.006836 0.289062 0.013672
0 0.469727 0.187500 0.369141 0.343750
0 0.007812 0.125000 0.015625 0.250000
0 0.814453 0.129883 0.226562 0.259766
0 0.234375 0.097656 0.246094 0.195312
0 0.046875 0.455078 0.093750 0.292969
0 0.135742 0.152344 0.271484 0.304688
0 0.297852 0.367188 0.251953 0.195312
