0 0.855469 0.743164 0.285156 0.236328
0 0.837891 0.486328 0.320312 0.308594
0 0.884766 0.065430 0.226562 0.130859
0 0.001953 0.938477 0.003906 0.119141
0 0.321289 0.105469 0.380859 0.210938
0 0.529297 0.910156 0.269531 0.175781
0 0.041992 0.035156 0.083984 0.070312
0 0.567383 0.676758 0.384766 0.322266
0 0.259766 0.800781 0.320312 0.359375
0 0.421875 0.343750 0.355469 0.320312
0 0.083008 0.176758 0.166016 0.267578
0 0.255859 0.011719 0.355469 0.023438
0 0.893555 0.292969 0.208984 0.324219
0 0.131836 0.315430 0.197266 0.228516
0 0.035156 0.541992 0.070312 0.208984
0 0.118164 0.488281 0.197266 0.152344
0 0.770508 0.962891 0.380859 0.070312
0 0.970703 0.962891 0.054688 0.070312
