0 0.733398 0.491211 0.208984 0.212891
0 0.525391 0.651367 0.250000 0.220703
0 0.960938 0.476562 0.074219 0.207031
0 0.842773 0.348633 0.193359 0.228516
0 0.907227 0.596680 0.181641 0.220703
0 0.170898 0.717773 0.208984 0.224609
0 0.953125 0.306641 0.089844 0.164062
0 0.597656 0.390625 0.214844 0.226562
0 0.981445 0.756836 0.033203 0.291016
0 0.424805 0.029297 0.162109 0.058594
0 0.479492 0.156250 0.259766 0.207031
0 0.304688 0.183594 0.175781 0.199219
0 0.323242 0.354492 0.115234 0.123047
0 0.244141 0.359375 0.105469 0.175781
0 0.328125 0.514648 0.214844 0.201172
0 0.804688 0.723633 0.195312 0.181641
0 0.850586 0.892578 0.248047 0.210938
0 0.950195 0.959961 0.095703 0.076172
0 0.606445 0.908203 0.201172 0.179688
0 0.405273 0.965820 0.177734 0.064453
0 0.259766 0.909180 0.207031 0.177734
0 0.099609 0.926758 0.164062 0.142578
0 0.339844 0.684570 0.148438 0.146484
