0 0.541016 0.006836 0.277344 0.013672
0 0.907227 0.927734 0.181641 0.140625
0 0.454102 0.593750 0.318359 0.281250
0 0.321289 0.940430 0.259766 0.115234
0 0.203125 0.461914 0.351562 0.298828
0 0.980469 0.485352 0.035156 0.283203
0 0.461914 0.189453 0.294922 0.316406
0 0.056641 0.059570 0.113281 0.119141
0 0.872070 0.680664 0.251953 0.345703
0 0.708984 0.110352 0.261719 0.220703
0 0.013672 0.286133 0.027344 0.236328
0 0.149414 0.218750 0.298828 0.296875
0 0.254883 0.042969 0.298828 0.085938
0 0.419922 0.809570 0.328125 0.267578
0 0.971680 0.099609 0.052734 0.199219
0 0.917969 0.298828 0.160156 0.265625
0 0.694336 0.398438 0.294922 0.281250
0 0.613281 0.936523 0.250000 0.123047
0 0.804687 0.917969 0.132812 0.160156
