0 0.219727 0.380859 0.345703 0.324219
0 0.181641 0.095703 0.332031 0.191406
0 0.478516 0.172852 0.351562 0.345703
0 0.851563 0.613281 0.261719 0.277344
0 0.697266 0.007812 0.281250 0.015625
0 0.083008 0.951172 0.166016 0.093750
0 0.989258 0.503906 0.017578 0.375000
0 0.908203 0.148438 0.179688 0.296875
0 0.025391 0.188477 0.050781 0.294922
0 0.591797 0.672852 0.195312 0.259766
0 0.562500 0.431641 0.343750 0.261719
0 0.791016 0.167969 0.179688 0.332031
0 0.834961 0.369141 0.216797 0.222656
0 0.365234 0.718750 0.292969 0.425781
0 0.109375 0.717773 0.218750 0.451172
