0 0.425781 0.541992 0.226562 0.197266
0 0.950195 0.825195 0.095703 0.248047
0 0.624023 0.907227 0.228516 0.181641
0 0.775391 0.697266 0.281250 0.265625
0 0.119141 0.076172 0.238281 0.152344
0 0.082031 0.892578 0.164062 0.210938
0 0.502930 0.694336 0.244141 0.236328
0 0.125977 0.315430 0.251953 0.298828
0 0.585938 0.355469 0.238281 0.203125
0 0.098633 0.633789 0.197266 0.275391
0 0.965820 0.441406 0.064453 0.265625
0 0.919922 0.301758 0.156250 0.287109
0 0.572266 0.983398 0.238281 0.029297
0 0.022461 0.000977 0.044922 0.001953
0 0.798828 0.496094 0.214844 0.156250
0 0.246094 0.846680 0.128906 0.244141
0 0.310547 0.696289 0.171875 0.244141
0 0.325195 0.965820 0.185547 0.064453
