0 0.415039 0.140625 0.251953 0.230469
0 0.899414 0.008789 0.197266 0.017578
0 0.981445 0.486328 0.033203 0.253906
0 0.072266 0.424805 0.144531 0.232422
0 0.799805 0.719727 0.193359 0.208984
0 0.151367 0.133789 0.236328 0.228516
0 0.952148 0.777344 0.091797 0.242187
0 0.958008 0.083984 0.080078 0.167969
0 0.572266 0.176758 0.144531 0.228516
0 0.480469 0.368164 0.136719 0.189453
0 0.250977 0.335938 0.220703 0.179687
0 0.610352 0.823242 0.193359 0.193359
0 0.372070 0.839844 0.166016 0.214844
0 0.392578 0.525391 0.179688 0.179687
0 0.224609 0.649414 0.195312 0.224609
0 0.358398 0.021484 0.232422 0.042969
0 0.008789 0.109375 0.017578 0.218750
