0 0.967773 0.358398 0.060547 0.220703
0 0.030273 0.433594 0.060547 0.191406
0 0.156250 0.526367 0.199219 0.181641
0 0.517578 0.013672 0.187500 0.027344
0 0.056641 0.617188 0.113281 0.203125
0 0.184570 0.727539 0.177734 0.193359
0 0.672852 0.725586 0.189453 0.189453
0 0.042969 0.990234 0.085937 0.015625
0 0.478516 0.676758 0.207031 0.185547
0 0.906250 0.660156 0.183594 0.273438
0 0.312500 0.014648 0.226562 0.029297
0 0.868164 0.452148 0.208984 0.205078
0 0.284180 0.246094 0.173828 0.199219
0 0.739258 0.308594 0.189453 0.187500
0 0.833984 0.196289 0.171875 0.232422
0 0.976562 0.171875 0.042969 0.148438
0 0.617187 0.156250 0.183594 0.171875
0 0.133789 0.107422 0.107422 0.160156
0 0.275391 0.078125 0.164062 0.113281
0 0.443359 0.182617 0.125000 0.169922
0 0.128906 0.286133 0.082031 0.126953
0 0.208008 0.392578 0.173828 0.148438
0 0.477539 0.376953 0.228516 0.144531
0 0.333984 0.581055 0.140625 0.166016
0 0.036133 0.889648 0.072266 0.216797
0 0.145508 0.917969 0.146484 0.160156
0 0.363281 0.867188 0.250000 0.218750
0 0.595703 0.919922 0.187500 0.156250
0 0.773438 0.881836 0.167969 0.232422
0 0.972656 0.938477 0.050781 0.119141
0 0.708984 0.552734 0.179687 0.148438
0 0.532227 0.978516 0.197266 0.039062
