0 0.284180 0.276367 0.279297 0.287109
0 0.667969 0.786133 0.253906 0.244141
0 0.290039 0.938477 0.259766 0.119141
0 0.112305 0.431641 0.224609 0.292969
0 0.012695 0.816406 0.025391 0.277344
0 0.728516 0.081055 0.265625 0.162109
0 0.106445 0.178711 0.212891 0.212891
0 0.555664 0.372070 0.208984 0.232422
0 0.437500 0.133789 0.265625 0.267578
0 0.914062 0.358398 0.167969 0.271484
0 0.965820 0.996094 0.064453 0.003906
0 0.150391 0.038086 0.289062 0.076172
0 0.447266 0.779297 0.269531 0.285156
0 0.387695 0.462891 0.283203 0.316406
0 0.181641 0.737305 0.281250 0.306641
0 0.971680 0.756836 0.052734 0.228516
0 0.791992 0.533203 0.216797 0.210938
0 0.760742 0.273438 0.185547 0.257812
0 0.813477 0.957031 0.298828 0.082031
