0 0.197266 0.494141 0.242188 0.222656
0 0.649414 0.054688 0.212891 0.109375
0 0.812500 0.946289 0.253906 0.103516
0 0.386719 0.119141 0.195312 0.199219
0 0.964844 0.885742 0.066406 0.224609
0 0.074219 0.994141 0.148438 0.007812
0 0.478516 0.357422 0.222656 0.222656
0 0.327148 0.703125 0.244141 0.246094
0 0.900391 0.693359 0.195312 0.261719
0 0.106445 0.697266 0.212891 0.234375
0 0.268555 0.272461 0.216797 0.236328
0 0.287109 0.921875 0.320312 0.152344
0 0.841797 0.399414 0.234375 0.220703
0 0.262695 0.054688 0.220703 0.109375
0 0.490234 0.964844 0.199219 0.066406
0 0.823242 0.168945 0.216797 0.228516
0 0.969727 0.044922 0.056641 0.089844
0 0.967773 0.250000 0.060547 0.207031
0 0.815430 0.002930 0.232422 0.005859
0 0.127930 0.096680 0.177734 0.162109
0 0.436523 0.018555 0.193359 0.037109
0 0.661133 0.533203 0.216797 0.179687
0 0.062500 0.875000 0.125000 0.199219
0 0.656250 0.809570 0.234375 0.275391
0 0.651367 0.236328 0.197266 0.195312
0 0.874023 0.052734 0.162109 0.105469
