0 0.446289 0.597656 0.310547 0.328125
0 0.983398 0.729492 0.029297 0.326172
0 0.401367 0.959961 0.302734 0.076172
0 0.672852 0.294922 0.314453 0.355469
0 0.965820 0.902344 0.064453 0.191406
0 0.874023 0.565430 0.248047 0.318359
0 0.427734 0.196289 0.304687 0.357422
0 0.942383 0.328125 0.111328 0.320312
0 0.776367 0.983398 0.326172 0.029297
0 0.286133 0.281250 0.380859 0.347656
0 0.600586 0.715820 0.263672 0.275391
0 0.113281 0.163086 0.226562 0.267578
0 0.254883 0.632812 0.197266 0.253906
0 0.208984 0.875977 0.394531 0.244141
