0 0.961914 0.539062 0.072266 0.234375
0 0.879883 0.287109 0.236328 0.226562
0 0.090820 0.213867 0.181641 0.236328
0 0.713867 0.438477 0.240234 0.232422
0 0.841797 0.655273 0.234375 0.267578
0 0.538086 0.319336 0.236328 0.240234
0 0.280273 0.423828 0.271484 0.230469
0 0.982422 0.103516 0.031250 0.207031
0 0.059570 0.725586 0.119141 0.201172
0 0.302734 0.771484 0.234375 0.207031
0 0.484375 0.944336 0.250000 0.107422
0 0.849609 0.121094 0.218750 0.160156
0 0.675781 0.219727 0.171875 0.193359
0 0.274414 0.072266 0.228516 0.144531
0 0.214844 0.020508 0.171875 0.041016
0 0.380859 0.217773 0.253906 0.166016
0 0.080078 0.481445 0.160156 0.310547
0 0.287109 0.616211 0.242188 0.197266
0 0.581055 0.782227 0.228516 0.197266
0 0.541016 0.645508 0.171875 0.130859
0 0.471680 0.553711 0.115234 0.166016
0 0.059570 0.947266 0.119141 0.101562
0 0.249023 0.945312 0.228516 0.105469
0 0.708008 0.923828 0.212891 0.148438
0 0.868164 0.866211 0.224609 0.166016
0 0.983398 0.733398 0.029297 0.169922
0 0.838867 0.976562 0.134766 0.042969
