0 0.598633 0.785156 0.216797 0.300781
0 0.107422 0.191406 0.214844 0.269531
0 0.821289 0.067383 0.294922 0.134766
0 0.010742 0.976562 0.021484 0.042969
0 0.267578 0.006836 0.246094 0.013672
0 0.886719 0.312500 0.222656 0.292969
0 0.796875 0.563477 0.300781 0.275391
0 0.815430 0.851562 0.326172 0.292969
0 0.174805 0.914062 0.349609 0.167969
0 0.982422 0.465820 0.031250 0.287109
0 0.402344 0.054688 0.234375 0.109375
0 0.228516 0.461914 0.296875 0.322266
0 0.013672 0.545898 0.027344 0.216797
0 0.125000 0.038086 0.210938 0.076172
0 0.052734 0.343750 0.105469 0.210937
0 0.429688 0.598633 0.187500 0.287109
0 0.588867 0.147461 0.177734 0.177734
0 0.996094 0.706055 0.003906 0.220703
0 0.148438 0.632812 0.214844 0.218750
0 0.322266 0.131836 0.183594 0.197266
0 0.616211 0.288086 0.240234 0.236328
