0 0.151367 0.215820 0.302734 0.314453
0 0.124023 0.030273 0.248047 0.060547
0 0.776367 0.877930 0.244141 0.240234
0 0.455078 0.652344 0.265625 0.238281
0 0.177734 0.702148 0.242188 0.248047
0 0.735352 0.539062 0.291016 0.378906
0 0.881836 0.951172 0.232422 0.093750
0 0.385742 0.435547 0.341797 0.351562
0 0.473633 0.890625 0.369141 0.214844
0 0.905273 0.188477 0.185547 0.294922
0 0.757812 0.026367 0.273437 0.052734
0 0.544922 0.125000 0.343750 0.250000
0 0.955078 0.717773 0.085938 0.451172
0 0.134766 0.475586 0.269531 0.267578
