0 0.917969 0.926758 0.160156 0.142578
0 0.469727 0.440430 0.259766 0.224609
0 0.290039 0.075195 0.259766 0.150391
0 0.065430 0.927734 0.130859 0.140625
0 0.326172 0.938477 0.332031 0.119141
0 0.851562 0.579102 0.292969 0.279297
0 0.965820 0.128906 0.064453 0.257812
0 0.150391 0.485352 0.300781 0.283203
0 0.778320 0.287109 0.318359 0.292969
0 0.018555 0.680664 0.037109 0.345703
0 0.956055 0.378906 0.083984 0.246094
0 0.191406 0.766602 0.296875 0.291016
0 0.813477 0.083008 0.298828 0.166016
0 0.480469 0.145508 0.273438 0.240234
0 0.086914 0.099609 0.173828 0.199219
0 0.033203 0.298828 0.066406 0.265625
0 0.481445 0.705078 0.291016 0.281250
0 0.210938 0.262695 0.199219 0.236328
0 0.758789 0.717773 0.232422 0.248047
0 0.682617 0.901367 0.236328 0.193359
0 0.754883 0.991211 0.255859 0.013672
0 0.949219 0.772461 0.097656 0.232422
