0 0.298828 0.037109 0.226562 0.074219
0 0.947266 0.123047 0.101562 0.246094
0 0.338867 0.488281 0.208984 0.250000
0 0.429687 0.081055 0.218750 0.162109
0 0.913086 0.628906 0.169922 0.261719
0 0.923828 0.819336 0.148437 0.181641
0 0.118164 0.417969 0.236328 0.250000
0 0.978516 0.404297 0.039062 0.281250
0 0.843750 0.318359 0.273438 0.281250
0 0.204102 0.204102 0.255859 0.201172
0 0.667969 0.103516 0.257812 0.207031
0 0.083008 0.900391 0.166016 0.195313
0 0.260742 0.796875 0.189453 0.328125
0 0.534180 0.984375 0.197266 0.027344
