0 0.922852 0.014648 0.150391 0.029297
0 0.910156 0.415039 0.175781 0.267578
0 0.845703 0.687500 0.300781 0.285156
0 0.021484 0.312500 0.042969 0.292969
0 0.887695 0.959961 0.220703 0.076172
0 0.176758 0.095703 0.302734 0.191406
0 0.111328 0.465820 0.222656 0.287109
0 0.538086 0.898437 0.279297 0.199219
0 0.423828 0.041992 0.175781 0.083984
0 0.691406 0.424805 0.246094 0.275391
0 0.472656 0.389648 0.218750 0.287109
0 0.575195 0.123047 0.224609 0.246094
0 0.314453 0.308594 0.210938 0.183594
0 0.571289 0.677734 0.189453 0.289062
0 0.983398 0.631836 0.029297 0.267578
0 0.378906 0.647461 0.183594 0.201172
0 0.321289 0.687500 0.201172 0.281250
0 0.107422 0.706055 0.214844 0.220703
0 0.230469 0.879883 0.226562 0.236328
