0 0.429687 0.003906 0.214844 0.007812
0 0.013672 0.124023 0.027344 0.228516
0 0.083008 0.957031 0.166016 0.082031
0 0.837891 0.404297 0.210938 0.234375
0 0.255859 0.377930 0.234375 0.240234
0 0.473633 0.482422 0.220703 0.218750
0 0.604492 0.064453 0.220703 0.128906
0 0.356445 0.116211 0.205078 0.212891
0 0.188477 0.059570 0.197266 0.119141
0 0.111328 0.159180 0.222656 0.201172
0 0.062500 0.312500 0.125000 0.144531
0 0.828125 0.091797 0.230469 0.183594
0 0.738281 0.228516 0.269531 0.183594
0 0.623047 0.275391 0.179688 0.171875
0 0.758789 0.444336 0.162109 0.236328
0 0.740234 0.660156 0.175781 0.187500
0 0.896484 0.841797 0.203125 0.234375
0 0.866211 0.937500 0.181641 0.121094
0 0.673828 0.778320 0.210938 0.146484
0 0.994141 0.885742 0.007812 0.224609
0 0.690430 0.918945 0.158203 0.134766
0 0.946289 0.467773 0.103516 0.166016
0 0.474609 0.646484 0.171875 0.144531
0 0.921875 0.570312 0.152344 0.101562
0 0.160156 0.726562 0.164062 0.210938
0 0.109375 0.587891 0.218750 0.238281
0 0.962891 0.134766 0.070312 0.191406
0 0.985352 0.275391 0.025391 0.121094
