0 0.917969 0.043945 0.160156 0.087891
0 0.870117 0.362305 0.255859 0.291016
0 0.065430 0.066406 0.130859 0.132813
0 0.614258 0.961914 0.287109 0.072266
0 0.326172 0.089844 0.332031 0.179688
0 0.871094 0.964844 0.253906 0.066406
0 0.641602 0.412109 0.251953 0.269531
0 0.051758 0.167969 0.103516 0.210938
0 0.682617 0.005859 0.236328 0.011719
0 0.754883 0.118164 0.255859 0.236328
0 0.470703 0.151367 0.261719 0.244141
0 0.551758 0.692383 0.298828 0.333984
0 0.886719 0.562500 0.214844 0.175781
0 0.914062 0.778320 0.167969 0.271484
0 0.996094 0.997070 0.003906 0.001953
