0 0.095703 0.016602 0.191406 0.033203
0 0.843750 0.588867 0.226562 0.236328
0 0.434570 0.282227 0.244141 0.275391
0 0.968750 0.643555 0.058594 0.232422
0 0.958008 0.229492 0.080078 0.248047
0 0.717773 0.009766 0.236328 0.019531
0 0.757812 0.878906 0.261719 0.238281
0 0.149414 0.312500 0.197266 0.230469
0 0.982422 0.906250 0.031250 0.183594
0 0.890625 0.794922 0.214844 0.199219
0 0.485352 0.024414 0.228516 0.048828
0 0.545898 0.082031 0.232422 0.164062
0 0.462891 0.890625 0.214844 0.214844
0 0.331055 0.032227 0.189453 0.064453
0 0.280273 0.107422 0.228516 0.210937
0 0.084961 0.127930 0.169922 0.197266
0 0.021484 0.305664 0.042969 0.283203
0 0.782227 0.367188 0.189453 0.207031
0 0.671875 0.589844 0.175781 0.203125
0 0.597656 0.553711 0.144531 0.220703
0 0.304687 0.641602 0.214844 0.197266
0 0.318359 0.857422 0.179688 0.234375
0 0.620117 0.740234 0.162109 0.144531
0 0.479492 0.616211 0.162109 0.240234
0 0.618164 0.242188 0.130859 0.183594
0 0.775391 0.136719 0.183594 0.214844
0 0.899414 0.000977 0.189453 0.001953
0 0.935547 0.039062 0.125000 0.078125
0 0.948242 0.969727 0.099609 0.056641
