0 0.518555 0.980469 0.255859 0.035156
0 0.125000 0.300781 0.187500 0.203125
0 0.239258 0.118164 0.271484 0.236328
0 0.052734 0.142578 0.105469 0.257812
0 0.380859 0.279297 0.234375 0.203125
0 0.708984 0.028320 0.277344 0.056641
0 0.460937 0.092773 0.265625 0.185547
0 0.017578 0.948242 0.035156 0.099609
0 0.091797 0.818359 0.183594 0.203125
0 0.123047 0.647461 0.246094 0.158203
0 0.055664 0.400391 0.111328 0.210938
0 0.203125 0.514648 0.238281 0.197266
0 0.294922 0.997070 0.152344 0.001953
0 0.135742 0.950195 0.138672 0.095703
