0 0.191406 0.131836 0.300781 0.263672
0 0.033203 0.689453 0.066406 0.308594
0 0.181641 0.903320 0.332031 0.189453
0 0.478516 0.990234 0.351562 0.015625
0 0.875977 0.087891 0.244141 0.175781
0 0.882812 0.268555 0.230469 0.212891
0 0.890625 0.819336 0.214844 0.330078
0 0.697266 0.844727 0.281250 0.306641
0 0.490234 0.098633 0.332031 0.197266
0 0.351562 0.655273 0.296875 0.330078
0 0.908203 0.985352 0.179688 0.025391
0 0.765625 0.030273 0.304688 0.060547
0 0.810547 0.512695 0.292969 0.330078
0 0.583984 0.232422 0.312500 0.292969
0 0.552734 0.429688 0.261719 0.230469
0 0.316406 0.242188 0.171875 0.183594
0 0.013672 0.083984 0.027344 0.167969
0 0.102539 0.404297 0.205078 0.304688
