0 0.522949 0.179199 0.108398 0.110352
0 0.619629 0.228027 0.102539 0.106445
0 0.617187 0.492188 0.121094 0.111328
0 0.015137 0.216797 0.030273 0.095703
0 0.725098 0.187012 0.131836 0.102539
0 0.078125 0.263184 0.099609 0.090820
0 0.258789 0.006836 0.093750 0.013672
0 0.618652 0.112793 0.102539 0.116211
0 0.148926 0.794922 0.104492 0.093750
0 0.028320 0.308594 0.056641 0.101562
0 0.629883 0.387695 0.091797 0.101562
0 0.336914 0.851074 0.121094 0.116211
0 0.092285 0.363770 0.088867 0.096680
0 0.105469 0.581055 0.126953 0.109375
0 0.336426 0.362793 0.094727 0.094727
0 0.021484 0.540527 0.042969 0.098633
0 0.106934 0.981445 0.114258 0.035156
0 0.239258 0.338379 0.103516 0.092773
0 0.470215 0.330078 0.125977 0.136719
0 0.033203 0.657715 0.066406 0.116211
0 0.726074 0.076660 0.108398 0.114258
0 0.181152 0.915527 0.112305 0.131836
0 0.717285 0.460449 0.124023 0.102539
0 0.289062 0.749023 0.099609 0.107422
0 0.156250 0.007324 0.113281 0.014648
0 0.574707 0.294434 0.120117 0.118164
0 0.466797 0.899902 0.103516 0.116211
0 0.482422 0.741211 0.099609 0.103516
0 0.434082 0.226074 0.104492 0.102539
0 0.403809 0.751465 0.092773 0.094727
0 0.142090 0.123047 0.086914 0.099609
0 0.369629 0.154297 0.094727 0.093750
0 0.416992 0.098145 0.085937 0.116211
0 0.521484 0.085938 0.087891 0.074219
0 0.675781 0.534180 0.080078 0.058594
0 0.308594 0.078125 0.091797 0.085938
0 0.066895 0.053711 0.053711 0.080078
0 0.713379 0.390625 0.083008 0.078125
0 0.137695 0.039062 0.082031 0.056641
0 0.758789 0.377930 0.046875 0.082031
0 0.221680 0.091309 0.062500 0.084961
0 0.064453 0.143066 0.041016 0.063477
0 0.104004 0.196289 0.086914 0.074219
0 0.238770 0.188477 0.114258 0.072266
0 0.634766 0.766113 0.072266 0.061523
0 0.166992 0.290527 0.070312 0.083008
0 0.558594 0.798340 0.062500 0.092773
0 0.018066 0.447266 0.036133 0.113281
0 0.072754 0.468262 0.073242 0.098633
0 0.181641 0.433594 0.125000 0.109375
0 0.297852 0.478516 0.093750 0.115234
0 0.386719 0.452637 0.083984 0.139648
0 0.513672 0.496582 0.080078 0.114258
0 0.714355 0.259766 0.096680 0.062500
0 0.761230 0.293457 0.073242 0.088867
0 0.835449 0.298828 0.118164 0.109375
0 0.687012 0.320801 0.083008 0.071289
0 0.354492 0.276367 0.089844 0.074219
0 0.052246 0.742187 0.100586 0.089844
0 0.126953 0.679199 0.074219 0.081055
0 0.200684 0.715332 0.092773 0.088867
0 0.256348 0.619629 0.065430 0.110352
0 0.266113 0.524414 0.098633 0.089844
0 0.397949 0.575684 0.086914 0.098633
0 0.555176 0.559570 0.083008 0.064453
0 0.672852 0.688477 0.097656 0.107422
0 0.574219 0.695801 0.072266 0.141602
0 0.476563 0.655762 0.126953 0.096680
0 0.040527 0.808594 0.081055 0.105469
0 0.062500 0.892090 0.080078 0.081055
0 0.329590 0.972656 0.094727 0.052734
0 0.256348 0.987305 0.100586 0.023438
0 0.235352 0.817383 0.080078 0.113281
0 0.423828 0.841309 0.066406 0.098633
