0 0.223145 0.798828 0.155273 0.164062
0 0.783691 0.770996 0.125977 0.127930
0 0.556641 0.864746 0.144531 0.163086
0 0.200684 0.979980 0.151367 0.038086
0 0.945801 0.844727 0.106445 0.154297
0 0.336426 0.647461 0.157227 0.177734
0 0.545410 0.951172 0.157227 0.095703
0 0.826660 0.399902 0.129883 0.151367
0 0.459961 0.782715 0.169922 0.159180
0 0.963867 0.023438 0.070313 0.046875
0 0.213867 0.598145 0.152344 0.178711
0 0.528320 0.664062 0.169922 0.160156
0 0.388184 0.991699 0.163086 0.014648
0 0.716797 0.662598 0.179687 0.151367
0 0.885254 0.706055 0.149414 0.166016
0 0.921875 0.161133 0.154297 0.146484
0 0.954102 0.514160 0.089844 0.139648
0 0.889648 0.508301 0.126953 0.133789
0 0.984375 0.702148 0.029297 0.152344
0 0.722168 0.901367 0.161133 0.181641
0 0.878906 0.933105 0.136719 0.131836
0 0.772461 0.984375 0.171875 0.029297
0 0.143066 0.640625 0.190430 0.173828
0 0.300293 0.857910 0.131836 0.137695
0 0.056641 0.581543 0.113281 0.133789
0 0.127441 0.816406 0.098633 0.126953
0 0.104492 0.937988 0.197266 0.122070
0 0.975098 0.232422 0.047852 0.119141
0 0.845215 0.125000 0.094727 0.154297
