0 0.142090 0.138184 0.139648 0.143555
0 0.333984 0.393066 0.126953 0.122070
0 0.496582 0.963379 0.155273 0.071289
0 0.234863 0.720215 0.129883 0.112305
0 0.145020 0.507324 0.129883 0.135742
0 0.872559 0.938965 0.127930 0.120117
0 0.032715 0.963867 0.065430 0.070312
0 0.968750 0.484863 0.060547 0.182617
0 0.056152 0.215820 0.112305 0.146484
0 0.006348 0.408203 0.012695 0.138672
0 0.163086 0.969238 0.166016 0.059570
0 0.813965 0.310547 0.137695 0.136719
0 0.435547 0.789551 0.166016 0.139648
0 0.722656 0.950195 0.156250 0.097656
0 0.611816 0.482422 0.112305 0.115234
0 0.364258 0.040527 0.132812 0.081055
0 0.053223 0.089355 0.106445 0.106445
0 0.870117 0.735352 0.156250 0.144531
0 0.277832 0.186035 0.104492 0.116211
0 0.218750 0.066895 0.132812 0.133789
0 0.481934 0.179199 0.133789 0.135742
0 0.532715 0.562988 0.131836 0.131836
0 0.075195 0.742676 0.150391 0.141602
0 0.075195 0.019043 0.144531 0.038086
0 0.389160 0.643555 0.159180 0.146484
0 0.881836 0.580078 0.152344 0.142578
0 0.009277 0.840332 0.018555 0.172852
0 0.223633 0.389648 0.134766 0.142578
0 0.528809 0.689453 0.143555 0.123047
0 0.886230 0.437012 0.137695 0.141602
0 0.912109 0.026367 0.144531 0.052734
0 0.095703 0.883301 0.148438 0.145508
0 0.193848 0.231445 0.141602 0.158203
0 0.090820 0.368652 0.140625 0.153320
0 0.769043 0.353516 0.094727 0.140625
0 0.682617 0.129395 0.136719 0.110352
0 0.967285 0.100586 0.063477 0.130859
0 0.543457 0.378418 0.141602 0.114258
0 0.395996 0.266602 0.108398 0.105469
0 0.380371 0.136719 0.092773 0.128906
0 0.566406 0.216309 0.103516 0.110352
0 0.651367 0.275879 0.099609 0.108398
0 0.728027 0.205078 0.120117 0.132812
0 0.850586 0.155273 0.125000 0.111328
0 0.943359 0.236328 0.111328 0.121094
0 0.406738 0.520508 0.149414 0.125000
0 0.240234 0.572754 0.136719 0.120117
0 0.043457 0.549805 0.086914 0.099609
0 0.016602 0.649414 0.033203 0.132812
0 0.240723 0.852539 0.145508 0.140625
0 0.105469 0.631348 0.099609 0.118164
0 0.379395 0.858887 0.116211 0.124023
0 0.341309 0.950684 0.118164 0.096680
0 0.377441 0.995605 0.127930 0.006836
0 0.514648 0.886230 0.128906 0.116211
0 0.599609 0.811523 0.125000 0.099609
0 0.684570 0.839355 0.125000 0.139648
0 0.700195 0.701172 0.156250 0.136719
0 0.730469 0.562988 0.128906 0.139648
0 0.966309 0.854004 0.065430 0.129883
0 0.819824 0.847656 0.133789 0.107422
0 0.975098 0.945312 0.047852 0.107422
0 0.589844 0.922363 0.093750 0.125977
0 0.958008 0.637695 0.082031 0.140625
