0 0.506836 0.670898 0.156250 0.144531
0 0.895508 0.853027 0.130859 0.151367
0 0.409180 0.581543 0.132812 0.149414
0 0.328613 0.720703 0.151367 0.128906
0 0.917480 0.677734 0.127930 0.128906
0 0.910645 0.966309 0.147461 0.065430
0 0.633789 0.930176 0.123047 0.137695
0 0.557617 0.818359 0.121094 0.136719
0 0.375488 0.950195 0.131836 0.097656
0 0.034180 0.738281 0.068359 0.140625
0 0.242676 0.465332 0.135742 0.096680
0 0.246094 0.887207 0.167969 0.143555
0 0.979980 0.741211 0.038086 0.126953
0 0.701172 0.968750 0.117188 0.060547
0 0.653320 0.740234 0.144531 0.142578
0 0.888672 0.563477 0.132812 0.130859
0 0.069336 0.992676 0.138672 0.012695
0 0.985840 0.202148 0.026367 0.140625
0 0.780273 0.782715 0.142578 0.133789
0 0.302734 0.569824 0.126953 0.147461
0 0.209473 0.663574 0.116211 0.129883
0 0.135742 0.740723 0.158203 0.129883
0 0.050781 0.867188 0.101562 0.123047
0 0.485352 0.846191 0.083984 0.129883
0 0.352051 0.798828 0.098633 0.056641
0 0.985352 0.416992 0.027344 0.123047
0 0.990234 0.311523 0.017578 0.074219
0 0.965820 0.327148 0.060547 0.113281
0 0.974121 0.512695 0.049805 0.107422
0 0.562500 0.944824 0.105469 0.108398
0 0.250000 0.972656 0.140625 0.052734
0 0.149414 0.915039 0.095703 0.119141
0 0.779297 0.879883 0.113281 0.091797
0 0.984375 0.887207 0.029297 0.143555
0 0.987793 0.622559 0.022461 0.092773
