0 0.983398 0.846680 0.031250 0.091797
0 0.984375 0.150391 0.029297 0.113281
0 0.882812 0.174805 0.099609 0.142578
0 0.935547 0.906738 0.109375 0.104492
0 0.750977 0.777344 0.119141 0.101562
0 0.770020 0.507812 0.094727 0.091797
0 0.952148 0.697266 0.093750 0.132812
0 0.889160 0.629883 0.118164 0.113281
0 0.961426 0.980957 0.075195 0.036133
0 0.873535 0.994141 0.063477 0.009766
0 0.838867 0.702637 0.119141 0.084961
0 0.936035 0.495605 0.124023 0.118164
0 0.769043 0.441895 0.108398 0.090820
0 0.834473 0.258789 0.120117 0.117188
