0 0.406250 0.034668 0.126953 0.069336
0 0.530762 0.008301 0.129883 0.016602
0 0.921875 0.294434 0.113281 0.118164
0 0.037109 0.061523 0.074219 0.123047
0 0.717285 0.141113 0.122070 0.137695
0 0.009277 0.314453 0.018555 0.130859
0 0.143555 0.036621 0.160156 0.073242
0 0.984375 0.321777 0.029297 0.116211
0 0.408691 0.147461 0.108398 0.132812
0 0.281738 0.132324 0.149414 0.139648
0 0.151367 0.407227 0.105469 0.130859
0 0.979004 0.114746 0.040039 0.124023
0 0.858887 0.004883 0.118164 0.009766
0 0.878906 0.458008 0.130859 0.156250
0 0.574707 0.156250 0.098633 0.115234
0 0.013672 0.585938 0.027344 0.105469
0 0.991211 0.478516 0.015625 0.142578
0 0.019531 0.409668 0.039062 0.090820
0 0.945312 0.397461 0.107422 0.099609
0 0.742676 0.012207 0.114258 0.024414
0 0.057617 0.202148 0.115234 0.140625
0 0.772949 0.041016 0.116211 0.082031
0 0.731445 0.449219 0.107422 0.115234
0 0.245117 0.035156 0.099609 0.070312
0 0.665527 0.016113 0.094727 0.032227
0 0.640137 0.053711 0.114258 0.105469
0 0.534180 0.063965 0.101562 0.098633
0 0.482422 0.152832 0.078125 0.141602
0 0.891113 0.183594 0.094727 0.103516
0 0.835938 0.294922 0.087891 0.101562
0 0.798828 0.276855 0.072266 0.110352
0 0.652344 0.320801 0.107422 0.098633
0 0.659180 0.428711 0.089844 0.117188
0 0.810059 0.370117 0.081055 0.072266
0 0.739746 0.308105 0.081055 0.120117
0 0.809082 0.121094 0.065430 0.091797
0 0.887695 0.068359 0.091797 0.107422
0 0.949707 0.000488 0.094727 0.000977
0 0.967773 0.019531 0.062500 0.039062
0 0.178223 0.196289 0.110352 0.162109
0 0.236816 0.298340 0.120117 0.108398
0 0.093750 0.292480 0.130859 0.092773
0 0.041992 0.869629 0.083984 0.116211
0 0.134766 0.932617 0.089844 0.099609
0 0.974121 0.536621 0.049805 0.131836
