0 0.090332 0.406250 0.110352 0.123047
0 0.765137 0.630371 0.159180 0.163086
0 0.729004 0.481934 0.131836 0.161133
0 0.811523 0.192383 0.146484 0.164062
0 0.498047 0.940430 0.128906 0.117188
0 0.558594 0.808594 0.160156 0.150391
0 0.950195 0.881348 0.097656 0.161133
0 0.413086 0.874023 0.136719 0.134766
0 0.252441 0.306641 0.131836 0.121094
0 0.938965 0.717285 0.120117 0.153320
0 0.981934 0.525391 0.034180 0.152344
0 0.904785 0.505371 0.147461 0.159180
0 0.378418 0.320801 0.124023 0.135742
0 0.948242 0.062988 0.101562 0.125977
0 0.161621 0.042480 0.129883 0.084961
0 0.020020 0.222656 0.040039 0.140625
0 0.140137 0.238770 0.092773 0.143555
0 0.990723 0.091797 0.016602 0.128906
0 0.850098 0.975586 0.151367 0.046875
0 0.645508 0.843262 0.128906 0.204102
0 0.156738 0.457520 0.125977 0.155273
