0 0.006348 0.371582 0.012695 0.118164
0 0.011719 0.243164 0.023438 0.154297
0 0.018066 0.032715 0.036133 0.065430
0 0.292480 0.636719 0.176758 0.150391
0 0.114258 0.017090 0.207031 0.034180
0 0.017578 0.972168 0.035156 0.053711
0 0.068359 0.121582 0.117188 0.149414
0 0.026855 0.146484 0.053711 0.162109
0 0.178223 0.727539 0.139648 0.216797
0 0.338379 0.767578 0.149414 0.156250
0 0.192383 0.916016 0.142578 0.166016
0 0.321289 0.909180 0.101562 0.146484
0 0.026855 0.546387 0.053711 0.165039
0 0.022461 0.732422 0.044922 0.162109
