0 0.259277 0.990234 0.127930 0.017578
0 0.062500 0.650391 0.093750 0.101562
0 0.044922 0.269531 0.089844 0.117188
0 0.002930 0.143555 0.005859 0.113281
0 0.145508 0.205566 0.132812 0.102539
0 0.119629 0.559082 0.135742 0.118164
0 0.059082 0.155273 0.110352 0.111328
0 0.106445 0.423340 0.123047 0.133789
0 0.026367 0.571289 0.052734 0.128906
0 0.190430 0.639648 0.117188 0.101562
0 0.046387 0.051758 0.092773 0.103516
0 0.354492 0.472168 0.138672 0.112305
0 0.230469 0.537598 0.132812 0.110352
0 0.143555 0.307617 0.099609 0.105469
0 0.157227 0.030762 0.117188 0.061523
0 0.186035 0.111328 0.137695 0.109375
0 0.041504 0.366699 0.083008 0.084961
0 0.255371 0.435547 0.122070 0.087891
0 0.008789 0.974121 0.017578 0.049805
0 0.045898 0.909180 0.091797 0.101562
0 0.061523 0.823730 0.123047 0.079102
0 0.027832 0.700195 0.055664 0.105469
0 0.101562 0.757324 0.119141 0.098633
0 0.147461 0.998535 0.076172 0.000977
0 0.067871 0.975098 0.069336 0.047852
