0 0.004395 0.624512 0.008789 0.116211
0 0.876953 0.714355 0.099609 0.139648
0 0.943359 0.104492 0.107422 0.109375
0 0.698730 0.250000 0.124023 0.099609
0 0.400391 0.070801 0.121094 0.118164
0 0.048828 0.611816 0.082031 0.098633
0 0.093262 0.659668 0.116211 0.135742
0 0.029785 0.726563 0.059570 0.105469
0 0.036621 0.788574 0.063477 0.059570
0 0.033691 0.883789 0.057617 0.078125
0 0.034180 0.448730 0.068359 0.124023
0 0.014160 0.233887 0.028320 0.083008
0 0.005371 0.285156 0.010742 0.050781
0 0.115234 0.512695 0.093750 0.148438
0 0.208008 0.529785 0.080078 0.129883
0 0.176270 0.412109 0.098633 0.105469
0 0.455566 0.992188 0.055664 0.013672
0 0.839844 0.018066 0.078125 0.036133
0 0.743652 0.020996 0.120117 0.041992
0 0.642578 0.039062 0.105469 0.078125
0 0.715820 0.070801 0.078125 0.061523
0 0.425293 0.000488 0.124023 0.000977
0 0.494629 0.049316 0.086914 0.098633
0 0.303223 0.009766 0.100586 0.019531
0 0.202637 0.027344 0.088867 0.054688
0 0.129883 0.002930 0.103516 0.005859
0 0.400879 0.134766 0.104492 0.062500
0 0.364746 0.171387 0.075195 0.067383
0 0.584961 0.105957 0.093750 0.112305
0 0.701172 0.157227 0.138672 0.095703
0 0.769531 0.160156 0.058594 0.117188
0 0.858398 0.128418 0.097656 0.157227
0 0.950195 0.177246 0.089844 0.067383
0 0.900879 0.235352 0.084961 0.068359
0 0.835938 0.235352 0.064453 0.109375
0 0.596680 0.314453 0.099609 0.093750
0 0.492676 0.139648 0.059570 0.068359
0 0.290039 0.073730 0.101562 0.112305
0 0.040039 0.067383 0.080078 0.095703
0 0.123047 0.114258 0.093750 0.125000
0 0.049805 0.006836 0.082031 0.013672
0 0.149414 0.225586 0.093750 0.089844
0 0.201660 0.108887 0.067383 0.114258
0 0.286621 0.208984 0.120117 0.117188
0 0.441406 0.204590 0.091797 0.110352
0 0.397949 0.319336 0.084961 0.097656
0 0.490723 0.331055 0.086914 0.105469
0 0.354004 0.283203 0.120117 0.091797
0 0.211914 0.308105 0.099609 0.120117
0 0.083496 0.274902 0.075195 0.075195
0 0.044434 0.137695 0.088867 0.060547
0 0.287109 0.360840 0.111328 0.131836
0 0.295898 0.453613 0.101562 0.069336
0 0.472168 0.421387 0.079102 0.116211
0 0.397949 0.417969 0.084961 0.087891
0 0.363770 0.506348 0.077148 0.084961
0 0.475586 0.520996 0.093750 0.120117
0 0.567383 0.423828 0.097656 0.125000
0 0.648438 0.393555 0.078125 0.095703
0 0.679199 0.346680 0.061523 0.099609
0 0.748047 0.394531 0.097656 0.101562
0 0.618164 0.533691 0.085938 0.094727
0 0.444824 0.614746 0.092773 0.120117
0 0.768555 0.702637 0.097656 0.127930
0 0.845215 0.579590 0.120117 0.118164
0 0.669922 0.696777 0.095703 0.116211
0 0.712402 0.773926 0.083008 0.063477
0 0.654785 0.791016 0.110352 0.105469
0 0.802734 0.792480 0.095703 0.079102
0 0.616699 0.655762 0.112305 0.100586
0 0.574219 0.599609 0.091797 0.105469
