0 0.927734 0.371582 0.142578 0.118164
0 0.638184 0.843262 0.153320 0.155273
0 0.095703 0.538574 0.150391 0.186523
0 0.729980 0.929688 0.141602 0.138672
0 0.016602 0.844727 0.033203 0.154297
0 0.090820 0.951660 0.166016 0.094727
0 0.239258 0.995117 0.175781 0.007812
0 0.254395 0.075195 0.168945 0.150391
0 0.918945 0.243164 0.160156 0.154297
0 0.942383 0.032715 0.113281 0.065430
0 0.310059 0.016602 0.168945 0.033203
0 0.439453 0.513672 0.125000 0.148438
0 0.660645 0.052734 0.190430 0.105469
0 0.603027 0.967773 0.155273 0.062500
0 0.040039 0.023438 0.080078 0.046875
0 0.822266 0.790039 0.185547 0.148438
0 0.444824 0.634277 0.122070 0.106445
0 0.110840 0.050293 0.166992 0.100586
0 0.070801 0.362793 0.141602 0.153320
0 0.764648 0.469727 0.134766 0.117188
0 0.465332 0.909668 0.147461 0.165039
0 0.609863 0.592285 0.168945 0.176758
0 0.348633 0.922363 0.140625 0.153320
0 0.462891 0.017578 0.158203 0.035156
0 0.245117 0.514160 0.166016 0.168945
0 0.929199 0.972168 0.139648 0.053711
0 0.175781 0.827637 0.148438 0.165039
0 0.481445 0.992676 0.144531 0.012695
0 0.783691 0.338379 0.192383 0.161133
0 0.629883 0.400391 0.160156 0.179688
0 0.710938 0.171875 0.177734 0.160156
0 0.505371 0.088379 0.155273 0.133789
0 0.627930 0.005859 0.177734 0.011719
0 0.946777 0.146484 0.104492 0.162109
0 0.565918 0.157715 0.098633 0.114258
0 0.403809 0.177246 0.149414 0.209961
0 0.244141 0.207031 0.156250 0.111328
0 0.250488 0.323242 0.194336 0.171875
0 0.382812 0.421875 0.152344 0.216797
0 0.473145 0.270996 0.124023 0.104492
0 0.559082 0.244141 0.098633 0.076172
0 0.043457 0.161133 0.086914 0.146484
0 0.854004 0.694336 0.235352 0.117188
0 0.885254 0.547852 0.190430 0.167969
0 0.985352 0.546387 0.027344 0.165039
0 0.972656 0.732422 0.052734 0.162109
0 0.405273 0.756348 0.146484 0.165039
0 0.291992 0.616211 0.156250 0.146484
0 0.276367 0.714844 0.130859 0.115234
0 0.158203 0.621094 0.085937 0.091797
0 0.006836 0.514160 0.013672 0.139648
0 0.051270 0.702148 0.102539 0.152344
0 0.812012 0.935059 0.083008 0.127930
0 0.081543 0.232422 0.163086 0.119141
