0 0.793457 0.814453 0.106445 0.132812
0 0.572754 0.938477 0.100586 0.113281
0 0.714844 0.001953 0.107422 0.003906
0 0.462402 0.062012 0.102539 0.114258
0 0.513672 0.518066 0.138672 0.120117
0 0.918945 0.202148 0.105469 0.117188
0 0.410645 0.603027 0.133789 0.120117
0 0.687012 0.782227 0.110352 0.117188
0 0.627930 0.188965 0.117187 0.120117
0 0.839355 0.688477 0.116211 0.121094
0 0.636719 0.568848 0.109375 0.118164
0 0.354492 0.961914 0.115234 0.074219
0 0.482910 0.950195 0.118164 0.097656
0 0.942383 0.624512 0.113281 0.116211
0 0.736816 0.241211 0.110352 0.109375
0 0.292969 0.461426 0.101562 0.143555
0 0.900879 0.813965 0.127930 0.133789
0 0.849121 0.979004 0.098633 0.040039
0 0.911133 0.967285 0.083984 0.063477
0 0.802246 0.032227 0.110352 0.064453
0 0.678223 0.058105 0.102539 0.106445
0 0.594238 0.029785 0.098633 0.059570
0 0.546387 0.079590 0.129883 0.100586
0 0.509277 0.156250 0.106445 0.072266
0 0.974609 0.726563 0.048828 0.105469
0 0.914063 0.045898 0.115234 0.091797
0 0.869141 0.114258 0.134766 0.091797
0 0.811523 0.137695 0.089844 0.085938
0 0.879395 0.222168 0.081055 0.118164
0 0.870117 0.330078 0.087891 0.093750
0 0.948242 0.420898 0.101562 0.117188
0 0.933105 0.475586 0.090820 0.074219
0 0.836914 0.389160 0.105469 0.073242
0 0.396484 0.090820 0.054687 0.099609
0 0.997070 0.448730 0.003906 0.124023
0 0.845215 0.459473 0.079102 0.067383
0 0.973145 0.233887 0.051758 0.083008
0 0.737305 0.323242 0.085938 0.072266
0 0.960938 0.285156 0.076172 0.050781
0 0.084961 0.404297 0.078125 0.080078
0 0.342773 0.320801 0.093750 0.069336
0 0.580078 0.363281 0.082031 0.105469
0 0.552734 0.293945 0.113281 0.119141
0 0.400879 0.490723 0.104492 0.135742
0 0.234863 0.613281 0.112305 0.097656
0 0.564941 0.649414 0.081055 0.126953
0 0.408203 0.773926 0.089844 0.122070
0 0.355957 0.742188 0.083008 0.107422
0 0.503906 0.825684 0.111328 0.127930
0 0.981445 0.067383 0.035156 0.095703
0 0.992676 0.137695 0.012695 0.060547
