0 0.762695 0.186035 0.107422 0.116211
0 0.833496 0.733398 0.098633 0.107422
0 0.354492 0.022461 0.115234 0.044922
0 0.482910 0.004883 0.118164 0.009766
0 0.796387 0.632324 0.110352 0.112305
0 0.776855 0.519043 0.106445 0.125977
0 0.895508 0.448730 0.109375 0.127930
0 0.821777 0.323730 0.092773 0.077148
0 0.826660 0.113281 0.114258 0.121094
0 0.849121 0.028320 0.098633 0.056641
0 0.911133 0.017578 0.083984 0.035156
0 0.974609 0.102539 0.048828 0.125000
0 0.988770 0.395996 0.020508 0.112305
0 0.621582 0.383789 0.063477 0.130859
0 0.573242 0.034180 0.119141 0.060547
0 0.588379 0.107422 0.106445 0.066406
