0 0.667969 0.237793 0.152344 0.149414
0 0.977051 0.478027 0.043945 0.172852
0 0.443359 0.120605 0.125000 0.114258
0 0.996582 0.844727 0.004883 0.144531
0 0.922852 0.836426 0.150391 0.143555
0 0.733887 0.088379 0.141602 0.135742
0 0.769043 0.292969 0.133789 0.140625
0 0.986816 0.077637 0.024414 0.155273
0 0.756836 0.853027 0.158203 0.155273
0 0.952637 0.307129 0.092773 0.149414
0 0.523926 0.452637 0.133789 0.131836
0 0.811523 0.604980 0.128906 0.141602
0 0.853516 0.407715 0.181641 0.151367
0 0.530273 0.029785 0.136719 0.059570
0 0.629395 0.342285 0.159180 0.100586
0 0.706055 0.623047 0.091797 0.142578
0 0.934570 0.691406 0.128906 0.152344
0 0.930176 0.546387 0.083008 0.118164
0 0.979004 0.956543 0.040039 0.084961
