0 0.679688 0.593262 0.107422 0.120117
0 0.935547 0.712891 0.126953 0.107422
0 0.366699 0.745605 0.104492 0.106445
0 0.619629 0.846680 0.124023 0.097656
0 0.262695 0.825684 0.125000 0.110352
0 0.519531 0.738281 0.115234 0.103516
0 0.421387 0.674316 0.096680 0.114258
0 0.596191 0.647461 0.110352 0.105469
0 0.836426 0.930176 0.122070 0.106445
0 0.460449 0.798340 0.104492 0.110352
0 0.085449 0.858887 0.104492 0.112305
0 0.499512 0.653320 0.090820 0.082031
0 0.625000 0.764648 0.101562 0.111328
0 0.298828 0.695313 0.107422 0.113281
0 0.727539 0.892090 0.091797 0.098633
0 0.534668 0.878418 0.104492 0.145508
0 0.212402 0.483398 0.081055 0.091797
0 0.239746 0.578125 0.129883 0.103516
0 0.152344 0.591797 0.087891 0.099609
0 0.161621 0.677246 0.057617 0.061523
0 0.122070 0.679688 0.052734 0.087891
0 0.164062 0.757324 0.107422 0.100586
0 0.719727 0.698242 0.126953 0.085938
0 0.849121 0.736328 0.096680 0.101562
0 0.723145 0.764160 0.116211 0.075195
0 0.722168 0.820801 0.118164 0.067383
0 0.830566 0.840820 0.116211 0.097656
0 0.887695 0.812988 0.080078 0.086914
0 0.839844 0.985840 0.078125 0.026367
0 0.743652 0.971680 0.120117 0.054688
0 0.642578 0.988770 0.105469 0.020508
0 0.402344 0.861816 0.097656 0.090820
0 0.425293 0.946289 0.124023 0.105469
0 0.494629 0.979980 0.086914 0.038086
0 0.303223 0.954102 0.100586 0.089844
0 0.202637 0.982910 0.088867 0.032227
0 0.129883 0.954590 0.103516 0.088867
0 0.049805 0.963379 0.082031 0.071289
0 0.169922 0.842285 0.074219 0.073242
