0 0.4610272988505747 0.4609375 0.028735632183908066 0.039870689655172376
0 0.25170617816091956 0.4757543103448276 0.032866379310344807 0.04040948275862072
0 0.45806393678160917 0.7541756465517242 0.02855603448275862 0.04876077586206906
0 0.532507183908046 0.5111799568965517 0.024066091954022983 0.041756465517241326
0 0.5148168103448276 0.6600215517241379 0.019935344827586188 0.04148706896551724
0 0.44306752873563215 0.4362877155172414 0.024425287356321823 0.04121767241379315
0 0.7113864942528736 0.48504849137931033 0.03196839080459768 0.03744612068965514
0 0.6423311781609196 0.5355603448275863 0.02532327586206895 0.04040948275862066
0 0.7229705459770115 0.5637122844827587 0.02460488505747116 0.03636853448275856
0 0.46614583333333337 0.578125 0.026760057471264365 0.03717672413793105
0 0.6711566091954023 0.4090786637931034 0.025143678160919558 0.040678879310344807
0 0.5779454022988506 0.4156788793103448 0.023347701149425304 0.036099137931034475
0 0.42825071839080464 0.47467672413793105 0.02783764367816094 0.03556034482758619
0 0.6269755747126436 0.41635237068965514 0.026221264367816133 0.036907327586206906
0 0.5088002873563218 0.7171336206896552 0.029454022988505746 0.03340517241379304
0 0.639996408045977 0.6089709051724138 0.02532327586206895 0.03690732758620685
0 0.5365481321839081 0.46282327586206895 0.023527298850574696 0.03556034482758619
0 0.6434985632183908 0.7517510775862069 0.025502873563218342 0.04337284482758619
0 0.3135775862068966 0.44612068965517243 0.029454022988505746 0.04094827586206895
0 0.5352909482758621 0.5518588362068966 0.027119252873563204 0.03690732758620685
0 0.6370330459770115 0.7874461206896551 0.02083333333333326 0.0350215517241379
0 0.6906429597701149 0.3511584051724138 0.02676005747126431 0.04498922413793105
0 0.6713362068965518 0.7926993534482758 0.023347701149425304 0.03636853448275856
0 0.6089260057471264 0.4692887931034483 0.021372126436781658 0.03178879310344829
0 0.44746767241379315 0.7062230603448276 0.02855603448275862 0.04552801724137934
0 0.6681932471264367 0.7574084051724137 0.021012931034482762 0.03744612068965514
0 0.30675287356321834 0.6173221982758621 0.02801724137931033 0.04121767241379315
0 0.3748204022988506 0.68359375 0.030531609195402265 0.047683189655172376
0 0.6076688218390804 0.3923760775862069 0.02604166666666674 0.03960129310344829
0 0.2833153735632184 0.4889547413793104 0.029274425287356354 0.040948275862069006
0 0.2654454022988506 0.5849946120689655 0.022988505747126464 0.0315193965517242
0 0.484375 0.5335398706896551 0.022629310344827624 0.040140086206896575
0 0.5738146551724138 0.2959321120689655 0.022629310344827624 0.03313577586206895
0 0.3401580459770115 0.4905711206896552 0.03053160919540232 0.04256465517241381
0 0.6294899425287356 0.646551724137931 0.02765804597701149 0.0393318965517242
0 0.37652658045977017 0.7847521551724138 0.019576149425287348 0.039870689655172376
0 0.4703663793103448 0.5016163793103449 0.02227011494252873 0.03771551724137928
0 0.436871408045977 0.5433728448275863 0.024245689655172376 0.03771551724137934
0 0.3679956896551724 0.4795258620689655 0.02478448275862072 0.038793103448275856
0 0.7384159482758621 0.41716056034482757 0.0274784482758621 0.03960129310344829
0 0.5433728448275863 0.5948275862068966 0.02460488505747127 0.04040948275862066
0 0.5330459770114943 0.6294450431034483 0.02765804597701149 0.037984913793103425
0 0.5347521551724138 0.6710668103448276 0.029992816091954033 0.04418103448275856
0 0.3536278735632184 0.7824622844827587 0.02765804597701149 0.03960129310344829
0 0.6360452586206897 0.697198275862069 0.025682471264367845 0.03663793103448276
0 0.41244612068965514 0.40422952586206895 0.02496408045977011 0.02667025862068967
0 0.5679777298850575 0.5588631465517242 0.027837643678160884 0.03852370689655171
0 0.6656788793103449 0.5955010775862069 0.0274784482758621 0.034213362068965525
0 0.4130747126436781 0.5206088362068966 0.03089080459770116 0.03960129310344829
0 0.4334590517241379 0.7467672413793103 0.026041666666666685 0.04633620689655171
0 0.4756645114942529 0.6877693965517242 0.03250718390804597 0.04310344827586199
0 0.5835129310344827 0.46713362068965514 0.02227011494252873 0.032866379310344807
0 0.576239224137931 0.5040409482758621 0.027837643678160884 0.04256465517241376
0 0.5604346264367817 0.6159752155172413 0.023527298850574696 0.03960129310344829
0 0.31887571839080464 0.576104525862069 0.026041666666666685 0.03744612068965525
0 0.5550466954022988 0.4803340517241379 0.021012931034482762 0.035021551724137956
0 0.4967672413793104 0.55078125 0.021551724137931105 0.032058189655172376
0 0.4879669540229885 0.4800646551724138 0.026580459770114917 0.039331896551724144
0 0.6464619252873564 0.39682112068965514 0.026400862068965525 0.04040948275862072
0 0.6947737068965518 0.7702047413793103 0.023527298850574696 0.04418103448275856
0 0.280621408045977 0.5127963362068966 0.035739942528735635 0.040140086206896575
0 0.3253412356321839 0.6325431034482758 0.02460488505747127 0.03879310344827591
0 0.587194683908046 0.7199622844827587 0.02819683908045978 0.04660560344827591
0 0.53125 0.4313038793103448 0.024425287356321768 0.036099137931034475
0 0.4249281609195402 0.869073275862069 0.024066091954022983 0.044181034482758674
0 0.37823275862068967 0.5712553879310345 0.030172413793103425 0.0466056034482758
0 0.6671156609195403 0.4416756465517241 0.023527298850574696 0.030980603448275856
0 0.6012033045977012 0.6813038793103448 0.025682471264367845 0.03879310344827591
0 0.32309626436781613 0.787042025862069 0.029094827586206906 0.0428340517241379
0 0.5786637931034483 0.3275862068965517 0.0237068965517242 0.03556034482758619
0 0.41011135057471265 0.7296605603448276 0.0274784482758621 0.040140086206896575
0 0.36530172413793105 0.6364493534482758 0.029454022988505746 0.04121767241379304
0 0.2802622126436782 0.6765894396551724 0.02460488505747127 0.03636853448275856
0 0.33315373563218387 0.7186153017241379 0.023706896551724144 0.0390625
0 0.6038972701149425 0.509967672413793 0.029274425287356243 0.043103448275862044
0 0.34087643678160917 0.6641971982758621 0.033405172413793094 0.04175646551724144
0 0.5601652298850575 0.3316271551724138 0.026939655172413812 0.038793103448275856
0 0.4807830459770115 0.6154364224137931 0.027298850574712596 0.04445043103448276
0 0.5113146551724138 0.4917834051724138 0.026221264367816133 0.036907327586206906
0 0.45195761494252873 0.627020474137931 0.020653735632183867 0.029903017241379337
0 0.42349137931034486 0.4330549568965517 0.02334770114942525 0.040678879310344807
0 0.6430495689655172 0.36530172413793105 0.02388649425287359 0.03125
0 0.4063397988505747 0.45891702586206895 0.021372126436781602 0.03582974137931033
0 0.6224856321839081 0.37338362068965514 0.02442528735632188 0.04579741379310348
0 0.39278017241379315 0.48019935344827586 0.029094827586206906 0.03582974137931039
0 0.5930316091954023 0.37028556034482757 0.02155172413793105 0.03960129310344829
0 0.3751795977011494 0.5150862068965517 0.02262931034482757 0.033943965517241326
0 0.6678340517241379 0.3679956896551724 0.022090517241379337 0.04579741379310348
0 0.6966594827586207 0.3907596982758621 0.02981321839080464 0.03044181034482757
0 0.34976652298850575 0.5340786637931034 0.02460488505747127 0.02936422413793105
0 0.2814295977011494 0.5525323275862069 0.025143678160919503 0.03125
0 0.7188397988505747 0.4190463362068966 0.021372126436781658 0.033135775862069006
0 0.6949533045977012 0.4172952586206896 0.02747844827586199 0.02424568965517243
0 0.29445043103448276 0.4535290948275862 0.02388649425287359 0.05037715517241376
0 0.6928879310344828 0.4379040948275862 0.023347701149425193 0.02235991379310348
0 0.304058908045977 0.5204741379310345 0.022629310344827624 0.02909482758620685
0 0.6439475574712643 0.44989224137931033 0.022090517241379337 0.051724137931034475
0 0.45707614942528735 0.5092941810344828 0.015445402298850608 0.03582974137931033
0 0.5739044540229885 0.3782327586206896 0.01778017241379315 0.03394396551724138
0 0.43256106321839083 0.4962284482758621 0.01813936781609199 0.015625000000000056
0 0.5587284482758621 0.3908943965517241 0.02442528735632188 0.03394396551724138
0 0.561871408045977 0.36179956896551724 0.027119252873563315 0.020474137931034475
0 0.5454382183908046 0.3661099137931034 0.01113505747126442 0.03125
0 0.5539691091954023 0.4172952586206896 0.0231681034482758 0.029633620689655193
0 0.6138649425287357 0.43521012931034486 0.023706896551724088 0.027747844827586243
0 0.6013829022988506 0.5354256465517242 0.02460488505747127 0.022359913793103536
0 0.6264367816091954 0.5008081896551724 0.022629310344827513 0.04471982758620696
0 0.5906968390804597 0.5424299568965517 0.016163793103448287 0.041756465517241326
0 0.662176724137931 0.5026939655172413 0.025143678160919558 0.04633620689655171
0 0.615301724137931 0.6103178879310345 0.022629310344827624 0.037984913793103425
0 0.688757183908046 0.5030980603448276 0.028017241379310276 0.040140086206896575
0 0.5951867816091954 0.60546875 0.02011494252873558 0.039601293103448176
0 0.6046156609195402 0.5657327586206897 0.020653735632183867 0.03987068965517249
0 0.6863326149425287 0.46726831896551724 0.0231681034482758 0.03852370689655171
0 0.5806393678160919 0.5942887931034483 0.0193965517241379 0.02532327586206895
0 0.7119252873563218 0.4547413793103448 0.028017241379310387 0.03125
0 0.47126436781609193 0.5418911637931034 0.019396551724137956 0.04067887931034486
0 0.43193247126436785 0.5739493534482758 0.019396551724137956 0.04283405172413801
0 0.41379310344827586 0.5501077586206896 0.025862068965517238 0.026400862068965525
0 0.3952945402298851 0.5282866379310345 0.017600574712643702 0.03286637931034475
0 0.4542025862068966 0.5991379310344828 0.030531609195402265 0.02909482758620685
0 0.6042564655172413 0.6452047413793103 0.017420977011494254 0.03987068965517249
0 0.6508620689655172 0.6388739224137931 0.02011494252873569 0.03690732758620696
0 0.670617816091954 0.6544989224137931 0.023347701149425304 0.03690732758620696
0 0.6987248563218391 0.5734105603448276 0.02388649425287359 0.053609913793103425
0 0.6654992816091954 0.5680226293103448 0.031070402298850497 0.030980603448275912
0 0.7184806034482759 0.591864224137931 0.015625 0.028017241379310276
0 0.6916307471264368 0.6103178879310345 0.013649425287356243 0.032058189655172376
0 0.6777119252873564 0.529229525862069 0.016702586206896575 0.0234375
0 0.7094109195402298 0.5126616379310345 0.02083333333333337 0.02532327586206895
0 0.4992816091954023 0.6342941810344828 0.017241379310344807 0.039601293103448176
0 0.5139188218390804 0.5720635775862069 0.01634339080459768 0.024515086206896464
0 0.5111350574712643 0.5185883620689655 0.02083333333333337 0.02532327586206895
0 0.554058908045977 0.5206088362068966 0.015804597701149392 0.03960129310344829
0 0.5669899425287357 0.45568426724137934 0.016882183908046078 0.02613146551724138
0 0.6281429597701149 0.736260775862069 0.02244971264367812 0.03286637931034475
0 0.6192528735632183 0.7186153017241379 0.01795977011494254 0.037984913793103425
0 0.608746408045977 0.7392241379310345 0.017420977011494254 0.028556034482758674
0 0.6837284482758621 0.720635775862069 0.028017241379310387 0.0387931034482758
0 0.586566091954023 0.6410290948275863 0.016882183908045967 0.027747844827586188
0 0.5812679597701149 0.646551724137931 0.01849856321839083 0.0387931034482758
0 0.5613326149425287 0.6491109913793103 0.020294540229885083 0.030441810344827513
0 0.5729166666666667 0.6744342672413793 0.02083333333333337 0.0352909482758621
0 0.4734195402298851 0.6390086206896551 0.01975574712643674 0.030172413793103425
0 0.4894037356321839 0.5699084051724138 0.016882183908045967 0.0272090517241379
0 0.29965876436781613 0.6461476293103448 0.029274425287356298 0.027747844827586188
0 0.31375718390804597 0.7235991379310345 0.016882183908045967 0.0393318965517242
0 0.35793821839080464 0.7424568965517241 0.02801724137931033 0.042025862068965525
0 0.3549748563218391 0.7024515086206897 0.01526580459770116 0.03259698275862066
0 0.4520474137931034 0.8271821120689655 0.026939655172413757 0.035829741379310276
0 0.43301005747126436 0.8298760775862069 0.025143678160919558 0.034213362068965525
0 0.3714080459770115 0.8205818965517242 0.02227011494252873 0.03340517241379304
0 0.3672772988505747 0.8512931034482758 0.023347701149425304 0.028017241379310387
0 0.40490301724137934 0.8908943965517242 0.02280890804597696 0.04040948275862066
0 0.414691091954023 0.9443696120689655 0.02227011494252873 0.02559267241379315
0 0.4306752873563218 0.9834321120689655 0.028735632183908066 0.03313577586206895
0 0.4600395114942529 0.875 0.0274784482758621 0.036099137931034475
0 0.4780890804597701 0.9008620689655172 0.024066091954022983 0.0350215517241379
0 0.5805495689655172 0.9066540948275862 0.01346982758620685 0.037984913793103425
0 0.44764727011494254 0.943426724137931 0.021731321839080442 0.03771551724137934
0 0.48311781609195403 0.9391163793103448 0.00933908045977011 0.04148706896551724
0 0.5164331896551724 0.5914601293103448 0.022090517241379337 0.03259698275862066
0 0.4070581896551724 0.6390086206896551 0.01885775862068967 0.036099137931034475
0 0.5550466954022988 0.44760237068965514 0.015265804597701105 0.025592672413793094
0 0.6522090517241379 0.7828663793103448 0.019935344827586188 0.022090517241379337
0 0.5869252873563219 0.7459590517241379 0.0193965517241379 0.016702586206896575
