0 1252.5 1842.0 159 168
0 1826.5 1813.5 129 131
0 3005.0 1404.5 160 121
0 2849.5 3440.0 183 164
0 1594.0 1909.5 148 167
0 1795.0 3516.5 128 147
0 2160.5 2243.0 177 166
0 2701.5 1887.5 157 159
0 2229.5 924.0 121 154
0 2146.0 1575.5 154 191
0 1229.5 2089.0 155 162
0 3227.0 2485.5 160 191
0 1114.5 3192.5 195 167
0 2795.5 1991.0 145 172
0 1598.5 2158.5 185 161
0 2010.0 1889.0 144 158
0 1414.0 3515.0 138 158
0 1368.5 1687.0 161 182
0 2141.0 2048.0 170 196
0 2293.0 2132.0 180 186
0 1582.5 2014.0 161 130
0 1876.0 721.0 106 118
0 2308.5 1099.0 173 158
0 3001.5 1273.0 189 158
0 698.5 2822.0 159 128
0 778.0 2544.0 190 162
0 3032.0 1013.5 154 155
0 1558.0 2895.0 182 216
0 2365.5 973.5 173 169
0 707.5 2148.0 209 190
0 1870.5 1433.5 133 155
0 1933.5 2505.5 125 139
0 2498.0 1550.0 128 152
0 2330.5 847.5 137 131
0 573.0 2848.0 158 124
0 3371.5 1676.0 181 154
0 1769.0 2382.0 136 122
0 2636.0 2541.5 144 175
0 2769.5 3288.5 149 159
0 1627.0 2407.5 124 127
0 602.0 2620.5 194 179
0 2724.5 1056.5 195 151
0 2665.5 2071.0 159 176
0 1912.5 2324.0 149 194
0 957.0 2258.0 208 212
0 1495.0 1825.5 174 163
0 3189.0 978.5 212 161
0 2569.5 692.0 163 194
0 2052.5 985.5 155 173
0 2890.0 1833.0 190 152
0 1243.0 1636.5 156 183
0 793.5 2359.5 185 193
0 2503.5 1673.5 125 109
0 2161.5 1041.5 171 171
0 3322.0 2518.5 108 151
0 2120.5 1395.5 145 157
0 2484.0 2362.0 134 142
0 1742.0 2874.0 180 196
0 2831.0 1505.0 138 120
0 2865.0 2317.5 168 145
0 2524.5 1955.5 151 169
0 1565.0 1704.0 174 164
0 2672.5 1630.5 173 181
0 1421.5 2109.5 167 155
0 2405.0 1973.0 144 166
0 1274.5 3163.0 129 158
0 929.5 3283.0 181 186
0 1373.0 2833.0 182 186
0 2450.5 803.0 147 170
0 2522.0 974.0 162 172
0 1826.5 936.5 99 139
0 1758.0 1702.5 184 155
0 1614.5 2696.5 187 191
0 2030.5 2603.0 205 184
0 2647.0 854.0 178 144
0 1733.5 2271.0 175 180
0 1778.5 2548.0 189 198
0 2299.0 1550.5 170 173
0 3018.0 2079.0 180 174
0 2228.0 1871.5 152 169
0 3077.0 2505.0 146 192
0 2635.0 2306.0 170 192
0 2541.0 2117.0 148 166
0 1930.5 1747.0 153 170
0 2850.5 1370.5 197 165
0 2013.0 2144.5 122 151
0 1984.5 3062.0 137 178
0 2693.0 1434.0 164 184
0 2776.0 1200.0 182 164
0 2351.0 2392.5 100 133
0 1941.5 852.0 221 160
0 2565.5 1114.5 159 137
0 2691.0 964.0 182 144
0 3142.0 1148.5 120 153
0 3045.5 1174.0 163 166
0 2627.5 1185.5 101 117
0 2461.5 1205.5 153 215
0 2298.0 1236.0 160 114
0 2304.5 1355.0 199 176
0 2440.0 1456.0 156 222
0 2532.5 1301.5 127 107
0 2620.5 1274.0 101 78
0 2013.0 1189.0 248 150
0 3254.5 1769.0 143 222
0 3418.5 1810.0 153 160
0 3269.0 1969.5 146 185
0 3401.0 1955.0 104 150
0 2922.5 1735.0 241 120
0 2954.5 1585.0 195 172
0 3085.0 1583.5 84 169
0 3067.5 1774.0 101 166
0 2463.0 1798.5 150 169
0 2347.0 1655.0 160 150
0 2331.0 1756.0 134 118
0 2210.0 1660.0 88 94
0 2008.5 1550.5 107 143
0 1935.0 1544.5 130 137
0 2085.0 1743.0 136 156
0 1763.5 1947.0 165 186
0 1924.0 1993.5 140 163
0 1815.0 2096.5 176 159
0 1170.5 1680.0 195 178
0 1331.5 1902.5 135 141
0 1080.0 1619.5 120 137
0 1154.5 1860.0 101 130
0 1131.0 1992.0 202 140
0 2336.0 2269.0 176 134
0 2453.0 2134.0 92 170
0 2475.5 2237.0 111 114
0 2805.0 2121.0 156 130
0 2879.5 1986.0 85 140
0 2235.0 2416.0 150 218
0 2081.5 2415.5 157 231
0 2923.5 2513.5 173 205
0 3026.0 2644.0 156 114
0 3188.5 2671.5 171 163
0 2888.0 2161.0 146 176
0 3308.0 2414.0 192 176
0 2740.0 2225.0 98 96
0 2854.0 2497.0 176 192
0 1103.0 2123.0 138 104
0 2990.5 2710.5 137 189
0 2702.0 2632.5 140 149
0 2016.5 2896.5 157 169
0 2093.0 2727.0 134 118
0 1932.0 2730.0 156 202
0 1197.0 2704.0 212 150
0 1067.0 2870.5 264 157
0 1039.0 3044.5 156 179
0 805.0 2661.5 202 153
0 1052.0 2371.5 182 121
0 1323.0 2479.0 176 192
0 1568.5 2291.5 211 137
0 2067.0 3523.5 100 187
0 1261.0 3611.0 154 182
0 1729.0 3638.0 190 144
0 2756.5 3534.5 127 165
0 2812.5 3663.5 195 93
0 2824.5 2630.0 105 90
0 2106.5 1262.0 217 122
0 1889.5 1152.0 97 158
0 1836.5 1858.0 109 136
0 2744.0 607.5 110 123
0 3006.0 730.0 130 110
0 2423.5 763.5 107 109
0 1610.5 1985.0 103 116
0 2682.5 867.0 127 100
0 2317.0 845.5 128 113
0 1756.0 970.0 110 116
0 1497.5 1087.5 105 117
0 1550.0 1554.5 142 123
0 1965.0 1231.0 108 120
0 1444.5 1641.5 137 123
0 1727.5 1825.0 113 120
0 1667.0 1217.5 120 123
0 2580.0 756.0 118 106
0 2479.5 690.5 99 117
0 2658.5 663.0 113 108
0 2535.5 2171.0 87 108
0 1668.0 960.5 86 107
0 2904.5 952.5 125 109
0 2519.5 817.5 107 113
0 1805.0 2238.5 110 119
0 2135.5 879.5 107 115
0 1877.5 2799.0 101 110
0 1883.5 1729.0 119 124
0 2559.5 669.0 93 84
0 1676.0 1606.5 112 121
0 1387.0 2032.5 118 123
0 2688.0 783.0 104 114
0 1518.5 2002.5 121 111
0 1994.0 1663.5 126 119
0 2946.0 1755.5 102 143
0 2354.0 712.0 110 116
0 3014.0 1131.0 110 112
0 2763.5 1280.0 127 102
0 2458.0 1096.5 124 121
0 2793.0 913.5 94 101
0 1778.5 1271.0 113 112
0 1324.0 1496.5 104 147
0 2595.5 899.5 107 149
0 1946.5 1857.5 131 137
0 2265.5 495.0 83 94
0 1839.5 2695.5 113 115
0 1819.5 2579.5 109 129
0 2293.5 592.0 133 106
0 1941.0 2507.5 112 131
0 2204.0 606.0 90 102
0 1865.5 2379.5 95 79
0 2213.5 693.5 59 63
0 2173.0 696.0 54 90
0 1870.5 2164.0 117 124
0 1893.5 2056.0 101 100
0 2216.0 775.5 110 103
0 1638.0 903.0 112 114
0 1957.0 2033.0 86 102
0 2047.0 2153.0 100 128
0 1845.5 1033.0 113 114
0 1718.5 1083.5 105 109
0 2110.5 2217.0 65 106
0 2098.0 1650.5 84 101
0 1632.5 1039.5 101 91
0 2143.5 1699.5 119 139
0 1583.5 1105.5 133 103
0 1545.5 1184.0 109 74
0 2053.0 1768.0 112 108
0 2085.5 1831.5 65 61
0 1960.0 1064.5 118 107
0 2080.0 2453.5 108 115
0 1914.0 1141.0 138 94
0 2539.0 2392.0 66 102
0 1855.0 1165.0 92 88
0 1924.5 1251.5 83 121
0 1660.5 2441.0 65 134
0 1611.0 2083.0 122 62
0 1915.0 1362.0 90 96
0 1626.5 2158.0 109 68
0 1995.5 1455.0 105 120
0 1979.5 1511.0 93 76
0 2082.5 1929.0 59 80
0 1881.0 1422.5 108 75
0 1430.0 1117.0 56 102
0 2080.5 1483.5 75 127
0 1889.5 1494.5 81 69
0 2035.5 1263.5 83 85
0 1779.0 1355.0 88 74
0 2014.0 1316.0 90 52
0 1111.0 1438.0 80 82
0 1375.0 1352.5 96 71
0 2166.0 1549.0 96 152
0 2261.0 1566.5 82 133
0 1618.0 1396.0 84 108
0 1590.0 1325.0 116 122
0 2228.5 1446.0 101 108
0 1434.5 1526.5 107 139
0 2514.5 2077.0 57 88
0 1264.5 1652.0 115 100
0 2785.0 715.0 130 88
0 2917.5 754.0 99 104
0 1602.5 1689.0 83 130
0 2788.5 782.5 119 77
0 1442.0 1816.5 92 125
0 2787.5 840.5 121 69
0 1388.5 1784.0 85 110
0 2898.5 861.0 119 100
0 1540.0 1869.5 114 131
0 2957.0 832.5 82 89
0 2908.0 1028.5 80 65
0 2809.5 1017.0 123 100
0 2706.0 1053.0 108 102
0 2781.0 1096.5 80 63
0 2460.0 882.5 100 93
0 2483.5 970.0 127 110
0 2554.5 1054.5 89 141
0 2358.5 987.5 103 113
0 2255.5 1035.0 91 90
0 2181.0 981.0 106 98
0 2458.5 1162.0 107 64
0 2421.5 1199.5 77 69
0 2647.0 1132.5 96 115
0 2766.0 1185.0 142 98
0 2836.0 1188.0 60 120
0 2927.0 1155.5 100 161
0 3021.0 1205.5 92 69
0 2970.5 1265.0 87 70
0 2904.0 1265.0 66 112
0 2659.0 1346.0 102 96
0 2552.5 1167.0 61 70
0 2345.0 1099.5 104 115
0 2070.5 1093.0 119 98
0 2174.0 1141.0 96 128
0 2099.0 994.0 84 88
0 2201.0 1255.0 96 92
0 2254.5 1135.5 69 117
0 2341.5 1238.0 123 120
0 2500.0 1233.5 94 113
0 2455.5 1351.0 87 100
0 2550.5 1363.0 89 108
0 2410.5 1314.0 123 94
0 2265.0 1339.5 102 123
0 2133.5 1305.5 77 77
0 2086.5 1165.0 105 62
0 2222.0 862.5 76 75
0 2342.0 1393.5 114 135
0 2351.0 1488.5 104 71
0 2531.5 1455.5 81 119
0 2455.5 1452.0 87 90
0 2420.5 1542.5 79 87
0 2535.0 1557.5 96 123
0 2629.0 1458.0 100 128
0 2712.0 1427.0 80 98
0 2743.5 1379.0 63 102
0 2814.0 1428.0 100 104
0 2681.0 1570.5 88 97
0 2503.5 1653.5 95 123
0 2835.0 1743.5 100 131
0 2913.5 1617.5 123 121
0 2734.0 1737.5 98 119
0 2777.5 1816.5 85 65
0 2718.5 1834.0 113 108
0 2870.0 1835.5 98 81
0 2679.5 1695.5 115 103
0 2636.0 1638.0 94 108
0 3607.5 1207.5 111 113
0 2805.0 1732.0 126 124
0 2542.0 1432.0 116 110
0 2289.5 1301.0 105 104
0 3706.5 1257.5 105 109
0 2060.5 1891.0 91 94
0 3361.0 2280.0 98 128
0 2970.5 1901.0 137 126
0 2078.5 1178.0 123 116
0 2820.5 1410.5 97 111
0 3704.0 1528.0 124 114
0 3053.0 1246.0 100 98
0 2635.0 1504.5 104 115
0 2260.5 2120.0 129 118
0 2890.5 2010.0 141 122
0 2285.5 1568.5 121 139
0 3814.5 1215.5 135 105
0 3152.0 1293.5 102 93
0 2511.0 2000.0 106 114
0 2569.0 1127.5 100 131
0 3337.0 980.5 96 115
0 2714.0 1211.5 106 119
0 2537.5 1273.5 129 129
0 2193.5 1448.5 91 89
0 2768.0 2038.0 110 120
0 1928.0 1203.0 102 146
0 3705.5 1139.5 105 119
0 2578.0 2297.0 72 130
0 2768.0 1612.5 96 95
0 2065.5 2265.5 113 119
0 3224.5 1838.0 107 96
0 3079.0 1340.0 102 104
0 3001.0 1802.0 98 108
0 3717.0 1421.0 94 104
0 1982.0 1952.5 112 107
0 3417.0 1895.5 124 119
0 3166.5 1396.5 91 99
0 3180.0 1619.0 130 112
0 3416.5 1395.5 97 97
0 2684.5 2099.0 121 134
0 3058.5 1577.5 115 101
0 2441.0 1319.0 112 112
0 3181.5 2072.5 117 123
0 3317.0 1370.5 106 95
0 3553.5 1362.0 129 140
0 3079.0 1697.5 122 119
0 3815.5 1102.5 111 117
0 2785.0 1926.5 130 117
0 2273.5 1734.0 121 118
0 2989.0 1399.0 102 108
0 2648.5 1965.5 103 125
0 3257.5 1961.5 115 135
0 2627.0 1192.0 102 124
0 1793.0 1820.0 122 104
0 3806.5 1495.5 127 105
0 2298.5 1875.5 135 141
0 3423.5 2196.0 107 116
0 2457.5 2416.5 99 107
0 2785.5 1288.0 119 122
0 3368.0 1791.0 102 110
0 2378.0 1610.5 106 119
0 1812.5 1544.0 97 94
0 2162.5 1796.0 137 118
0 2146.0 1941.0 106 114
0 3232.0 978.0 116 122
0 3660.5 1325.5 123 121
0 3550.0 1945.5 106 119
0 3566.0 1783.0 102 106
0 3516.5 1255.5 107 105
0 3531.0 2237.0 114 124
0 2125.5 2116.5 121 117
0 2016.0 1738.0 130 136
0 2568.5 2446.0 113 124
0 2172.0 1317.0 128 124
0 3632.0 2264.0 106 140
0 2304.5 1404.0 117 106
0 2594.5 1577.0 105 108
0 1934.5 1669.0 121 116
0 2577.5 2071.5 119 125
0 3485.5 1793.5 95 97
0 2635.5 1316.0 133 110
0 2648.0 2196.5 108 123
0 3217.5 1150.0 89 102
0 3450.5 1182.0 97 96
0 2935.5 1695.0 65 90
0 3499.0 1124.5 88 119
0 2619.5 1795.5 93 109
0 2683.5 1751.5 57 79
0 3606.0 1112.0 90 76
0 3764.0 1571.0 82 60
0 3388.0 1104.0 94 88
0 3140.5 1079.0 55 82
0 3802.5 1424.0 85 80
0 3213.0 1064.0 84 58
0 3849.0 1411.0 48 84
0 2990.5 1326.5 99 57
0 3299.0 1117.5 64 87
0 2742.0 1331.5 122 97
0 3138.0 1170.5 42 65
0 2631.0 1369.0 104 52
0 3178.5 1225.0 89 76
0 3316.5 1217.0 117 74
0 3722.0 1808.5 74 63
0 3243.0 1321.5 72 85
0 3644.0 1841.5 64 95
0 3066.5 1482.0 85 116
0 3146.5 1503.5 75 101
0 3258.0 1468.0 128 112
0 3377.0 1514.0 96 118
0 3468.0 1487.5 86 143
0 3598.0 1532.5 82 117
0 3803.5 1290.0 99 64
0 3851.5 1324.5 75 91
0 3927.5 1330.0 121 112
0 3775.5 1352.5 85 73
0 3435.0 1307.0 92 76
0 2872.0 1505.5 88 101
0 2805.5 1520.0 87 110
0 2754.5 1420.0 69 90
0 2888.5 1354.5 103 119
0 2701.0 1422.5 48 89
0 2603.0 1681.0 56 92
0 2695.0 1665.5 114 99
0 2901.5 1569.5 73 67
0 2849.0 1609.0 74 60
0 3125.5 1784.0 103 92
0 3202.0 1719.5 76 83
0 3277.5 1756.5 95 91
0 3334.5 1658.5 67 113
0 3344.5 1561.0 101 92
0 3479.5 1613.5 89 101
0 3640.5 1597.0 85 66
0 3761.0 1729.0 100 110
0 3660.0 1736.5 74 145
0 3560.0 1695.5 130 99
0 3105.5 1852.0 99 108
0 3136.0 1937.5 82 83
0 3409.5 2048.0 97 110
0 3334.5 2076.0 103 106
0 3380.0 2153.5 124 97
0 3158.5 2151.5 69 59
0 3509.5 2334.0 85 108
0 3442.5 2286.0 95 90
0 3313.0 1861.0 82 116
0 3506.0 1885.5 68 101
0 2865.0 1809.5 78 91
0 2767.0 1771.5 94 95
0 2341.0 2138.5 74 117
0 2294.0 2236.5 70 97
0 2176.5 2220.0 113 92
0 2443.0 2750.0 108 126
0 2284.5 2897.0 117 108
0 2292.5 3009.0 97 112
0 2635.0 3051.5 110 129
0 2457.0 2842.5 98 73
0 2294.5 2780.0 131 112
0 2702.0 2632.5 74 95
0 2635.0 2650.0 74 114
0 2702.0 2722.0 60 90
0 2644.0 2891.0 92 142
0 2642.5 2540.0 97 106
0 2693.0 2453.5 74 103
0 2722.5 2529.0 45 112
0 2376.5 2613.5 85 87
0 2490.5 2625.5 101 127
0 2360.5 2469.5 99 99
0 2238.5 2478.0 85 110
0 2084.0 2631.0 60 138
0 2249.0 2317.0 92 92
0 2163.0 2380.5 100 115
0 2231.5 2016.0 119 108
0 2013.5 2085.0 87 150
0 1918.5 2095.5 65 117
0 1883.0 1743.5 122 87
0 1982.5 1531.5 127 121
0 1811.5 1476.5 111 93
0 1878.5 1289.0 123 120
0 2447.0 1447.0 76 104
0 2970.0 1471.5 106 85
0 2958.5 1611.5 61 97
0 2567.0 1711.0 160 148
0 1401.5 1766.0 183 150
0 2550.5 2799.5 159 181
0 2965.0 1897.5 134 155
0 2866.5 2450.0 111 154
0 2467.0 1619.5 136 153
0 3961.0 1800.5 178 139
0 3576.5 1988.0 141 150
0 4025.5 2092.5 137 135
0 2595.5 2146.0 149 138
0 3737.0 1518.5 140 151
0 3218.0 1543.0 130 134
0 2384.5 1762.0 155 132
0 3491.0 1545.5 146 137
0 2833.0 2662.0 164 124
0 3563.5 2260.5 141 137
0 2987.5 1718.0 131 132
0 3583.0 2790.5 142 161
0 1746.0 1656.0 164 152
0 2980.5 2048.5 151 137
0 3547.0 2923.0 116 130
0 3845.5 1303.5 149 167
0 3738.0 2942.5 130 135
0 3390.5 1742.0 119 118
0 2491.5 2621.5 159 169
0 3720.5 2811.5 117 139
0 1708.0 2291.5 156 153
0 2087.0 2537.5 170 177
0 3383.5 1456.5 145 147
0 1577.5 1815.0 163 152
0 1478.0 2171.5 128 117
0 2697.0 1980.5 126 149
0 3195.0 1098.5 126 123
0 1894.0 1821.0 170 158
0 3505.0 2400.0 154 146
0 2096.5 2913.0 109 148
0 2619.0 1862.0 124 140
0 2432.5 2017.0 135 140
0 2049.0 1780.0 138 144
0 4111.5 1548.5 153 147
0 3025.5 2208.0 137 150
0 2968.0 2336.5 154 141
0 2977.5 2491.0 167 164
0 1969.0 2904.5 154 147
0 3541.5 2588.0 143 136
0 2296.5 1500.5 139 99
0 3162.5 2074.5 155 143
0 3706.5 2210.5 153 127
0 2300.0 1932.5 172 147
0 2413.5 2772.0 145 172
0 2648.5 2553.0 181 160
0 3249.0 1734.0 124 122
0 3208.5 1871.0 155 158
0 3120.5 2286.5 131 147
0 1775.5 2138.5 145 139
0 3090.5 1783.0 117 130
0 2766.0 2044.5 120 119
0 2717.0 1782.0 148 146
0 3599.5 1473.0 147 150
0 3868.5 2859.0 131 164
0 1562.5 1903.5 199 149
0 1811.5 2348.0 137 144
0 3269.5 2672.5 157 173
0 2958.0 1601.0 136 134
0 2366.0 3226.0 134 164
0 2106.0 2120.5 168 173
0 3714.5 1639.5 131 115
0 3347.5 2529.0 143 144
0 1799.0 2921.5 162 159
0 3222.0 1216.0 132 132
0 2283.5 2708.5 153 149
0 2034.0 2362.5 164 153
0 1560.5 2511.5 137 135
0 1855.0 2667.5 132 145
0 3362.5 1893.0 163 160
0 1898.0 2465.5 186 155
0 3119.0 1231.0 150 144
0 2677.0 2284.5 152 165
0 2847.0 1825.5 146 137
0 2516.5 2327.5 115 111
0 2358.0 1607.5 130 151
0 3580.5 1356.0 133 116
0 2262.5 1703.5 119 133
0 3466.0 1386.0 136 170
0 2187.0 1782.5 162 133
0 3302.0 1374.5 120 147
0 2089.0 1912.0 126 126
0 3718.5 1366.0 123 170
0 3879.0 1450.5 166 113
0 1947.5 1982.5 137 109
0 1567.0 2051.0 140 116
0 4002.5 1555.5 119 123
0 3869.5 1549.0 153 90
0 1639.5 1683.5 133 187
0 3858.0 1625.5 130 83
0 1693.0 1932.0 126 108
0 3585.5 1670.0 123 192
0 2545.0 1890.5 86 133
0 3195.5 1404.0 99 126
0 2408.5 1842.0 101 58
0 3111.0 1451.0 136 126
0 3128.5 1343.0 151 76
0 3037.0 1359.0 62 116
0 3084.5 1549.0 129 110
0 3418.0 1615.5 132 103
0 3348.5 1987.5 137 83
0 3488.0 1859.0 126 166
0 3289.0 2013.5 90 155
0 3687.0 1866.0 140 172
0 3426.0 2265.5 126 141
0 3835.0 1867.5 156 149
0 3314.0 2247.5 112 147
0 3366.5 2100.0 115 148
0 3821.5 1734.5 129 143
0 3233.0 2206.0 108 94
0 3964.0 1688.0 156 116
0 2624.0 2011.5 108 151
0 2405.0 2130.5 108 159
0 2304.0 2042.0 144 98
0 2201.0 1961.0 98 122
0 2529.0 2224.0 170 108
0 3364.5 2395.0 97 148
0 3624.0 2371.5 112 137
0 3734.0 2429.5 130 137
0 3890.5 2128.5 133 199
0 3705.5 2108.5 173 115
0 4000.5 2197.0 87 104
0 3851.0 2265.5 76 119
0 3773.5 1964.5 93 87
0 3950.0 1903.0 116 94
0 2780.0 2354.5 96 147
0 2861.5 2123.5 91 91
0 2846.0 1925.0 116 94
0 3085.0 1932.5 88 147
0 3157.0 1691.5 94 97
0 3497.5 2733.0 125 122
0 3448.0 2667.5 100 141
0 3389.5 2744.0 97 106
0 3807.0 2675.0 156 144
0 3266.0 2379.5 94 103
0 3236.5 2400.0 103 144
0 3125.5 2409.5 113 113
0 3190.0 2503.5 116 131
0 2636.0 2372.0 110 112
0 2725.0 2115.5 94 101
0 1668.5 2398.5 163 103
0 1747.0 2686.0 94 146
0 1993.0 2756.0 156 156
0 1976.5 2607.5 85 121
0 2517.0 3070.5 150 133
0 2411.0 3080.5 140 127
0 2068.0 3046.0 124 124
0 2045.0 3160.0 130 104
0 2254.5 3307.0 127 150
0 2309.0 3505.5 124 95
0 2398.0 3650.5 160 123
0 2561.5 3248.0 153 134
0 2662.0 3344.0 134 130
0 3232.5 3365.5 75 141
0 2492.5 3502.0 121 140
0 2690.0 3486.0 52 154
0 2875.5 2195.5 123 121
0 2266.5 2372.0 105 134
0 3090.5 1661.5 85 95
0 3631.5 2906.0 111 82
0 3268.0 2769.0 108 62
0 1813.0 1459.0 142 168
0 2193.5 1165.5 143 147
0 4562.0 2901.5 158 173
0 2390.0 1426.5 130 125
0 2556.5 2033.5 159 119
0 4650.5 2310.5 185 185
0 4306.0 1970.0 140 132
0 2288.5 1761.5 133 115
0 3068.5 2124.5 183 151
0 2505.5 2233.5 155 149
0 2196.5 1543.5 133 139
0 2941.5 1994.0 131 140
0 2034.5 2045.5 161 141
0 3087.5 1520.5 157 187
0 2869.5 3103.5 165 151
0 3051.0 2753.5 154 165
0 1768.5 1840.0 163 144
0 2087.5 1245.0 151 150
0 2362.5 2595.0 147 146
0 3822.5 2351.0 135 142
0 4621.0 1963.5 186 177
0 2686.0 2142.0 162 162
0 3174.0 1007.0 154 136
0 3213.0 1787.5 156 167
0 1700.5 2056.5 133 137
0 4742.0 2081.5 222 195
0 1974.0 1442.0 174 142
0 3209.5 884.5 147 127
0 4473.0 2018.0 168 162
0 3398.0 1221.5 116 119
0 2215.0 2063.0 170 154
0 2881.5 1342.0 141 140
0 2494.0 1832.5 170 143
0 2746.5 2861.5 151 137
0 2894.0 2165.0 158 150
0 2788.0 2027.0 160 160
0 4404.5 1780.5 159 141
0 4443.5 2580.5 193 173
0 2674.5 1518.0 115 118
0 4564.5 1794.5 137 155
0 2877.0 891.0 150 152
0 4072.5 2151.0 177 164
0 4170.0 2014.5 154 167
0 2421.0 1046.0 136 122
0 2909.5 2812.0 169 180
0 2085.0 1115.5 144 109
0 2939.0 1777.0 160 148
0 2332.5 1214.5 107 119
0 2272.0 1080.5 136 161
0 3265.0 1214.0 158 146
0 1409.5 1546.5 183 141
0 3501.0 1149.5 112 127
0 4720.0 1795.0 192 158
0 1640.0 1772.5 180 153
0 2541.5 1207.5 137 139
0 4504.5 2258.5 147 157
0 3086.0 2532.0 154 154
0 3389.5 1421.0 131 142
0 3936.5 1814.0 177 156
0 4429.0 1901.0 154 142
0 2958.0 2422.5 164 181
0 3177.5 1377.0 177 162
0 2593.5 1600.5 135 135
0 2115.5 1784.5 173 145
0 3024.0 2932.5 166 165
0 2125.0 968.5 148 189
0 1772.5 1633.0 151 162
0 4765.0 2432.5 180 175
0 2446.5 1683.0 163 150
0 2951.0 1618.0 156 146
0 1517.5 1514.5 153 165
0 1992.5 1884.5 149 177
0 3329.5 1360.0 151 168
0 2277.0 1423.0 138 146
0 3062.0 859.5 142 143
0 2589.5 1730.0 147 126
0 1899.0 1589.0 134 120
0 2955.5 1471.5 141 145
0 4088.5 1752.0 163 156
0 2821.0 2505.0 148 124
0 1480.5 1682.5 139 121
0 4948.5 2359.0 175 164
0 4569.5 2155.0 153 152
0 4334.5 2116.0 165 148
0 2800.5 2656.0 189 176
0 2498.5 2606.5 139 163
0 1604.5 1648.0 169 152
0 1666.5 1496.0 153 168
0 2982.0 1000.5 148 155
0 2146.0 1928.5 152 149
0 2376.5 2259.0 129 138
0 2246.5 1261.0 145 162
0 3031.5 2267.0 165 142
0 3226.0 1553.0 180 172
0 1751.0 1950.5 168 137
0 2141.0 1401.5 144 157
0 2835.5 1386.0 97 144
0 2747.0 1156.5 140 113
0 3546.0 1321.5 94 97
0 3081.5 1127.0 151 134
0 3271.5 1123.5 145 77
0 3476.5 1271.5 81 103
0 3393.0 1118.5 110 87
0 3448.0 1467.5 138 95
0 2604.5 1411.5 145 117
0 4253.0 1750.0 148 94
0 4258.0 1853.0 188 138
0 2453.5 1297.0 111 108
0 4108.5 1892.5 147 129
0 2437.5 1164.0 95 132
0 2628.0 1245.5 106 113
0 3822.0 1963.0 182 144
0 2715.0 1306.5 102 111
0 4027.5 2032.0 179 120
0 3941.0 2130.5 156 179
0 2793.5 1234.0 123 136
0 4148.0 2290.5 132 179
0 2919.0 1183.0 128 114
0 4088.0 2323.5 100 157
0 3025.0 1266.0 136 124
0 2464.5 1557.0 153 128
0 3803.5 2674.0 125 150
0 3943.5 2712.0 147 176
0 2294.0 1610.5 140 123
0 2078.5 1587.0 117 102
0 4156.5 2766.5 185 179
0 2023.5 1689.0 117 136
0 4264.5 2956.5 145 175
0 4418.0 2939.5 132 173
0 1891.5 1740.0 151 144
0 3872.5 2908.0 119 166
0 1850.0 2092.5 128 217
0 1948.0 2046.0 68 162
0 3993.5 3027.0 103 148
0 2031.0 2134.0 140 108
0 4139.0 2967.5 144 167
0 2294.5 1897.0 149 144
0 4070.5 3182.5 119 175
0 3883.5 3275.0 103 172
0 2156.0 1670.5 102 121
0 3921.0 3089.5 110 141
0 2436.5 1903.5 119 127
0 3813.0 3102.0 94 210
0 2397.5 2001.0 121 106
0 2434.5 2104.5 131 129
0 3093.5 3400.0 91 160
0 2289.0 2125.5 134 125
0 2977.0 2614.5 116 157
0 2575.0 1931.5 132 119
0 2860.0 2363.5 82 113
0 4443.5 2429.5 119 139
0 2662.0 1855.0 128 102
0 4086.0 2459.5 176 135
0 2749.0 1883.5 128 143
0 2765.0 1742.0 160 140
0 4283.5 2492.0 131 182
0 4614.5 2677.5 179 169
0 2796.0 1600.5 132 143
0 3066.0 1898.5 124 133
0 3181.0 2128.5 66 175
0 2887.5 1892.0 137 110
0 4010.5 2857.5 127 163
0 2645.0 2303.5 108 133
0 2330.5 2402.5 153 171
0 2502.0 2336.0 110 90
0 2538.5 2446.5 131 139
0 2692.5 2423.0 151 146
0 2849.5 2241.5 159 111
0 2737.0 2289.5 102 153
0 2680.0 2576.0 126 168
0 2455.5 2702.5 151 67
0 2314.0 2643.5 124 139
0 2308.5 2757.5 179 111
0 2394.5 2813.0 153 172
0 2549.5 2793.0 117 150
0 2628.0 2637.0 142 158
0 2712.5 2748.0 129 100
0 3107.0 1998.0 170 122
0 2652.0 1968.5 96 129
0 3366.5 1734.0 157 118
0 3043.5 1677.0 113 144
0 3382.5 1596.5 161 137
0 3486.0 1582.5 86 101
0 2149.0 1789.0 124 114
0 1689.0 2032.5 116 107
0 3337.5 2083.0 131 108
0 3136.0 1690.0 96 104
0 1464.5 2790.5 105 131
0 2851.5 1889.5 115 123
0 2380.5 1536.5 109 111
0 2464.0 2056.5 130 125
0 2246.0 1597.0 100 102
0 3099.0 1300.0 130 120
0 2591.5 1998.5 133 133
0 3014.0 1171.0 128 116
0 3221.0 1234.5 136 105
0 1779.5 3345.0 139 148
0 2597.5 1133.5 111 121
0 2992.0 2349.5 116 121
0 2059.5 2108.5 129 131
0 1709.5 2298.0 107 128
0 2293.0 1719.0 114 114
0 1868.5 1590.5 97 107
0 1860.0 3038.0 108 108
0 2973.0 1770.0 120 132
0 2215.5 1896.0 125 126
0 1779.5 3199.5 129 139
0 3194.5 1596.5 139 121
0 3132.5 1183.0 113 114
0 1756.0 2069.5 112 123
0 2925.5 1248.5 123 119
0 3181.0 1457.5 126 137
0 2520.0 1891.0 122 134
0 1412.0 1793.5 140 131
0 2792.5 1654.5 121 105
0 3070.0 1609.0 112 132
0 2991.0 1359.5 120 137
0 3267.0 1679.0 120 104
0 2835.5 1187.5 121 123
0 2782.5 2192.5 125 141
0 2098.5 1893.0 117 120
0 2013.5 2370.0 107 134
0 1797.0 3478.0 134 124
0 2703.5 1241.0 139 118
0 2185.5 1675.5 111 121
0 2195.0 2046.0 164 154
0 3097.0 2377.5 112 119
0 1669.5 1910.5 123 135
0 2466.5 2199.0 111 136
0 3111.0 1061.5 112 137
0 2572.0 1395.5 98 103
0 1776.5 1702.5 105 123
0 2336.5 2183.5 153 143
0 2203.0 2465.0 108 134
0 3099.0 2165.5 138 127
0 1073.0 2281.5 114 119
0 2927.5 1998.5 121 119
0 2948.0 2517.0 134 160
0 1625.5 2784.5 109 105
0 2636.5 2208.0 101 118
0 3435.0 1507.5 142 115
0 2027.0 2648.0 98 108
0 1907.0 2842.5 142 143
0 3301.0 2194.5 124 129
0 3116.5 2538.0 123 146
0 1314.0 2109.5 120 115
0 1887.5 1716.5 147 125
0 1330.5 2841.5 103 111
0 1803.0 2879.0 112 142
0 2133.0 1446.0 128 118
0 1349.5 2510.5 111 147
0 2029.5 2467.5 117 93
0 3017.5 2455.0 113 102
0 2715.0 1419.0 120 106
0 1591.5 2262.0 131 128
0 2479.0 1740.5 120 113
0 1522.0 2655.0 96 116
0 1939.0 3130.5 140 151
0 2808.5 2015.0 117 116
0 3308.0 1574.5 136 113
0 2096.5 2255.0 139 144
0 2978.5 1881.0 127 116
0 1388.5 2674.5 123 115
0 1948.0 2720.5 130 121
0 2633.5 1798.5 133 135
0 3219.0 1339.0 102 108
0 1968.0 2211.0 140 144
0 1654.5 2683.5 131 133
0 2839.5 2077.0 119 110
0 2797.0 2508.0 110 118
0 2182.5 1529.0 113 126
0 1640.5 2152.5 131 103
0 1878.0 2090.5 132 127
0 2808.0 1546.5 128 133
0 1964.5 1549.5 115 115
0 2299.0 2066.5 102 107
0 2469.5 1622.5 111 117
0 2046.0 1394.0 114 138
0 1447.0 2266.0 136 122
0 1529.0 1942.5 138 137
0 3229.0 2380.5 118 133
0 3233.0 1013.0 120 148
0 3262.5 1138.0 141 112
0 2995.0 1086.0 112 82
0 2906.0 1136.5 88 99
0 2700.5 1043.5 117 109
0 2670.0 996.0 88 98
0 2755.0 1135.5 130 85
0 2594.0 1270.5 96 159
0 2707.0 1339.5 124 101
0 2857.5 1424.5 117 101
0 2837.0 1354.5 88 67
0 2801.5 1307.5 59 85
0 2575.5 1532.5 91 99
0 2687.5 1542.0 117 122
0 2922.5 1531.0 109 144
0 3004.5 1467.5 115 85
0 3106.5 1399.5 101 87
0 3333.5 1470.0 125 90
0 2989.5 1563.5 69 101
0 2913.0 1658.5 106 101
0 3001.5 1657.5 61 77
0 2876.0 1747.5 74 93
0 2811.0 1794.5 72 85
0 2744.0 1742.5 104 115
0 2671.5 1662.5 101 93
0 2573.0 1664.0 90 106
0 2465.5 1492.5 119 93
0 1963.5 1415.5 119 131
0 1885.0 1425.0 80 122
0 1808.0 1827.5 96 115
0 2002.0 1762.5 90 117
0 1982.0 1644.0 130 72
0 2113.5 1585.5 91 83
0 2271.5 1510.0 99 90
0 2754.0 1894.0 100 124
0 2678.0 1909.0 118 94
0 2729.5 2018.5 97 125
0 2703.5 2103.0 117 108
0 2595.0 2113.5 104 101
0 2542.0 2204.5 80 145
0 2960.5 2236.0 97 106
0 2904.0 2350.0 90 104
0 2866.0 2331.5 74 113
0 2716.0 2376.5 110 101
0 2723.0 2487.0 92 120
0 2877.5 2427.0 83 74
0 2805.5 2363.5 83 123
0 2876.5 2172.0 67 94
0 2957.0 2118.0 94 110
0 3020.5 1996.0 97 106
0 3048.5 2042.0 83 92
0 3107.0 1955.0 118 104
0 3131.0 1867.5 134 81
0 3091.0 1741.0 76 108
0 3176.0 1799.5 122 101
0 3223.0 2119.0 78 146
0 3141.5 2038.5 71 81
0 2386.5 1809.0 111 92
0 1913.5 1812.5 125 99
0 1974.0 1871.5 106 97
0 1886.0 1931.5 116 97
0 2060.0 1984.0 104 102
0 2384.0 1950.5 120 141
0 2230.5 2249.0 113 166
0 2290.5 2353.5 123 111
0 2144.0 2347.5 134 95
0 1158.5 2273.5 117 99
0 1251.0 2217.0 136 116
0 1226.5 2353.0 153 110
0 1207.0 2490.0 90 122
0 1223.0 2792.5 146 123
0 1282.0 2636.5 92 115
0 1562.0 2518.0 118 118
0 1669.5 2456.0 97 168
0 1692.5 2609.5 111 97
0 1809.5 2611.5 101 133
0 1684.5 2963.0 119 148
0 1590.0 2923.5 96 127
0 1435.0 2869.5 104 119
0 1569.5 3273.0 81 142
0 1698.0 3056.0 158 108
0 2074.5 2938.5 119 119
0 2186.0 3003.0 92 102
0 1988.0 3317.5 126 185
0 3070.5 2597.5 101 135
0 3197.5 2523.5 77 159
0 2381.5 1657.0 101 100
0 2495.5 1556.5 83 67
0 3743.5 1752.5 151 127
0 2771.5 1379.0 143 146
0 2043.0 927.5 150 151
0 1131.5 147.0 167 176
0 1719.5 2155.0 163 188
0 2823.5 3262.5 131 163
0 2726.0 3024.0 132 154
0 3503.0 2110.0 120 114
0 3913.5 2482.5 145 133
0 2779.0 2146.5 148 153
0 3859.5 2347.0 161 134
0 2656.5 2898.0 115 118
0 2183.0 1484.5 162 117
0 2128.5 742.0 151 150
0 1797.0 2310.0 140 148
0 1116.5 1440.0 113 126
0 1365.0 2690.0 154 172
0 2516.5 2997.0 135 160
0 3290.0 1813.5 116 101
0 2589.0 2476.0 132 146
0 3077.5 2621.0 147 132
0 1807.5 1669.5 163 167
0 3715.5 2028.0 139 140
0 2929.0 2390.0 116 132
0 2703.5 2348.0 153 164
0 2411.0 1977.5 104 117
0 2874.5 2815.0 101 122
0 3591.5 1958.5 115 127
0 2954.0 2041.5 124 93
0 2262.5 2200.5 165 181
0 1770.5 1517.5 135 165
0 3163.5 2720.5 103 119
0 3391.5 2013.5 117 119
0 3752.0 1881.0 144 148
0 1855.0 1221.0 150 168
0 3748.0 2161.0 130 124
0 2756.5 2818.5 127 133
0 4015.5 2358.5 107 111
0 1534.0 1999.5 132 145
0 1596.0 1852.0 164 154
0 3015.5 2759.5 139 167
0 2015.0 1926.5 136 165
0 2396.5 1658.0 139 120
0 3469.0 1893.0 144 136
0 2346.0 1763.5 112 105
0 1447.0 1919.0 140 138
0 3117.5 1552.5 153 123
0 1198.5 383.0 163 192
0 2555.5 2262.5 139 161
0 2624.5 3051.5 119 151
0 2873.5 2262.0 115 136
0 3355.0 2562.5 148 153
0 2920.0 1282.5 144 143
0 2615.0 1325.5 144 145
0 2694.0 1569.5 124 127
0 3468.5 2230.5 139 133
0 2965.0 1948.0 140 136
0 3087.5 2011.0 137 144
0 3634.0 2415.5 148 145
0 2894.0 1540.5 132 119
0 3329.5 1891.5 125 121
0 2961.0 1664.5 134 165
0 3752.5 2490.5 119 135
0 1282.5 1338.0 135 124
0 2831.5 1863.5 131 127
0 3118.0 1697.5 166 153
0 1997.0 1758.5 146 157
0 2748.0 3145.5 124 111
0 3630.5 2123.0 125 128
0 2438.0 1508.0 122 128
0 2088.5 1562.0 153 156
0 1950.5 1541.5 151 163
0 3867.5 2216.5 139 123
0 2558.0 3146.5 120 125
0 1411.5 1352.5 127 139
0 3008.0 2499.0 124 118
0 3372.0 1718.0 122 104
0 2310.5 1874.0 173 136
0 2526.5 2758.0 129 142
0 3720.0 2292.5 126 135
0 3101.0 1860.5 144 141
0 2974.5 1808.5 147 135
0 1487.5 352.0 175 166
0 2506.0 1453.0 140 130
0 3022.0 2165.5 144 157
0 2179.0 2090.0 130 134
0 2158.5 1001.5 151 147
0 2698.0 2633.5 128 147
0 2004.0 1088.0 122 130
0 2852.0 2516.5 126 131
0 2831.5 1992.5 123 129
0 2443.0 2458.0 126 112
0 2492.5 1851.0 141 132
0 2904.5 1416.5 119 115
0 1344.5 390.5 153 179
0 857.5 859.0 187 172
0 3607.0 1762.0 114 136
0 1189.5 1052.0 133 118
0 3563.5 1690.5 121 147
0 989.5 1252.0 151 144
0 4107.0 2414.5 158 103
0 1167.5 1268.5 95 147
0 4020.5 2530.0 117 136
0 2081.5 1118.0 103 132
0 3548.5 2680.5 91 129
0 3603.5 2546.5 129 111
0 2390.0 1415.5 132 95
0 3365.0 2096.5 122 129
0 3023.5 1452.5 143 169
0 3481.0 1790.0 110 80
0 2807.0 1540.5 92 125
0 3198.0 1969.5 66 125
0 2683.5 1479.5 169 107
0 2612.0 1579.0 136 136
0 3231.0 1892.5 88 125
0 2504.0 1608.0 66 84
0 3238.5 2076.5 95 125
0 3135.5 2107.5 125 121
0 2737.0 1740.5 150 129
0 2797.5 1703.5 117 151
0 3183.0 2209.0 88 132
0 2588.5 1725.5 117 121
0 2946.5 2635.0 91 154
0 2526.0 1737.0 96 114
0 2878.5 2640.5 133 165
0 2636.0 2800.0 96 102
0 1894.5 2102.0 155 206
0 2447.0 2313.5 136 173
0 1964.5 2418.0 117 176
0 2052.5 2230.5 147 169
0 1514.5 2783.5 135 187
0 1685.0 1887.5 132 209
0 1246.5 2412.5 129 143
0 1842.5 2795.5 121 175
0 1268.5 2223.0 143 154
0 1004.5 2212.5 143 125
0 1692.5 2816.5 115 159
0 1057.5 2128.0 117 154
0 1624.5 2622.0 99 166
0 1184.5 1492.5 129 159
0 2548.0 1982.5 110 129
0 2688.0 1940.5 110 161
0 2637.5 2093.0 111 156
0 2888.5 2112.5 91 107
0 3018.0 2284.0 132 122
0 3137.5 2315.5 107 147
0 3323.0 2252.5 176 125
0 3383.0 2394.0 114 172
0 3532.0 2344.5 140 95
0 3459.0 2449.0 110 136
0 3266.0 2377.5 114 155
0 3067.5 2399.5 143 81
0 3170.5 2421.5 91 103
0 3163.5 2479.0 99 136
0 3480.5 2607.5 103 187
0 2101.5 1642.5 125 149
0 1354.5 2042.0 177 158
0 2411.5 1475.5 139 127
0 3038.0 1120.5 144 151
0 2105.5 2958.0 123 148
0 2385.5 2419.5 175 159
0 1990.5 3047.5 107 135
0 3171.0 2506.0 146 152
0 3256.0 1805.5 128 131
0 3439.5 1328.0 143 128
0 2461.5 1574.0 113 114
0 2196.0 1608.0 126 140
0 2650.0 2231.0 108 104
0 2039.5 1704.5 121 133
0 1372.5 3071.0 121 120
0 3406.5 1632.0 131 108
0 2534.0 1370.5 136 113
0 3013.0 1017.5 144 113
0 1093.0 2992.0 132 124
0 2183.5 3221.0 115 136
0 1776.5 1850.5 177 143
0 1315.5 2929.5 133 151
0 3140.5 983.0 129 154
0 2562.5 1576.0 123 124
0 2512.5 2170.5 123 127
0 1455.5 3169.5 125 147
0 2904.5 2133.5 125 127
0 1803.0 1489.0 126 150
0 2107.5 1960.5 139 129
0 3264.5 2217.0 159 166
0 3313.0 2524.5 118 133
0 3296.5 1169.5 151 111
0 2707.0 1348.0 162 100
0 2478.5 1834.5 141 137
0 2451.0 1698.0 148 132
0 2200.0 2080.0 148 158
0 1670.5 2546.5 109 147
0 1686.0 2721.0 108 136
0 1748.5 1664.0 135 124
0 3309.0 1563.5 166 139
0 3146.0 2693.5 144 151
0 3062.0 1770.5 138 163
0 3073.0 2500.0 122 136
0 1186.5 1896.0 163 148
0 1835.0 2436.0 156 148
0 3222.0 2613.0 144 132
0 2335.5 2306.0 115 114
0 1668.5 2241.0 127 168
0 2401.5 2057.5 127 121
0 3160.5 1598.5 133 145
0 1644.0 2861.5 124 153
0 2043.0 2388.5 166 169
0 2320.5 1608.0 129 132
0 3251.0 1667.0 116 122
0 3268.5 905.5 145 175
0 2118.0 2561.5 168 173
0 3278.5 1407.0 163 154
0 1665.5 3057.0 151 146
0 2665.5 1868.5 173 145
0 2547.0 1992.5 144 175
0 3114.5 2354.5 145 137
0 1877.5 1736.5 135 113
0 2245.0 2502.0 154 188
0 1917.0 1467.5 138 159
0 1974.5 3193.0 163 170
0 3301.5 1275.0 131 114
0 1259.5 3148.5 101 101
0 2942.0 1215.5 148 133
0 3169.0 1268.0 138 126
0 2260.5 1842.5 131 127
0 3547.0 1333.0 142 140
0 2645.0 2103.5 154 145
0 2132.5 1813.0 131 136
0 1581.0 2111.0 134 132
0 2978.0 2622.0 124 138
0 1102.0 2154.0 154 180
0 2938.0 1982.5 136 151
0 2881.0 1851.5 120 111
0 1860.0 1651.0 140 120
0 1557.5 2392.5 163 137
0 1553.5 2928.5 101 117
0 2311.0 3322.0 120 142
0 850.0 2361.0 182 160
0 2204.0 2298.5 184 171
0 2545.5 1238.5 123 129
0 2535.5 1040.0 139 122
0 2185.5 1743.5 117 129
0 2694.0 1249.5 182 131
0 2898.5 2310.0 149 168
0 3175.5 1125.5 127 125
0 3309.5 1057.0 171 130
0 2565.0 1724.0 120 138
0 1857.0 3265.0 136 152
0 3037.0 2110.0 144 142
0 2024.0 1534.5 150 151
0 2721.0 1444.0 136 130
0 1179.0 2802.0 146 152
0 2846.0 1708.0 122 98
0 1952.5 2545.5 149 171
0 2726.5 2333.0 137 140
0 3399.0 2019.5 116 179
0 2068.5 3574.0 163 174
0 1431.0 2495.0 198 112
0 3091.0 1959.5 136 135
0 2789.0 2202.0 136 132
0 2832.0 1168.5 108 103
0 3533.0 1966.5 162 129
0 1736.0 1476.0 122 164
0 1551.0 2696.0 170 156
0 3157.0 2084.0 132 146
0 2845.0 1601.0 154 142
0 2372.0 1927.0 108 124
0 2872.0 1433.5 134 129
0 1513.5 1972.5 137 145
0 1041.0 2298.5 170 133
0 2073.5 2073.0 123 122
0 1937.0 1905.0 148 140
0 1438.0 2592.0 108 120
0 3458.0 2542.0 136 146
0 3524.5 2094.5 125 117
0 1374.5 2735.0 165 162
0 3490.5 2212.5 113 131
0 2845.0 2513.0 136 134
0 1299.5 2545.5 133 113
0 2657.0 1154.0 154 82
0 1019.0 2428.5 176 139
0 2811.0 2127.0 112 152
0 3043.0 1344.0 142 200
0 1910.5 2044.0 107 152
0 2818.5 1996.0 117 126
0 2253.5 2688.0 147 184
0 1053.0 2600.5 154 153
0 1805.0 1954.5 126 75
0 2880.0 1331.0 146 90
0 2363.5 2562.0 93 158
0 1655.5 1790.0 179 152
0 2973.0 1550.0 120 182
0 1206.5 2664.5 131 145
0 2729.0 1993.0 120 120
0 3074.5 1451.5 125 85
0 1957.0 3451.0 148 120
0 2418.0 2290.0 118 152
0 3239.0 1978.5 152 113
0 3181.0 1366.5 116 89
0 1880.0 3651.0 142 122
0 2945.5 1770.0 109 112
0 2803.0 1779.5 128 99
0 2699.5 1599.5 163 173
0 2260.0 3170.5 128 139
0 2187.5 2840.5 131 139
0 2247.0 1943.5 112 91
0 2617.5 1473.0 85 94
0 2542.0 1479.0 86 102
0 2175.0 2188.5 134 115
0 2016.5 2674.0 119 108
0 2542.5 2341.5 131 187
0 2686.0 1709.0 118 76
0 2070.5 2722.5 131 119
0 2982.5 1674.0 111 90
0 2968.0 2205.5 128 69
0 1725.0 3372.5 122 191
0 1817.5 3547.5 131 137
0 3070.0 1647.5 64 85
0 3081.5 2200.5 99 107
0 1648.5 3648.0 123 128
0 3061.0 1547.5 92 97
0 3353.0 2682.5 128 195
0 3451.5 1515.5 165 113
0 3276.5 2734.5 125 117
0 2868.0 2621.0 94 126
0 3429.5 1429.0 135 88
0 2901.5 1080.5 123 161
0 3024.0 2451.0 112 128
0 3005.5 2275.0 69 80
0 2726.0 1106.5 142 127
0 1443.5 2161.5 149 121
0 2655.0 967.0 174 138
0 2626.5 861.5 123 93
0 2009.5 1305.0 115 128
0 2444.0 1517.5 126 121
0 1041.0 1466.5 170 129
0 3392.0 1412.0 116 102
0 3287.0 1568.5 136 121
0 2070.0 1669.0 118 122
0 2776.0 1302.5 124 127
0 2170.0 1549.5 96 109
0 2285.0 1916.5 138 137
0 2826.0 1149.0 114 116
0 2027.0 3104.5 134 157
0 3190.0 2041.0 110 126
0 1218.0 1495.0 154 136
0 3065.0 2352.5 128 141
0 3427.5 1298.0 99 106
0 1308.0 1993.5 146 125
0 3195.0 2503.5 98 97
0 2580.0 1849.0 114 126
0 1539.0 1513.5 152 151
0 2849.0 2130.5 108 131
0 2637.0 1611.5 100 123
0 1937.5 1597.5 145 131
0 1723.0 1750.5 128 147
0 1991.5 2735.5 109 129
0 1463.5 1974.5 135 149
0 3100.0 1991.0 92 118
0 2881.5 1767.0 101 110
0 2141.0 2744.5 112 133
0 2267.0 2829.0 114 130
0 1695.0 1973.0 148 140
0 3045.5 1912.5 109 115
0 1195.0 1573.0 170 142
0 2999.5 2308.0 137 122
0 1744.5 2125.0 127 154
0 2133.5 1870.5 79 91
0 3008.0 1563.0 116 158
0 2672.0 1201.0 96 114
0 1950.5 2965.0 107 106
0 3403.0 1520.5 152 119
0 2265.0 2965.0 100 126
0 2698.5 1733.5 127 133
0 2765.5 895.5 107 107
0 1844.5 3169.0 143 144
0 2221.5 1794.5 115 115
0 3023.5 2473.5 99 111
0 2240.0 1547.5 102 115
0 2664.5 1916.5 133 123
0 2874.0 2016.0 116 124
0 1678.0 2320.5 132 135
0 3522.0 1287.0 132 118
0 3308.0 2419.0 126 158
0 2695.5 2097.0 87 90
0 2927.0 1464.0 110 106
0 2748.5 1847.5 99 103
0 3027.0 2182.0 114 124
0 2241.0 1678.0 110 126
0 1575.5 2067.5 169 133
0 1675.0 2466.5 142 125
0 1775.0 2465.5 102 129
0 2103.0 1328.0 122 120
0 2988.5 1137.0 103 114
0 2540.5 1707.5 121 117
0 1220.0 2109.5 120 121
0 3332.0 1093.0 132 138
0 2193.0 1412.0 136 134
0 2316.0 1476.0 134 140
0 2649.5 1492.0 107 114
0 2927.0 1908.0 96 118
0 2311.0 1652.5 116 123
0 2788.5 2251.0 109 130
0 3061.5 1680.0 105 126
0 2783.0 1989.0 104 114
0 1718.0 1576.0 140 132
0 2116.5 2207.5 137 143
0 2800.0 1009.0 140 134
0 2521.5 1957.5 121 115
0 1916.0 3427.0 134 146
0 2808.5 1453.5 113 119
0 1272.5 1371.5 123 163
0 1734.5 2841.5 109 125
0 2930.5 1217.5 105 119
0 1814.0 1813.5 108 131
0 1670.0 1462.0 128 130
0 3087.0 2451.0 106 82
0 2032.5 2336.0 135 160
0 1401.0 1378.5 144 135
0 1945.0 1232.0 128 134
0 1406.5 1768.5 115 117
0 2262.0 2144.5 156 141
0 1944.0 2281.5 134 135
0 3402.0 1819.5 104 95
0 3349.0 1219.0 150 116
0 2638.5 1295.5 109 91
0 3230.0 1281.0 122 130
0 2895.0 1600.0 134 138
0 3185.0 2390.5 124 141
0 1859.0 1981.0 82 112
0 3164.5 1591.0 111 122
0 3203.5 1367.0 137 128
0 2552.5 1417.5 111 111
0 2029.0 1446.5 130 121
0 2994.0 2038.0 116 126
0 3110.0 1235.0 128 124
0 3229.0 2239.5 124 119
0 2409.0 2227.5 152 145
0 3092.0 1130.5 124 107
0 2167.0 2361.5 136 161
0 2527.0 2091.0 132 146
0 3176.5 1744.0 105 110
0 1564.0 2249.5 118 139
0 3167.0 1858.0 130 118
0 2373.0 1704.5 90 103
0 2039.5 1766.0 91 96
0 2545.5 1591.0 111 126
0 2681.5 1006.0 117 128
0 3428.0 1735.5 112 123
0 1521.0 2482.0 132 134
0 3081.5 1404.5 115 159
0 2761.5 1567.5 133 129
0 3214.5 1142.5 111 133
0 3018.0 1290.5 124 117
0 1429.5 2248.5 137 119
0 2533.0 1307.0 144 100
0 2670.5 1107.0 95 64
0 2594.0 1111.5 58 93
0 2935.0 1352.0 120 106
0 3343.5 1302.5 127 95
0 3327.0 1364.0 104 60
0 3451.0 1391.5 42 129
0 1912.5 1388.0 95 128
0 1839.5 1453.5 161 111
0 1601.0 1647.0 120 104
0 1179.5 1719.5 109 125
0 1366.5 1904.0 137 104
0 2051.0 1871.0 58 90
0 2662.5 1356.5 87 79
0 2710.0 1424.0 90 92
0 2364.5 1966.0 79 146
0 2446.5 1770.5 109 93
0 2317.0 1755.5 100 85
0 2877.5 1673.5 129 93
0 3240.5 1656.0 129 76
0 3386.5 1613.0 97 74
0 3308.5 1757.0 109 162
0 3270.5 1885.0 87 104
0 3361.5 1897.0 67 76
0 2946.5 2234.0 97 118
0 2892.5 2286.5 81 143
0 2795.5 2329.0 95 72
0 2650.0 2004.0 132 130
0 2244.0 1981.0 92 74
0 2151.5 1955.5 83 93
0 2435.0 1853.5 72 97
0 2288.0 2286.0 116 134
0 2111.0 2584.5 114 129
0 1895.0 3305.0 134 132
0 1486.5 2393.5 127 155
0 1377.0 2432.0 92 120
0 2829.0 1880.5 106 131
0 2741.0 1167.0 92 116
0 3296.0 1456.5 106 111
0 2954.0 1269.5 120 137
0 2964.5 1569.0 127 130
0 2825.0 2149.5 122 107
0 982.0 588.5 202 169
0 1093.5 1187.5 119 129
0 1411.5 1953.5 169 135
0 3029.0 2548.0 132 156
0 1893.5 2568.0 123 172
0 3023.0 2662.5 130 107
0 2507.5 1930.5 161 177
0 1176.0 633.0 122 128
0 2285.5 1236.5 147 133
0 2988.5 3234.0 135 156
0 2766.5 2999.5 145 161
0 1437.0 1576.0 154 146
0 1677.5 1606.0 147 160
0 3341.5 2610.5 145 161
0 3129.0 1379.5 138 147
0 2821.5 2267.5 103 99
0 3344.0 2192.5 140 143
0 3112.5 1783.5 147 115
0 3548.5 1747.5 139 137
0 3184.0 2637.5 148 171
0 2912.0 2764.5 138 141
0 1120.5 750.5 177 181
0 1843.5 1377.0 175 174
0 2703.0 2218.5 152 167
0 3357.5 2046.0 115 142
0 4192.5 2360.5 171 159
0 3183.0 1951.5 142 161
0 2959.5 2219.0 127 136
0 4007.0 1609.5 168 127
0 1996.5 1196.5 173 175
0 3250.0 1714.5 126 141
0 3762.5 2188.0 135 130
0 3099.0 2499.5 136 145
0 2801.5 2825.5 129 127
0 3014.0 2389.0 134 138
0 3193.0 2127.0 158 164
0 1676.0 2831.5 88 111
0 1137.0 1288.0 176 168
0 3090.5 2253.0 127 130
0 3981.0 1868.0 136 142
0 2550.5 1253.5 169 153
0 3462.0 2247.0 116 142
0 3709.0 2061.0 126 134
0 1284.5 1111.5 155 147
0 2875.0 2382.5 108 105
0 1770.0 2856.5 122 167
0 3303.0 1250.0 168 146
0 3902.0 2288.5 148 159
0 2783.0 1637.5 138 129
0 3302.5 1403.0 181 154
0 1525.0 1688.5 146 167
0 2629.5 2949.5 131 163
0 2528.5 2090.0 163 162
0 3124.5 1658.0 161 144
0 1391.0 281.5 172 199
0 1736.0 1790.0 150 200
0 1600.5 1532.0 161 160
0 2039.0 1354.0 144 160
0 2879.5 1447.5 151 161
0 4306.0 2429.0 154 170
0 2087.0 865.5 132 125
0 3095.0 1001.0 162 152
0 2842.5 2537.0 149 154
0 2631.5 1170.5 143 143
0 2511.0 1427.0 128 130
0 1912.0 1658.5 168 219
0 3514.0 2087.5 144 157
0 1238.5 910.5 177 171
0 3569.0 1927.0 128 146
0 3994.5 2014.5 151 131
0 1730.0 2675.0 124 148
0 1925.0 1057.0 164 158
0 3040.5 2074.5 151 165
0 2874.0 2944.0 138 158
0 1739.0 2834.5 140 139
0 2722.5 2367.0 137 114
0 1564.0 2031.5 106 139
0 2811.0 2019.5 188 183
0 2121.0 712.0 174 172
0 4136.5 2212.0 155 140
0 2249.0 813.5 184 161
0 2139.0 938.5 154 155
0 3658.5 2319.5 115 141
0 1799.0 2696.0 122 138
0 2968.5 1699.0 153 152
0 2210.5 484.0 167 170
0 3874.5 1933.0 141 152
0 3247.0 2481.5 146 143
0 2158.0 1247.5 152 155
0 4307.5 2246.5 149 137
0 3789.5 2660.0 125 174
0 3364.5 1718.0 117 138
0 2046.0 1537.5 134 161
0 2902.5 3083.0 145 136
0 2203.5 1544.0 133 144
0 2291.5 1684.0 173 194
0 1289.5 751.5 145 163
0 3177.0 2360.0 142 138
0 1555.5 261.5 179 183
0 4032.0 2372.5 142 179
0 4015.0 1716.5 152 163
0 2917.0 1100.0 148 162
0 2912.0 1854.0 156 174
0 3741.5 1933.0 123 136
0 3608.0 2244.5 142 173
0 3194.5 1148.0 161 176
0 3054.0 1243.0 142 132
0 3626.5 2647.5 117 139
0 3287.0 1564.0 148 154
0 3025.0 2801.0 140 154
0 2750.0 1041.5 156 163
0 3552.5 2544.0 117 132
0 3981.0 2157.5 126 145
0 1240.5 1919.0 171 166
0 3708.0 2576.5 138 175
0 1426.0 1138.0 138 136
0 3145.5 1515.5 131 145
0 2632.0 1821.5 150 161
0 1999.5 2147.5 115 193
0 2642.0 2727.0 108 136
0 3622.5 1861.0 105 72
0 4167.0 2484.0 120 84
0 1174.5 89.5 195 169
0 4023.5 2494.5 151 105
0 2607.5 2548.0 115 130
0 2906.0 2655.5 110 115
0 1823.5 2064.5 151 179
0 863.5 731.0 191 198
0 3910.0 2417.5 122 105
0 3221.0 2737.0 126 120
0 1505.5 2487.0 165 184
0 2714.5 3138.5 181 145
0 1460.0 2142.5 134 175
0 3784.5 2330.5 123 171
0 2622.5 2853.5 145 113
0 2757.0 2720.5 118 113
0 1905.5 2746.0 143 144
0 1635.5 2275.5 127 149
0 3866.5 2514.5 143 141
0 2343.5 1858.5 125 125
0 3636.5 2479.0 117 166
0 3811.5 2094.0 69 118
0 3527.5 2347.0 125 92
0 4158.0 2106.5 184 113
0 2404.5 2152.0 125 142
0 2215.0 2092.0 160 162
0 3246.5 2288.0 181 108
0 3370.5 2334.0 113 138
0 2268.0 1925.5 162 155
0 2661.5 1956.0 167 132
0 3374.5 2411.0 151 164
0 2516.5 1706.5 137 151
0 2423.5 1620.0 191 158
0 2467.0 1519.0 160 120
0 2611.0 1592.0 118 158
0 3070.5 1141.0 165 132
0 2832.5 1267.0 141 158
0 2742.5 1309.0 151 158
0 2626.0 1359.0 92 116
0 2712.0 1469.5 156 115
0 2989.0 1452.0 110 150
0 3605.5 1586.5 151 127
0 3861.5 1610.0 125 174
0 3704.5 1743.0 155 148
0 3841.0 1791.0 118 146
0 3724.5 1638.0 143 108
0 3499.0 1669.5 132 125
0 3210.5 1799.5 111 73
0 3446.5 1909.5 115 123
0 3324.0 1883.5 120 151
0 3043.5 1884.0 97 128
