0 1813.0 1459.0 142 168
0 2193.5 1165.5 143 147
0 4562.0 2901.5 158 173
0 2390.0 1426.5 130 125
0 2556.5 2033.5 159 119
0 4650.5 2310.5 185 185
0 4306.0 1970.0 140 132
0 2288.5 1761.5 133 115
0 3068.5 2124.5 183 151
0 2505.5 2233.5 155 149
0 2196.5 1543.5 133 139
0 2941.5 1994.0 131 140
0 2034.5 2045.5 161 141
0 3087.5 1520.5 157 187
0 2869.5 3103.5 165 151
0 3051.0 2753.5 154 165
0 1768.5 1840.0 163 144
0 2087.5 1245.0 151 150
0 2362.5 2595.0 147 146
0 3822.5 2351.0 135 142
0 4621.0 1963.5 186 177
0 2686.0 2142.0 162 162
0 3174.0 1007.0 154 136
0 3213.0 1787.5 156 167
0 1700.5 2056.5 133 137
0 4742.0 2081.5 222 195
0 1974.0 1442.0 174 142
0 3209.5 884.5 147 127
0 4473.0 2018.0 168 162
0 3398.0 1221.5 116 119
0 2215.0 2063.0 170 154
0 2881.5 1342.0 141 140
0 2494.0 1832.5 170 143
0 2746.5 2861.5 151 137
0 2894.0 2165.0 158 150
0 2788.0 2027.0 160 160
0 4404.5 1780.5 159 141
0 4443.5 2580.5 193 173
0 2674.5 1518.0 115 118
0 4564.5 1794.5 137 155
0 2877.0 891.0 150 152
0 4072.5 2151.0 177 164
0 4170.0 2014.5 154 167
0 2421.0 1046.0 136 122
0 2909.5 2812.0 169 180
0 2085.0 1115.5 144 109
0 2939.0 1777.0 160 148
0 2332.5 1214.5 107 119
0 2272.0 1080.5 136 161
0 3265.0 1214.0 158 146
0 1409.5 1546.5 183 141
0 3501.0 1149.5 112 127
0 4720.0 1795.0 192 158
0 1640.0 1772.5 180 153
0 2541.5 1207.5 137 139
0 4504.5 2258.5 147 157
0 3086.0 2532.0 154 154
0 3389.5 1421.0 131 142
0 3936.5 1814.0 177 156
0 4429.0 1901.0 154 142
0 2958.0 2422.5 164 181
0 3177.5 1377.0 177 162
0 2593.5 1600.5 135 135
0 2115.5 1784.5 173 145
0 3024.0 2932.5 166 165
0 2125.0 968.5 148 189
0 1772.5 1633.0 151 162
0 4765.0 2432.5 180 175
0 2446.5 1683.0 163 150
0 2951.0 1618.0 156 146
0 1517.5 1514.5 153 165
0 1992.5 1884.5 149 177
0 3329.5 1360.0 151 168
0 2277.0 1423.0 138 146
0 3062.0 859.5 142 143
0 2589.5 1730.0 147 126
0 1899.0 1589.0 134 120
0 2955.5 1471.5 141 145
0 4088.5 1752.0 163 156
0 2821.0 2505.0 148 124
0 1480.5 1682.5 139 121
0 4948.5 2359.0 175 164
0 4569.5 2155.0 153 152
0 4334.5 2116.0 165 148
0 2800.5 2656.0 189 176
0 2498.5 2606.5 139 163
0 1604.5 1648.0 169 152
0 1666.5 1496.0 153 168
0 2982.0 1000.5 148 155
0 2146.0 1928.5 152 149
0 2376.5 2259.0 129 138
0 2246.5 1261.0 145 162
0 3031.5 2267.0 165 142
0 3226.0 1553.0 180 172
0 1751.0 1950.5 168 137
0 2141.0 1401.5 144 157
0 2835.5 1386.0 97 144
0 2747.0 1156.5 140 113
0 3546.0 1321.5 94 97
0 3081.5 1127.0 151 134
0 3271.5 1123.5 145 77
0 3476.5 1271.5 81 103
0 3393.0 1118.5 110 87
0 3448.0 1467.5 138 95
0 2604.5 1411.5 145 117
0 4253.0 1750.0 148 94
0 4258.0 1853.0 188 138
0 2453.5 1297.0 111 108
0 4108.5 1892.5 147 129
0 2437.5 1164.0 95 132
0 2628.0 1245.5 106 113
0 3822.0 1963.0 182 144
0 2715.0 1306.5 102 111
0 4027.5 2032.0 179 120
0 3941.0 2130.5 156 179
0 2793.5 1234.0 123 136
0 4148.0 2290.5 132 179
0 2919.0 1183.0 128 114
0 4088.0 2323.5 100 157
0 3025.0 1266.0 136 124
0 2464.5 1557.0 153 128
0 3803.5 2674.0 125 150
0 3943.5 2712.0 147 176
0 2294.0 1610.5 140 123
0 2078.5 1587.0 117 102
0 4156.5 2766.5 185 179
0 2023.5 1689.0 117 136
0 4264.5 2956.5 145 175
0 4418.0 2939.5 132 173
0 1891.5 1740.0 151 144
0 3872.5 2908.0 119 166
0 1850.0 2092.5 128 217
0 1948.0 2046.0 68 162
0 3993.5 3027.0 103 148
0 2031.0 2134.0 140 108
0 4139.0 2967.5 144 167
0 2294.5 1897.0 149 144
0 4070.5 3182.5 119 175
0 3883.5 3275.0 103 172
0 2156.0 1670.5 102 121
0 3921.0 3089.5 110 141
0 2436.5 1903.5 119 127
0 3813.0 3102.0 94 210
0 2397.5 2001.0 121 106
0 2434.5 2104.5 131 129
0 3093.5 3400.0 91 160
0 2289.0 2125.5 134 125
0 2977.0 2614.5 116 157
0 2575.0 1931.5 132 119
0 2860.0 2363.5 82 113
0 4443.5 2429.5 119 139
0 2662.0 1855.0 128 102
0 4086.0 2459.5 176 135
0 2749.0 1883.5 128 143
0 2765.0 1742.0 160 140
0 4283.5 2492.0 131 182
0 4614.5 2677.5 179 169
0 2796.0 1600.5 132 143
0 3066.0 1898.5 124 133
0 3181.0 2128.5 66 175
0 2887.5 1892.0 137 110
0 4010.5 2857.5 127 163
0 2645.0 2303.5 108 133
0 2330.5 2402.5 153 171
0 2502.0 2336.0 110 90
0 2538.5 2446.5 131 139
0 2692.5 2423.0 151 146
0 2849.5 2241.5 159 111
0 2737.0 2289.5 102 153
0 2680.0 2576.0 126 168
0 2455.5 2702.5 151 67
0 2314.0 2643.5 124 139
0 2308.5 2757.5 179 111
0 2394.5 2813.0 153 172
0 2549.5 2793.0 117 150
0 2628.0 2637.0 142 158
0 2712.5 2748.0 129 100
0 3107.0 1998.0 170 122
0 2652.0 1968.5 96 129
0 3366.5 1734.0 157 118
0 3043.5 1677.0 113 144
0 3382.5 1596.5 161 137
0 3486.0 1582.5 86 101
