0 2954.0 1269.5 120 137
0 2964.5 1569.0 127 130
0 2825.0 2149.5 122 107
0 982.0 588.5 202 169
0 1093.5 1187.5 119 129
0 1411.5 1953.5 169 135
0 3029.0 2548.0 132 156
0 1893.5 2568.0 123 172
0 3023.0 2662.5 130 107
0 2507.5 1930.5 161 177
0 1176.0 633.0 122 128
0 2285.5 1236.5 147 133
0 2988.5 3234.0 135 156
0 2766.5 2999.5 145 161
0 1437.0 1576.0 154 146
0 1677.5 1606.0 147 160
0 3341.5 2610.5 145 161
0 3129.0 1379.5 138 147
0 2821.5 2267.5 103 99
0 3344.0 2192.5 140 143
0 3112.5 1783.5 147 115
0 3548.5 1747.5 139 137
0 3184.0 2637.5 148 171
0 2912.0 2764.5 138 141
0 1120.5 750.5 177 181
0 1843.5 1377.0 175 174
0 2703.0 2218.5 152 167
0 3357.5 2046.0 115 142
0 4192.5 2360.5 171 159
0 3183.0 1951.5 142 161
0 2959.5 2219.0 127 136
0 4007.0 1609.5 168 127
0 1996.5 1196.5 173 175
0 3250.0 1714.5 126 141
0 3762.5 2188.0 135 130
0 3099.0 2499.5 136 145
0 2801.5 2825.5 129 127
0 3014.0 2389.0 134 138
0 3193.0 2127.0 158 164
0 1676.0 2831.5 88 111
0 1137.0 1288.0 176 168
0 3090.5 2253.0 127 130
0 3981.0 1868.0 136 142
0 2550.5 1253.5 169 153
0 3462.0 2247.0 116 142
0 3709.0 2061.0 126 134
0 1284.5 1111.5 155 147
0 2875.0 2382.5 108 105
0 1770.0 2856.5 122 167
0 3303.0 1250.0 168 146
0 3902.0 2288.5 148 159
0 2783.0 1637.5 138 129
0 3302.5 1403.0 181 154
0 1525.0 1688.5 146 167
0 2629.5 2949.5 131 163
0 2528.5 2090.0 163 162
0 3124.5 1658.0 161 144
0 1391.0 281.5 172 199
0 1736.0 1790.0 150 200
0 1600.5 1532.0 161 160
0 2039.0 1354.0 144 160
0 2879.5 1447.5 151 161
0 4306.0 2429.0 154 170
0 2087.0 865.5 132 125
0 3095.0 1001.0 162 152
0 2842.5 2537.0 149 154
0 2631.5 1170.5 143 143
0 2511.0 1427.0 128 130
0 1912.0 1658.5 168 219
0 3514.0 2087.5 144 157
0 1238.5 910.5 177 171
0 3569.0 1927.0 128 146
0 3994.5 2014.5 151 131
0 1730.0 2675.0 124 148
0 1925.0 1057.0 164 158
0 3040.5 2074.5 151 165
0 2874.0 2944.0 138 158
0 1739.0 2834.5 140 139
0 2722.5 2367.0 137 114
0 1564.0 2031.5 106 139
0 2811.0 2019.5 188 183
0 2121.0 712.0 174 172
0 4136.5 2212.0 155 140
0 2249.0 813.5 184 161
0 2139.0 938.5 154 155
0 3658.5 2319.5 115 141
0 1799.0 2696.0 122 138
0 2968.5 1699.0 153 152
0 2210.5 484.0 167 170
0 3874.5 1933.0 141 152
0 3247.0 2481.5 146 143
0 2158.0 1247.5 152 155
0 4307.5 2246.5 149 137
0 3789.5 2660.0 125 174
0 3364.5 1718.0 117 138
0 2046.0 1537.5 134 161
0 2902.5 3083.0 145 136
0 2203.5 1544.0 133 144
0 2291.5 1684.0 173 194
0 1289.5 751.5 145 163
0 3177.0 2360.0 142 138
0 1555.5 261.5 179 183
0 4032.0 2372.5 142 179
0 4015.0 1716.5 152 163
0 2917.0 1100.0 148 162
0 2912.0 1854.0 156 174
0 3741.5 1933.0 123 136
0 3608.0 2244.5 142 173
0 3194.5 1148.0 161 176
0 3054.0 1243.0 142 132
0 3626.5 2647.5 117 139
0 3287.0 1564.0 148 154
0 3025.0 2801.0 140 154
0 2750.0 1041.5 156 163
0 3552.5 2544.0 117 132
0 3981.0 2157.5 126 145
0 1240.5 1919.0 171 166
0 3708.0 2576.5 138 175
0 1426.0 1138.0 138 136
0 3145.5 1515.5 131 145
0 2632.0 1821.5 150 161
0 1999.5 2147.5 115 193
0 2642.0 2727.0 108 136
0 3622.5 1861.0 105 72
0 4167.0 2484.0 120 84
0 1174.5 89.5 195 169
0 4023.5 2494.5 151 105
0 2607.5 2548.0 115 130
0 2906.0 2655.5 110 115
0 1823.5 2064.5 151 179
0 863.5 731.0 191 198
0 3910.0 2417.5 122 105
0 3221.0 2737.0 126 120
0 1505.5 2487.0 165 184
0 2714.5 3138.5 181 145
0 1460.0 2142.5 134 175
0 3784.5 2330.5 123 171
0 2622.5 2853.5 145 113
0 2757.0 2720.5 118 113
0 1905.5 2746.0 143 144
0 1635.5 2275.5 127 149
0 3866.5 2514.5 143 141
0 2343.5 1858.5 125 125
0 3636.5 2479.0 117 166
0 3811.5 2094.0 69 118
0 3527.5 2347.0 125 92
0 4158.0 2106.5 184 113
0 2404.5 2152.0 125 142
0 2215.0 2092.0 160 162
0 3246.5 2288.0 181 108
0 3370.5 2334.0 113 138
0 2268.0 1925.5 162 155
0 2661.5 1956.0 167 132
0 3374.5 2411.0 151 164
0 2516.5 1706.5 137 151
0 2423.5 1620.0 191 158
0 2467.0 1519.0 160 120
0 2611.0 1592.0 118 158
0 3070.5 1141.0 165 132
0 2832.5 1267.0 141 158
0 2742.5 1309.0 151 158
0 2626.0 1359.0 92 116
0 2712.0 1469.5 156 115
0 2989.0 1452.0 110 150
0 3605.5 1586.5 151 127
0 3861.5 1610.0 125 174
0 3704.5 1743.0 155 148
0 3841.0 1791.0 118 146
0 3724.5 1638.0 143 108
0 3499.0 1669.5 132 125
0 3210.5 1799.5 111 73
0 3446.5 1909.5 115 123
0 3324.0 1883.5 120 151
0 3043.5 1884.0 97 128
