0 2009.5 1305.0 115 128
0 2444.0 1517.5 126 121
0 1041.0 1466.5 170 129
0 3392.0 1412.0 116 102
0 3287.0 1568.5 136 121
0 2070.0 1669.0 118 122
0 2776.0 1302.5 124 127
0 2170.0 1549.5 96 109
0 2285.0 1916.5 138 137
0 2826.0 1149.0 114 116
0 2027.0 3104.5 134 157
0 3190.0 2041.0 110 126
0 1218.0 1495.0 154 136
0 3065.0 2352.5 128 141
0 3427.5 1298.0 99 106
0 1308.0 1993.5 146 125
0 3195.0 2503.5 98 97
0 2580.0 1849.0 114 126
0 1539.0 1513.5 152 151
0 2849.0 2130.5 108 131
0 2637.0 1611.5 100 123
0 1937.5 1597.5 145 131
0 1723.0 1750.5 128 147
0 1991.5 2735.5 109 129
0 1463.5 1974.5 135 149
0 3100.0 1991.0 92 118
0 2881.5 1767.0 101 110
0 2141.0 2744.5 112 133
0 2267.0 2829.0 114 130
0 1695.0 1973.0 148 140
0 3045.5 1912.5 109 115
0 1195.0 1573.0 170 142
0 2999.5 2308.0 137 122
0 1744.5 2125.0 127 154
0 2133.5 1870.5 79 91
0 3008.0 1563.0 116 158
0 2672.0 1201.0 96 114
0 1950.5 2965.0 107 106
0 3403.0 1520.5 152 119
0 2265.0 2965.0 100 126
0 2698.5 1733.5 127 133
0 2765.5 895.5 107 107
0 1844.5 3169.0 143 144
0 2221.5 1794.5 115 115
0 3023.5 2473.5 99 111
0 2240.0 1547.5 102 115
0 2664.5 1916.5 133 123
0 2874.0 2016.0 116 124
0 1678.0 2320.5 132 135
0 3522.0 1287.0 132 118
0 3308.0 2419.0 126 158
0 2695.5 2097.0 87 90
0 2927.0 1464.0 110 106
0 2748.5 1847.5 99 103
0 3027.0 2182.0 114 124
0 2241.0 1678.0 110 126
0 1575.5 2067.5 169 133
0 1675.0 2466.5 142 125
0 1775.0 2465.5 102 129
0 2103.0 1328.0 122 120
0 2988.5 1137.0 103 114
0 2540.5 1707.5 121 117
0 1220.0 2109.5 120 121
0 3332.0 1093.0 132 138
0 2193.0 1412.0 136 134
0 2316.0 1476.0 134 140
0 2649.5 1492.0 107 114
0 2927.0 1908.0 96 118
0 2311.0 1652.5 116 123
0 2788.5 2251.0 109 130
0 3061.5 1680.0 105 126
0 2783.0 1989.0 104 114
0 1718.0 1576.0 140 132
0 2116.5 2207.5 137 143
0 2800.0 1009.0 140 134
0 2521.5 1957.5 121 115
0 1916.0 3427.0 134 146
0 2808.5 1453.5 113 119
0 1272.5 1371.5 123 163
0 1734.5 2841.5 109 125
0 2930.5 1217.5 105 119
0 1814.0 1813.5 108 131
0 1670.0 1462.0 128 130
0 3087.0 2451.0 106 82
0 2032.5 2336.0 135 160
0 1401.0 1378.5 144 135
0 1945.0 1232.0 128 134
0 1406.5 1768.5 115 117
0 2262.0 2144.5 156 141
0 1944.0 2281.5 134 135
0 3402.0 1819.5 104 95
0 3349.0 1219.0 150 116
0 2638.5 1295.5 109 91
0 3230.0 1281.0 122 130
0 2895.0 1600.0 134 138
0 3185.0 2390.5 124 141
0 1859.0 1981.0 82 112
0 3164.5 1591.0 111 122
0 3203.5 1367.0 137 128
0 2552.5 1417.5 111 111
0 2029.0 1446.5 130 121
0 2994.0 2038.0 116 126
0 3110.0 1235.0 128 124
0 3229.0 2239.5 124 119
0 2409.0 2227.5 152 145
0 3092.0 1130.5 124 107
0 2167.0 2361.5 136 161
0 2527.0 2091.0 132 146
0 3176.5 1744.0 105 110
0 1564.0 2249.5 118 139
0 3167.0 1858.0 130 118
0 2373.0 1704.5 90 103
0 2039.5 1766.0 91 96
0 2545.5 1591.0 111 126
0 2681.5 1006.0 117 128
0 3428.0 1735.5 112 123
0 1521.0 2482.0 132 134
0 3081.5 1404.5 115 159
0 2761.5 1567.5 133 129
0 3214.5 1142.5 111 133
0 3018.0 1290.5 124 117
0 1429.5 2248.5 137 119
0 2533.0 1307.0 144 100
0 2670.5 1107.0 95 64
0 2594.0 1111.5 58 93
0 2935.0 1352.0 120 106
0 3343.5 1302.5 127 95
0 3327.0 1364.0 104 60
0 3451.0 1391.5 42 129
0 1912.5 1388.0 95 128
0 1839.5 1453.5 161 111
0 1601.0 1647.0 120 104
0 1179.5 1719.5 109 125
0 1366.5 1904.0 137 104
0 2051.0 1871.0 58 90
0 2662.5 1356.5 87 79
0 2710.0 1424.0 90 92
0 2364.5 1966.0 79 146
0 2446.5 1770.5 109 93
0 2317.0 1755.5 100 85
0 2877.5 1673.5 129 93
0 3240.5 1656.0 129 76
0 3386.5 1613.0 97 74
0 3308.5 1757.0 109 162
0 3270.5 1885.0 87 104
0 3361.5 1897.0 67 76
0 2946.5 2234.0 97 118
0 2892.5 2286.5 81 143
0 2795.5 2329.0 95 72
0 2650.0 2004.0 132 130
0 2244.0 1981.0 92 74
0 2151.5 1955.5 83 93
0 2435.0 1853.5 72 97
0 2288.0 2286.0 116 134
0 2111.0 2584.5 114 129
0 1895.0 3305.0 134 132
0 1486.5 2393.5 127 155
0 1377.0 2432.0 92 120
0 2829.0 1880.5 106 131
0 2741.0 1167.0 92 116
0 3296.0 1456.5 106 111
