0 1252.5 1842.0 159 168
0 1826.5 1813.5 129 131
0 3005.0 1404.5 160 121
0 2849.5 3440.0 183 164
0 1594.0 1909.5 148 167
0 1795.0 3516.5 128 147
0 2160.5 2243.0 177 166
0 2701.5 1887.5 157 159
0 2229.5 924.0 121 154
0 2146.0 1575.5 154 191
0 1229.5 2089.0 155 162
0 3227.0 2485.5 160 191
0 1114.5 3192.5 195 167
0 2795.5 1991.0 145 172
0 1598.5 2158.5 185 161
0 2010.0 1889.0 144 158
0 1414.0 3515.0 138 158
0 1368.5 1687.0 161 182
0 2141.0 2048.0 170 196
0 2293.0 2132.0 180 186
0 1582.5 2014.0 161 130
0 1876.0 721.0 106 118
0 2308.5 1099.0 173 158
0 3001.5 1273.0 189 158
0 698.5 2822.0 159 128
0 778.0 2544.0 190 162
0 3032.0 1013.5 154 155
0 1558.0 2895.0 182 216
0 2365.5 973.5 173 169
0 707.5 2148.0 209 190
0 1870.5 1433.5 133 155
0 1933.5 2505.5 125 139
0 2498.0 1550.0 128 152
0 2330.5 847.5 137 131
0 573.0 2848.0 158 124
0 3371.5 1676.0 181 154
0 1769.0 2382.0 136 122
0 2636.0 2541.5 144 175
0 2769.5 3288.5 149 159
0 1627.0 2407.5 124 127
0 602.0 2620.5 194 179
0 2724.5 1056.5 195 151
0 2665.5 2071.0 159 176
0 1912.5 2324.0 149 194
0 957.0 2258.0 208 212
0 1495.0 1825.5 174 163
0 3189.0 978.5 212 161
0 2569.5 692.0 163 194
0 2052.5 985.5 155 173
0 2890.0 1833.0 190 152
0 1243.0 1636.5 156 183
0 793.5 2359.5 185 193
0 2503.5 1673.5 125 109
0 2161.5 1041.5 171 171
0 3322.0 2518.5 108 151
0 2120.5 1395.5 145 157
0 2484.0 2362.0 134 142
0 1742.0 2874.0 180 196
0 2831.0 1505.0 138 120
0 2865.0 2317.5 168 145
0 2524.5 1955.5 151 169
0 1565.0 1704.0 174 164
0 2672.5 1630.5 173 181
0 1421.5 2109.5 167 155
0 2405.0 1973.0 144 166
0 1274.5 3163.0 129 158
0 929.5 3283.0 181 186
0 1373.0 2833.0 182 186
0 2450.5 803.0 147 170
0 2522.0 974.0 162 172
0 1826.5 936.5 99 139
0 1758.0 1702.5 184 155
0 1614.5 2696.5 187 191
0 2030.5 2603.0 205 184
0 2647.0 854.0 178 144
0 1733.5 2271.0 175 180
0 1778.5 2548.0 189 198
0 2299.0 1550.5 170 173
0 3018.0 2079.0 180 174
0 2228.0 1871.5 152 169
0 3077.0 2505.0 146 192
0 2635.0 2306.0 170 192
0 2541.0 2117.0 148 166
0 1930.5 1747.0 153 170
0 2850.5 1370.5 197 165
0 2013.0 2144.5 122 151
0 1984.5 3062.0 137 178
0 2693.0 1434.0 164 184
0 2776.0 1200.0 182 164
0 2351.0 2392.5 100 133
0 1941.5 852.0 221 160
0 2565.5 1114.5 159 137
0 2691.0 964.0 182 144
0 3142.0 1148.5 120 153
0 3045.5 1174.0 163 166
0 2627.5 1185.5 101 117
0 2461.5 1205.5 153 215
0 2298.0 1236.0 160 114
0 2304.5 1355.0 199 176
0 2440.0 1456.0 156 222
0 2532.5 1301.5 127 107
0 2620.5 1274.0 101 78
0 2013.0 1189.0 248 150
0 3254.5 1769.0 143 222
0 3418.5 1810.0 153 160
0 3269.0 1969.5 146 185
0 3401.0 1955.0 104 150
0 2922.5 1735.0 241 120
0 2954.5 1585.0 195 172
0 3085.0 1583.5 84 169
0 3067.5 1774.0 101 166
0 2463.0 1798.5 150 169
0 2347.0 1655.0 160 150
0 2331.0 1756.0 134 118
0 2210.0 1660.0 88 94
0 2008.5 1550.5 107 143
0 1935.0 1544.5 130 137
0 2085.0 1743.0 136 156
0 1763.5 1947.0 165 186
0 1924.0 1993.5 140 163
0 1815.0 2096.5 176 159
0 1170.5 1680.0 195 178
0 1331.5 1902.5 135 141
0 1080.0 1619.5 120 137
0 1154.5 1860.0 101 130
0 1131.0 1992.0 202 140
0 2336.0 2269.0 176 134
0 2453.0 2134.0 92 170
0 2475.5 2237.0 111 114
0 2805.0 2121.0 156 130
0 2879.5 1986.0 85 140
0 2235.0 2416.0 150 218
0 2081.5 2415.5 157 231
0 2923.5 2513.5 173 205
0 3026.0 2644.0 156 114
0 3188.5 2671.5 171 163
0 2888.0 2161.0 146 176
0 3308.0 2414.0 192 176
0 2740.0 2225.0 98 96
0 2854.0 2497.0 176 192
0 1103.0 2123.0 138 104
0 2990.5 2710.5 137 189
0 2702.0 2632.5 140 149
0 2016.5 2896.5 157 169
0 2093.0 2727.0 134 118
0 1932.0 2730.0 156 202
0 1197.0 2704.0 212 150
0 1067.0 2870.5 264 157
0 1039.0 3044.5 156 179
0 805.0 2661.5 202 153
0 1052.0 2371.5 182 121
0 1323.0 2479.0 176 192
0 1568.5 2291.5 211 137
0 2067.0 3523.5 100 187
0 1261.0 3611.0 154 182
0 1729.0 3638.0 190 144
0 2756.5 3534.5 127 165
0 2812.5 3663.5 195 93
0 2824.5 2630.0 105 90
0 2106.5 1262.0 217 122
0 1889.5 1152.0 97 158
