0 2567.0 1711.0 160 148
0 1401.5 1766.0 183 150
0 2550.5 2799.5 159 181
0 2965.0 1897.5 134 155
0 2866.5 2450.0 111 154
0 2467.0 1619.5 136 153
0 3961.0 1800.5 178 139
0 3576.5 1988.0 141 150
0 4025.5 2092.5 137 135
0 2595.5 2146.0 149 138
0 3737.0 1518.5 140 151
0 3218.0 1543.0 130 134
0 2384.5 1762.0 155 132
0 3491.0 1545.5 146 137
0 2833.0 2662.0 164 124
0 3563.5 2260.5 141 137
0 2987.5 1718.0 131 132
0 3583.0 2790.5 142 161
0 1746.0 1656.0 164 152
0 2980.5 2048.5 151 137
0 3547.0 2923.0 116 130
0 3845.5 1303.5 149 167
0 3738.0 2942.5 130 135
0 3390.5 1742.0 119 118
0 2491.5 2621.5 159 169
0 3720.5 2811.5 117 139
0 1708.0 2291.5 156 153
0 2087.0 2537.5 170 177
0 3383.5 1456.5 145 147
0 1577.5 1815.0 163 152
0 1478.0 2171.5 128 117
0 2697.0 1980.5 126 149
0 3195.0 1098.5 126 123
0 1894.0 1821.0 170 158
0 3505.0 2400.0 154 146
0 2096.5 2913.0 109 148
0 2619.0 1862.0 124 140
0 2432.5 2017.0 135 140
0 2049.0 1780.0 138 144
0 4111.5 1548.5 153 147
0 3025.5 2208.0 137 150
0 2968.0 2336.5 154 141
0 2977.5 2491.0 167 164
0 1969.0 2904.5 154 147
0 3541.5 2588.0 143 136
0 2296.5 1500.5 139 99
0 3162.5 2074.5 155 143
0 3706.5 2210.5 153 127
0 2300.0 1932.5 172 147
0 2413.5 2772.0 145 172
0 2648.5 2553.0 181 160
0 3249.0 1734.0 124 122
0 3208.5 1871.0 155 158
0 3120.5 2286.5 131 147
0 1775.5 2138.5 145 139
0 3090.5 1783.0 117 130
0 2766.0 2044.5 120 119
0 2717.0 1782.0 148 146
0 3599.5 1473.0 147 150
0 3868.5 2859.0 131 164
0 1562.5 1903.5 199 149
0 1811.5 2348.0 137 144
0 3269.5 2672.5 157 173
0 2958.0 1601.0 136 134
0 2366.0 3226.0 134 164
0 2106.0 2120.5 168 173
0 3714.5 1639.5 131 115
0 3347.5 2529.0 143 144
0 1799.0 2921.5 162 159
0 3222.0 1216.0 132 132
0 2283.5 2708.5 153 149
0 2034.0 2362.5 164 153
0 1560.5 2511.5 137 135
0 1855.0 2667.5 132 145
0 3362.5 1893.0 163 160
0 1898.0 2465.5 186 155
0 3119.0 1231.0 150 144
0 2677.0 2284.5 152 165
0 2847.0 1825.5 146 137
0 2516.5 2327.5 115 111
0 2358.0 1607.5 130 151
0 3580.5 1356.0 133 116
0 2262.5 1703.5 119 133
0 3466.0 1386.0 136 170
0 2187.0 1782.5 162 133
0 3302.0 1374.5 120 147
0 2089.0 1912.0 126 126
0 3718.5 1366.0 123 170
0 3879.0 1450.5 166 113
0 1947.5 1982.5 137 109
0 1567.0 2051.0 140 116
0 4002.5 1555.5 119 123
0 3869.5 1549.0 153 90
0 1639.5 1683.5 133 187
0 3858.0 1625.5 130 83
0 1693.0 1932.0 126 108
0 3585.5 1670.0 123 192
0 2545.0 1890.5 86 133
0 3195.5 1404.0 99 126
0 2408.5 1842.0 101 58
0 3111.0 1451.0 136 126
0 3128.5 1343.0 151 76
0 3037.0 1359.0 62 116
0 3084.5 1549.0 129 110
0 3418.0 1615.5 132 103
0 3348.5 1987.5 137 83
0 3488.0 1859.0 126 166
0 3289.0 2013.5 90 155
0 3687.0 1866.0 140 172
0 3426.0 2265.5 126 141
0 3835.0 1867.5 156 149
0 3314.0 2247.5 112 147
0 3366.5 2100.0 115 148
0 3821.5 1734.5 129 143
0 3233.0 2206.0 108 94
0 3964.0 1688.0 156 116
0 2624.0 2011.5 108 151
0 2405.0 2130.5 108 159
0 2304.0 2042.0 144 98
0 2201.0 1961.0 98 122
0 2529.0 2224.0 170 108
0 3364.5 2395.0 97 148
0 3624.0 2371.5 112 137
0 3734.0 2429.5 130 137
0 3890.5 2128.5 133 199
0 3705.5 2108.5 173 115
0 4000.5 2197.0 87 104
0 3851.0 2265.5 76 119
0 3773.5 1964.5 93 87
0 3950.0 1903.0 116 94
0 2780.0 2354.5 96 147
0 2861.5 2123.5 91 91
0 2846.0 1925.0 116 94
0 3085.0 1932.5 88 147
0 3157.0 1691.5 94 97
0 3497.5 2733.0 125 122
0 3448.0 2667.5 100 141
0 3389.5 2744.0 97 106
0 3807.0 2675.0 156 144
0 3266.0 2379.5 94 103
0 3236.5 2400.0 103 144
0 3125.5 2409.5 113 113
0 3190.0 2503.5 116 131
0 2636.0 2372.0 110 112
0 2725.0 2115.5 94 101
0 1668.5 2398.5 163 103
0 1747.0 2686.0 94 146
0 1993.0 2756.0 156 156
0 1976.5 2607.5 85 121
0 2517.0 3070.5 150 133
0 2411.0 3080.5 140 127
0 2068.0 3046.0 124 124
0 2045.0 3160.0 130 104
0 2254.5 3307.0 127 150
0 2309.0 3505.5 124 95
0 2398.0 3650.5 160 123
0 2561.5 3248.0 153 134
0 2662.0 3344.0 134 130
0 3232.5 3365.5 75 141
0 2492.5 3502.0 121 140
0 2690.0 3486.0 52 154
0 2875.5 2195.5 123 121
0 2266.5 2372.0 105 134
0 3090.5 1661.5 85 95
0 3631.5 2906.0 111 82
0 3268.0 2769.0 108 62
