0 2149.0 1789.0 124 114
0 1689.0 2032.5 116 107
0 3337.5 2083.0 131 108
0 3136.0 1690.0 96 104
0 1464.5 2790.5 105 131
0 2851.5 1889.5 115 123
0 2380.5 1536.5 109 111
0 2464.0 2056.5 130 125
0 2246.0 1597.0 100 102
0 3099.0 1300.0 130 120
0 2591.5 1998.5 133 133
0 3014.0 1171.0 128 116
0 3221.0 1234.5 136 105
0 1779.5 3345.0 139 148
0 2597.5 1133.5 111 121
0 2992.0 2349.5 116 121
0 2059.5 2108.5 129 131
0 1709.5 2298.0 107 128
0 2293.0 1719.0 114 114
0 1868.5 1590.5 97 107
0 1860.0 3038.0 108 108
0 2973.0 1770.0 120 132
0 2215.5 1896.0 125 126
0 1779.5 3199.5 129 139
0 3194.5 1596.5 139 121
0 3132.5 1183.0 113 114
0 1756.0 2069.5 112 123
0 2925.5 1248.5 123 119
0 3181.0 1457.5 126 137
0 2520.0 1891.0 122 134
0 1412.0 1793.5 140 131
0 2792.5 1654.5 121 105
0 3070.0 1609.0 112 132
0 2991.0 1359.5 120 137
0 3267.0 1679.0 120 104
0 2835.5 1187.5 121 123
0 2782.5 2192.5 125 141
0 2098.5 1893.0 117 120
0 2013.5 2370.0 107 134
0 1797.0 3478.0 134 124
0 2703.5 1241.0 139 118
0 2185.5 1675.5 111 121
0 2195.0 2046.0 164 154
0 3097.0 2377.5 112 119
0 1669.5 1910.5 123 135
0 2466.5 2199.0 111 136
0 3111.0 1061.5 112 137
0 2572.0 1395.5 98 103
0 1776.5 1702.5 105 123
0 2336.5 2183.5 153 143
0 2203.0 2465.0 108 134
0 3099.0 2165.5 138 127
0 1073.0 2281.5 114 119
0 2927.5 1998.5 121 119
0 2948.0 2517.0 134 160
0 1625.5 2784.5 109 105
0 2636.5 2208.0 101 118
0 3435.0 1507.5 142 115
0 2027.0 2648.0 98 108
0 1907.0 2842.5 142 143
0 3301.0 2194.5 124 129
0 3116.5 2538.0 123 146
0 1314.0 2109.5 120 115
0 1887.5 1716.5 147 125
0 1330.5 2841.5 103 111
0 1803.0 2879.0 112 142
0 2133.0 1446.0 128 118
0 1349.5 2510.5 111 147
0 2029.5 2467.5 117 93
0 3017.5 2455.0 113 102
0 2715.0 1419.0 120 106
0 1591.5 2262.0 131 128
0 2479.0 1740.5 120 113
0 1522.0 2655.0 96 116
0 1939.0 3130.5 140 151
0 2808.5 2015.0 117 116
0 3308.0 1574.5 136 113
0 2096.5 2255.0 139 144
0 2978.5 1881.0 127 116
0 1388.5 2674.5 123 115
0 1948.0 2720.5 130 121
0 2633.5 1798.5 133 135
0 3219.0 1339.0 102 108
0 1968.0 2211.0 140 144
0 1654.5 2683.5 131 133
0 2839.5 2077.0 119 110
0 2797.0 2508.0 110 118
0 2182.5 1529.0 113 126
0 1640.5 2152.5 131 103
0 1878.0 2090.5 132 127
0 2808.0 1546.5 128 133
0 1964.5 1549.5 115 115
0 2299.0 2066.5 102 107
0 2469.5 1622.5 111 117
0 2046.0 1394.0 114 138
0 1447.0 2266.0 136 122
0 1529.0 1942.5 138 137
0 3229.0 2380.5 118 133
0 3233.0 1013.0 120 148
0 3262.5 1138.0 141 112
0 2995.0 1086.0 112 82
0 2906.0 1136.5 88 99
0 2700.5 1043.5 117 109
0 2670.0 996.0 88 98
0 2755.0 1135.5 130 85
0 2594.0 1270.5 96 159
0 2707.0 1339.5 124 101
0 2857.5 1424.5 117 101
0 2837.0 1354.5 88 67
0 2801.5 1307.5 59 85
0 2575.5 1532.5 91 99
0 2687.5 1542.0 117 122
0 2922.5 1531.0 109 144
0 3004.5 1467.5 115 85
0 3106.5 1399.5 101 87
0 3333.5 1470.0 125 90
0 2989.5 1563.5 69 101
0 2913.0 1658.5 106 101
0 3001.5 1657.5 61 77
0 2876.0 1747.5 74 93
0 2811.0 1794.5 72 85
0 2744.0 1742.5 104 115
0 2671.5 1662.5 101 93
0 2573.0 1664.0 90 106
0 2465.5 1492.5 119 93
0 1963.5 1415.5 119 131
0 1885.0 1425.0 80 122
0 1808.0 1827.5 96 115
0 2002.0 1762.5 90 117
0 1982.0 1644.0 130 72
0 2113.5 1585.5 91 83
0 2271.5 1510.0 99 90
0 2754.0 1894.0 100 124
0 2678.0 1909.0 118 94
0 2729.5 2018.5 97 125
0 2703.5 2103.0 117 108
0 2595.0 2113.5 104 101
0 2542.0 2204.5 80 145
0 2960.5 2236.0 97 106
0 2904.0 2350.0 90 104
0 2866.0 2331.5 74 113
0 2716.0 2376.5 110 101
0 2723.0 2487.0 92 120
0 2877.5 2427.0 83 74
0 2805.5 2363.5 83 123
0 2876.5 2172.0 67 94
0 2957.0 2118.0 94 110
0 3020.5 1996.0 97 106
0 3048.5 2042.0 83 92
0 3107.0 1955.0 118 104
0 3131.0 1867.5 134 81
0 3091.0 1741.0 76 108
0 3176.0 1799.5 122 101
0 3223.0 2119.0 78 146
0 3141.5 2038.5 71 81
0 2386.5 1809.0 111 92
0 1913.5 1812.5 125 99
0 1974.0 1871.5 106 97
0 1886.0 1931.5 116 97
0 2060.0 1984.0 104 102
0 2384.0 1950.5 120 141
0 2230.5 2249.0 113 166
0 2290.5 2353.5 123 111
0 2144.0 2347.5 134 95
0 1158.5 2273.5 117 99
0 1251.0 2217.0 136 116
0 1226.5 2353.0 153 110
0 1207.0 2490.0 90 122
0 1223.0 2792.5 146 123
0 1282.0 2636.5 92 115
0 1562.0 2518.0 118 118
0 1669.5 2456.0 97 168
0 1692.5 2609.5 111 97
0 1809.5 2611.5 101 133
0 1684.5 2963.0 119 148
0 1590.0 2923.5 96 127
0 1435.0 2869.5 104 119
0 1569.5 3273.0 81 142
0 1698.0 3056.0 158 108
0 2074.5 2938.5 119 119
0 2186.0 3003.0 92 102
0 1988.0 3317.5 126 185
0 3070.5 2597.5 101 135
0 3197.5 2523.5 77 159
0 2381.5 1657.0 101 100
0 2495.5 1556.5 83 67
