0 2101.5 1642.5 125 149
0 1354.5 2042.0 177 158
0 2411.5 1475.5 139 127
0 3038.0 1120.5 144 151
0 2105.5 2958.0 123 148
0 2385.5 2419.5 175 159
0 1990.5 3047.5 107 135
0 3171.0 2506.0 146 152
0 3256.0 1805.5 128 131
0 3439.5 1328.0 143 128
0 2461.5 1574.0 113 114
0 2196.0 1608.0 126 140
0 2650.0 2231.0 108 104
0 2039.5 1704.5 121 133
0 1372.5 3071.0 121 120
0 3406.5 1632.0 131 108
0 2534.0 1370.5 136 113
0 3013.0 1017.5 144 113
0 1093.0 2992.0 132 124
0 2183.5 3221.0 115 136
0 1776.5 1850.5 177 143
0 1315.5 2929.5 133 151
0 3140.5 983.0 129 154
0 2562.5 1576.0 123 124
0 2512.5 2170.5 123 127
0 1455.5 3169.5 125 147
0 2904.5 2133.5 125 127
0 1803.0 1489.0 126 150
0 2107.5 1960.5 139 129
0 3264.5 2217.0 159 166
0 3313.0 2524.5 118 133
0 3296.5 1169.5 151 111
0 2707.0 1348.0 162 100
0 2478.5 1834.5 141 137
0 2451.0 1698.0 148 132
0 2200.0 2080.0 148 158
0 1670.5 2546.5 109 147
0 1686.0 2721.0 108 136
0 1748.5 1664.0 135 124
0 3309.0 1563.5 166 139
0 3146.0 2693.5 144 151
0 3062.0 1770.5 138 163
0 3073.0 2500.0 122 136
0 1186.5 1896.0 163 148
0 1835.0 2436.0 156 148
0 3222.0 2613.0 144 132
0 2335.5 2306.0 115 114
0 1668.5 2241.0 127 168
0 2401.5 2057.5 127 121
0 3160.5 1598.5 133 145
0 1644.0 2861.5 124 153
0 2043.0 2388.5 166 169
0 2320.5 1608.0 129 132
0 3251.0 1667.0 116 122
0 3268.5 905.5 145 175
0 2118.0 2561.5 168 173
0 3278.5 1407.0 163 154
0 1665.5 3057.0 151 146
0 2665.5 1868.5 173 145
0 2547.0 1992.5 144 175
0 3114.5 2354.5 145 137
0 1877.5 1736.5 135 113
0 2245.0 2502.0 154 188
0 1917.0 1467.5 138 159
0 1974.5 3193.0 163 170
0 3301.5 1275.0 131 114
0 1259.5 3148.5 101 101
0 2942.0 1215.5 148 133
0 3169.0 1268.0 138 126
0 2260.5 1842.5 131 127
0 3547.0 1333.0 142 140
0 2645.0 2103.5 154 145
0 2132.5 1813.0 131 136
0 1581.0 2111.0 134 132
0 2978.0 2622.0 124 138
0 1102.0 2154.0 154 180
0 2938.0 1982.5 136 151
0 2881.0 1851.5 120 111
0 1860.0 1651.0 140 120
0 1557.5 2392.5 163 137
0 1553.5 2928.5 101 117
0 2311.0 3322.0 120 142
0 850.0 2361.0 182 160
0 2204.0 2298.5 184 171
0 2545.5 1238.5 123 129
0 2535.5 1040.0 139 122
0 2185.5 1743.5 117 129
0 2694.0 1249.5 182 131
0 2898.5 2310.0 149 168
0 3175.5 1125.5 127 125
0 3309.5 1057.0 171 130
0 2565.0 1724.0 120 138
0 1857.0 3265.0 136 152
0 3037.0 2110.0 144 142
0 2024.0 1534.5 150 151
0 2721.0 1444.0 136 130
0 1179.0 2802.0 146 152
0 2846.0 1708.0 122 98
0 1952.5 2545.5 149 171
0 2726.5 2333.0 137 140
0 3399.0 2019.5 116 179
0 2068.5 3574.0 163 174
0 1431.0 2495.0 198 112
0 3091.0 1959.5 136 135
0 2789.0 2202.0 136 132
0 2832.0 1168.5 108 103
0 3533.0 1966.5 162 129
0 1736.0 1476.0 122 164
0 1551.0 2696.0 170 156
0 3157.0 2084.0 132 146
0 2845.0 1601.0 154 142
0 2372.0 1927.0 108 124
0 2872.0 1433.5 134 129
0 1513.5 1972.5 137 145
0 1041.0 2298.5 170 133
0 2073.5 2073.0 123 122
0 1937.0 1905.0 148 140
0 1438.0 2592.0 108 120
0 3458.0 2542.0 136 146
0 3524.5 2094.5 125 117
0 1374.5 2735.0 165 162
0 3490.5 2212.5 113 131
0 2845.0 2513.0 136 134
0 1299.5 2545.5 133 113
0 2657.0 1154.0 154 82
0 1019.0 2428.5 176 139
0 2811.0 2127.0 112 152
0 3043.0 1344.0 142 200
0 1910.5 2044.0 107 152
0 2818.5 1996.0 117 126
0 2253.5 2688.0 147 184
0 1053.0 2600.5 154 153
0 1805.0 1954.5 126 75
0 2880.0 1331.0 146 90
0 2363.5 2562.0 93 158
0 1655.5 1790.0 179 152
0 2973.0 1550.0 120 182
0 1206.5 2664.5 131 145
0 2729.0 1993.0 120 120
0 3074.5 1451.5 125 85
0 1957.0 3451.0 148 120
0 2418.0 2290.0 118 152
0 3239.0 1978.5 152 113
0 3181.0 1366.5 116 89
0 1880.0 3651.0 142 122
0 2945.5 1770.0 109 112
0 2803.0 1779.5 128 99
0 2699.5 1599.5 163 173
0 2260.0 3170.5 128 139
0 2187.5 2840.5 131 139
0 2247.0 1943.5 112 91
0 2617.5 1473.0 85 94
0 2542.0 1479.0 86 102
0 2175.0 2188.5 134 115
0 2016.5 2674.0 119 108
0 2542.5 2341.5 131 187
0 2686.0 1709.0 118 76
0 2070.5 2722.5 131 119
0 2982.5 1674.0 111 90
0 2968.0 2205.5 128 69
0 1725.0 3372.5 122 191
0 1817.5 3547.5 131 137
0 3070.0 1647.5 64 85
0 3081.5 2200.5 99 107
0 1648.5 3648.0 123 128
0 3061.0 1547.5 92 97
0 3353.0 2682.5 128 195
0 3451.5 1515.5 165 113
0 3276.5 2734.5 125 117
0 2868.0 2621.0 94 126
0 3429.5 1429.0 135 88
0 2901.5 1080.5 123 161
0 3024.0 2451.0 112 128
0 3005.5 2275.0 69 80
0 2726.0 1106.5 142 127
0 1443.5 2161.5 149 121
0 2655.0 967.0 174 138
0 2626.5 861.5 123 93
