0 1836.5 1858.0 109 136
0 2744.0 607.5 110 123
0 3006.0 730.0 130 110
0 2423.5 763.5 107 109
0 1610.5 1985.0 103 116
0 2682.5 867.0 127 100
0 2317.0 845.5 128 113
0 1756.0 970.0 110 116
0 1497.5 1087.5 105 117
0 1550.0 1554.5 142 123
0 1965.0 1231.0 108 120
0 1444.5 1641.5 137 123
0 1727.5 1825.0 113 120
0 1667.0 1217.5 120 123
0 2580.0 756.0 118 106
0 2479.5 690.5 99 117
0 2658.5 663.0 113 108
0 2535.5 2171.0 87 108
0 1668.0 960.5 86 107
0 2904.5 952.5 125 109
0 2519.5 817.5 107 113
0 1805.0 2238.5 110 119
0 2135.5 879.5 107 115
0 1877.5 2799.0 101 110
0 1883.5 1729.0 119 124
0 2559.5 669.0 93 84
0 1676.0 1606.5 112 121
0 1387.0 2032.5 118 123
0 2688.0 783.0 104 114
0 1518.5 2002.5 121 111
0 1994.0 1663.5 126 119
0 2946.0 1755.5 102 143
0 2354.0 712.0 110 116
0 3014.0 1131.0 110 112
0 2763.5 1280.0 127 102
0 2458.0 1096.5 124 121
0 2793.0 913.5 94 101
0 1778.5 1271.0 113 112
0 1324.0 1496.5 104 147
0 2595.5 899.5 107 149
0 1946.5 1857.5 131 137
0 2265.5 495.0 83 94
0 1839.5 2695.5 113 115
0 1819.5 2579.5 109 129
0 2293.5 592.0 133 106
0 1941.0 2507.5 112 131
0 2204.0 606.0 90 102
0 1865.5 2379.5 95 79
0 2213.5 693.5 59 63
0 2173.0 696.0 54 90
0 1870.5 2164.0 117 124
0 1893.5 2056.0 101 100
0 2216.0 775.5 110 103
0 1638.0 903.0 112 114
0 1957.0 2033.0 86 102
0 2047.0 2153.0 100 128
0 1845.5 1033.0 113 114
0 1718.5 1083.5 105 109
0 2110.5 2217.0 65 106
0 2098.0 1650.5 84 101
0 1632.5 1039.5 101 91
0 2143.5 1699.5 119 139
0 1583.5 1105.5 133 103
0 1545.5 1184.0 109 74
0 2053.0 1768.0 112 108
0 2085.5 1831.5 65 61
0 1960.0 1064.5 118 107
0 2080.0 2453.5 108 115
0 1914.0 1141.0 138 94
0 2539.0 2392.0 66 102
0 1855.0 1165.0 92 88
0 1924.5 1251.5 83 121
0 1660.5 2441.0 65 134
0 1611.0 2083.0 122 62
0 1915.0 1362.0 90 96
0 1626.5 2158.0 109 68
0 1995.5 1455.0 105 120
0 1979.5 1511.0 93 76
0 2082.5 1929.0 59 80
0 1881.0 1422.5 108 75
0 1430.0 1117.0 56 102
0 2080.5 1483.5 75 127
0 1889.5 1494.5 81 69
0 2035.5 1263.5 83 85
0 1779.0 1355.0 88 74
0 2014.0 1316.0 90 52
0 1111.0 1438.0 80 82
0 1375.0 1352.5 96 71
0 2166.0 1549.0 96 152
0 2261.0 1566.5 82 133
0 1618.0 1396.0 84 108
0 1590.0 1325.0 116 122
0 2228.5 1446.0 101 108
0 1434.5 1526.5 107 139
0 2514.5 2077.0 57 88
0 1264.5 1652.0 115 100
0 2785.0 715.0 130 88
0 2917.5 754.0 99 104
0 1602.5 1689.0 83 130
0 2788.5 782.5 119 77
0 1442.0 1816.5 92 125
0 2787.5 840.5 121 69
0 1388.5 1784.0 85 110
0 2898.5 861.0 119 100
0 1540.0 1869.5 114 131
0 2957.0 832.5 82 89
0 2908.0 1028.5 80 65
0 2809.5 1017.0 123 100
0 2706.0 1053.0 108 102
0 2781.0 1096.5 80 63
0 2460.0 882.5 100 93
0 2483.5 970.0 127 110
0 2554.5 1054.5 89 141
0 2358.5 987.5 103 113
0 2255.5 1035.0 91 90
0 2181.0 981.0 106 98
0 2458.5 1162.0 107 64
0 2421.5 1199.5 77 69
0 2647.0 1132.5 96 115
0 2766.0 1185.0 142 98
0 2836.0 1188.0 60 120
0 2927.0 1155.5 100 161
0 3021.0 1205.5 92 69
0 2970.5 1265.0 87 70
0 2904.0 1265.0 66 112
0 2659.0 1346.0 102 96
0 2552.5 1167.0 61 70
0 2345.0 1099.5 104 115
0 2070.5 1093.0 119 98
0 2174.0 1141.0 96 128
0 2099.0 994.0 84 88
0 2201.0 1255.0 96 92
0 2254.5 1135.5 69 117
0 2341.5 1238.0 123 120
0 2500.0 1233.5 94 113
0 2455.5 1351.0 87 100
0 2550.5 1363.0 89 108
0 2410.5 1314.0 123 94
0 2265.0 1339.5 102 123
0 2133.5 1305.5 77 77
0 2086.5 1165.0 105 62
0 2222.0 862.5 76 75
0 2342.0 1393.5 114 135
0 2351.0 1488.5 104 71
0 2531.5 1455.5 81 119
0 2455.5 1452.0 87 90
0 2420.5 1542.5 79 87
0 2535.0 1557.5 96 123
0 2629.0 1458.0 100 128
0 2712.0 1427.0 80 98
0 2743.5 1379.0 63 102
0 2814.0 1428.0 100 104
0 2681.0 1570.5 88 97
0 2503.5 1653.5 95 123
0 2835.0 1743.5 100 131
0 2913.5 1617.5 123 121
0 2734.0 1737.5 98 119
0 2777.5 1816.5 85 65
0 2718.5 1834.0 113 108
0 2870.0 1835.5 98 81
0 2679.5 1695.5 115 103
0 2636.0 1638.0 94 108
