0 3743.5 1752.5 151 127
0 2771.5 1379.0 143 146
0 2043.0 927.5 150 151
0 1131.5 147.0 167 176
0 1719.5 2155.0 163 188
0 2823.5 3262.5 131 163
0 2726.0 3024.0 132 154
0 3503.0 2110.0 120 114
0 3913.5 2482.5 145 133
0 2779.0 2146.5 148 153
0 3859.5 2347.0 161 134
0 2656.5 2898.0 115 118
0 2183.0 1484.5 162 117
0 2128.5 742.0 151 150
0 1797.0 2310.0 140 148
0 1116.5 1440.0 113 126
0 1365.0 2690.0 154 172
0 2516.5 2997.0 135 160
0 3290.0 1813.5 116 101
0 2589.0 2476.0 132 146
0 3077.5 2621.0 147 132
0 1807.5 1669.5 163 167
0 3715.5 2028.0 139 140
0 2929.0 2390.0 116 132
0 2703.5 2348.0 153 164
0 2411.0 1977.5 104 117
0 2874.5 2815.0 101 122
0 3591.5 1958.5 115 127
0 2954.0 2041.5 124 93
0 2262.5 2200.5 165 181
0 1770.5 1517.5 135 165
0 3163.5 2720.5 103 119
0 3391.5 2013.5 117 119
0 3752.0 1881.0 144 148
0 1855.0 1221.0 150 168
0 3748.0 2161.0 130 124
0 2756.5 2818.5 127 133
0 4015.5 2358.5 107 111
0 1534.0 1999.5 132 145
0 1596.0 1852.0 164 154
0 3015.5 2759.5 139 167
0 2015.0 1926.5 136 165
0 2396.5 1658.0 139 120
0 3469.0 1893.0 144 136
0 2346.0 1763.5 112 105
0 1447.0 1919.0 140 138
0 3117.5 1552.5 153 123
0 1198.5 383.0 163 192
0 2555.5 2262.5 139 161
0 2624.5 3051.5 119 151
0 2873.5 2262.0 115 136
0 3355.0 2562.5 148 153
0 2920.0 1282.5 144 143
0 2615.0 1325.5 144 145
0 2694.0 1569.5 124 127
0 3468.5 2230.5 139 133
0 2965.0 1948.0 140 136
0 3087.5 2011.0 137 144
0 3634.0 2415.5 148 145
0 2894.0 1540.5 132 119
0 3329.5 1891.5 125 121
0 2961.0 1664.5 134 165
0 3752.5 2490.5 119 135
0 1282.5 1338.0 135 124
0 2831.5 1863.5 131 127
0 3118.0 1697.5 166 153
0 1997.0 1758.5 146 157
0 2748.0 3145.5 124 111
0 3630.5 2123.0 125 128
0 2438.0 1508.0 122 128
0 2088.5 1562.0 153 156
0 1950.5 1541.5 151 163
0 3867.5 2216.5 139 123
0 2558.0 3146.5 120 125
0 1411.5 1352.5 127 139
0 3008.0 2499.0 124 118
0 3372.0 1718.0 122 104
0 2310.5 1874.0 173 136
0 2526.5 2758.0 129 142
0 3720.0 2292.5 126 135
0 3101.0 1860.5 144 141
0 2974.5 1808.5 147 135
0 1487.5 352.0 175 166
0 2506.0 1453.0 140 130
0 3022.0 2165.5 144 157
0 2179.0 2090.0 130 134
0 2158.5 1001.5 151 147
0 2698.0 2633.5 128 147
0 2004.0 1088.0 122 130
0 2852.0 2516.5 126 131
0 2831.5 1992.5 123 129
0 2443.0 2458.0 126 112
0 2492.5 1851.0 141 132
0 2904.5 1416.5 119 115
0 1344.5 390.5 153 179
0 857.5 859.0 187 172
0 3607.0 1762.0 114 136
0 1189.5 1052.0 133 118
0 3563.5 1690.5 121 147
0 989.5 1252.0 151 144
0 4107.0 2414.5 158 103
0 1167.5 1268.5 95 147
0 4020.5 2530.0 117 136
0 2081.5 1118.0 103 132
0 3548.5 2680.5 91 129
0 3603.5 2546.5 129 111
0 2390.0 1415.5 132 95
0 3365.0 2096.5 122 129
0 3023.5 1452.5 143 169
0 3481.0 1790.0 110 80
0 2807.0 1540.5 92 125
0 3198.0 1969.5 66 125
0 2683.5 1479.5 169 107
0 2612.0 1579.0 136 136
0 3231.0 1892.5 88 125
0 2504.0 1608.0 66 84
0 3238.5 2076.5 95 125
0 3135.5 2107.5 125 121
0 2737.0 1740.5 150 129
0 2797.5 1703.5 117 151
0 3183.0 2209.0 88 132
0 2588.5 1725.5 117 121
0 2946.5 2635.0 91 154
0 2526.0 1737.0 96 114
0 2878.5 2640.5 133 165
0 2636.0 2800.0 96 102
0 1894.5 2102.0 155 206
0 2447.0 2313.5 136 173
0 1964.5 2418.0 117 176
0 2052.5 2230.5 147 169
0 1514.5 2783.5 135 187
0 1685.0 1887.5 132 209
0 1246.5 2412.5 129 143
0 1842.5 2795.5 121 175
0 1268.5 2223.0 143 154
0 1004.5 2212.5 143 125
0 1692.5 2816.5 115 159
0 1057.5 2128.0 117 154
0 1624.5 2622.0 99 166
0 1184.5 1492.5 129 159
0 2548.0 1982.5 110 129
0 2688.0 1940.5 110 161
0 2637.5 2093.0 111 156
0 2888.5 2112.5 91 107
0 3018.0 2284.0 132 122
0 3137.5 2315.5 107 147
0 3323.0 2252.5 176 125
0 3383.0 2394.0 114 172
0 3532.0 2344.5 140 95
0 3459.0 2449.0 110 136
0 3266.0 2377.5 114 155
0 3067.5 2399.5 143 81
0 3170.5 2421.5 91 103
0 3163.5 2479.0 99 136
0 3480.5 2607.5 103 187
