0 3607.5 1207.5 111 113
0 2805.0 1732.0 126 124
0 2542.0 1432.0 116 110
0 2289.5 1301.0 105 104
0 3706.5 1257.5 105 109
0 2060.5 1891.0 91 94
0 3361.0 2280.0 98 128
0 2970.5 1901.0 137 126
0 2078.5 1178.0 123 116
0 2820.5 1410.5 97 111
0 3704.0 1528.0 124 114
0 3053.0 1246.0 100 98
0 2635.0 1504.5 104 115
0 2260.5 2120.0 129 118
0 2890.5 2010.0 141 122
0 2285.5 1568.5 121 139
0 3814.5 1215.5 135 105
0 3152.0 1293.5 102 93
0 2511.0 2000.0 106 114
0 2569.0 1127.5 100 131
0 3337.0 980.5 96 115
0 2714.0 1211.5 106 119
0 2537.5 1273.5 129 129
0 2193.5 1448.5 91 89
0 2768.0 2038.0 110 120
0 1928.0 1203.0 102 146
0 3705.5 1139.5 105 119
0 2578.0 2297.0 72 130
0 2768.0 1612.5 96 95
0 2065.5 2265.5 113 119
0 3224.5 1838.0 107 96
0 3079.0 1340.0 102 104
0 3001.0 1802.0 98 108
0 3717.0 1421.0 94 104
0 1982.0 1952.5 112 107
0 3417.0 1895.5 124 119
0 3166.5 1396.5 91 99
0 3180.0 1619.0 130 112
0 3416.5 1395.5 97 97
0 2684.5 2099.0 121 134
0 3058.5 1577.5 115 101
0 2441.0 1319.0 112 112
0 3181.5 2072.5 117 123
0 3317.0 1370.5 106 95
0 3553.5 1362.0 129 140
0 3079.0 1697.5 122 119
0 3815.5 1102.5 111 117
0 2785.0 1926.5 130 117
0 2273.5 1734.0 121 118
0 2989.0 1399.0 102 108
0 2648.5 1965.5 103 125
0 3257.5 1961.5 115 135
0 2627.0 1192.0 102 124
0 1793.0 1820.0 122 104
0 3806.5 1495.5 127 105
0 2298.5 1875.5 135 141
0 3423.5 2196.0 107 116
0 2457.5 2416.5 99 107
0 2785.5 1288.0 119 122
0 3368.0 1791.0 102 110
0 2378.0 1610.5 106 119
0 1812.5 1544.0 97 94
0 2162.5 1796.0 137 118
0 2146.0 1941.0 106 114
0 3232.0 978.0 116 122
0 3660.5 1325.5 123 121
0 3550.0 1945.5 106 119
0 3566.0 1783.0 102 106
0 3516.5 1255.5 107 105
0 3531.0 2237.0 114 124
0 2125.5 2116.5 121 117
0 2016.0 1738.0 130 136
0 2568.5 2446.0 113 124
0 2172.0 1317.0 128 124
0 3632.0 2264.0 106 140
0 2304.5 1404.0 117 106
0 2594.5 1577.0 105 108
0 1934.5 1669.0 121 116
0 2577.5 2071.5 119 125
0 3485.5 1793.5 95 97
0 2635.5 1316.0 133 110
0 2648.0 2196.5 108 123
0 3217.5 1150.0 89 102
0 3450.5 1182.0 97 96
0 2935.5 1695.0 65 90
0 3499.0 1124.5 88 119
0 2619.5 1795.5 93 109
0 2683.5 1751.5 57 79
0 3606.0 1112.0 90 76
0 3764.0 1571.0 82 60
0 3388.0 1104.0 94 88
0 3140.5 1079.0 55 82
0 3802.5 1424.0 85 80
0 3213.0 1064.0 84 58
0 3849.0 1411.0 48 84
0 2990.5 1326.5 99 57
0 3299.0 1117.5 64 87
0 2742.0 1331.5 122 97
0 3138.0 1170.5 42 65
0 2631.0 1369.0 104 52
0 3178.5 1225.0 89 76
0 3316.5 1217.0 117 74
0 3722.0 1808.5 74 63
0 3243.0 1321.5 72 85
0 3644.0 1841.5 64 95
0 3066.5 1482.0 85 116
0 3146.5 1503.5 75 101
0 3258.0 1468.0 128 112
0 3377.0 1514.0 96 118
0 3468.0 1487.5 86 143
0 3598.0 1532.5 82 117
0 3803.5 1290.0 99 64
0 3851.5 1324.5 75 91
0 3927.5 1330.0 121 112
0 3775.5 1352.5 85 73
0 3435.0 1307.0 92 76
0 2872.0 1505.5 88 101
0 2805.5 1520.0 87 110
0 2754.5 1420.0 69 90
0 2888.5 1354.5 103 119
0 2701.0 1422.5 48 89
0 2603.0 1681.0 56 92
0 2695.0 1665.5 114 99
0 2901.5 1569.5 73 67
0 2849.0 1609.0 74 60
0 3125.5 1784.0 103 92
0 3202.0 1719.5 76 83
0 3277.5 1756.5 95 91
0 3334.5 1658.5 67 113
0 3344.5 1561.0 101 92
0 3479.5 1613.5 89 101
0 3640.5 1597.0 85 66
0 3761.0 1729.0 100 110
0 3660.0 1736.5 74 145
0 3560.0 1695.5 130 99
0 3105.5 1852.0 99 108
0 3136.0 1937.5 82 83
0 3409.5 2048.0 97 110
0 3334.5 2076.0 103 106
0 3380.0 2153.5 124 97
0 3158.5 2151.5 69 59
0 3509.5 2334.0 85 108
0 3442.5 2286.0 95 90
0 3313.0 1861.0 82 116
0 3506.0 1885.5 68 101
0 2865.0 1809.5 78 91
0 2767.0 1771.5 94 95
0 2341.0 2138.5 74 117
0 2294.0 2236.5 70 97
0 2176.5 2220.0 113 92
0 2443.0 2750.0 108 126
0 2284.5 2897.0 117 108
0 2292.5 3009.0 97 112
0 2635.0 3051.5 110 129
0 2457.0 2842.5 98 73
0 2294.5 2780.0 131 112
0 2702.0 2632.5 74 95
0 2635.0 2650.0 74 114
0 2702.0 2722.0 60 90
0 2644.0 2891.0 92 142
0 2642.5 2540.0 97 106
0 2693.0 2453.5 74 103
0 2722.5 2529.0 45 112
0 2376.5 2613.5 85 87
0 2490.5 2625.5 101 127
0 2360.5 2469.5 99 99
0 2238.5 2478.0 85 110
0 2084.0 2631.0 60 138
0 2249.0 2317.0 92 92
0 2163.0 2380.5 100 115
0 2231.5 2016.0 119 108
0 2013.5 2085.0 87 150
0 1918.5 2095.5 65 117
0 1883.0 1743.5 122 87
0 1982.5 1531.5 127 121
0 1811.5 1476.5 111 93
0 1878.5 1289.0 123 120
0 2447.0 1447.0 76 104
0 2970.0 1471.5 106 85
0 2958.5 1611.5 61 97
