0 0.071045 0.569092 0.069824 0.071777
0 0.166992 0.696533 0.063477 0.061035
0 0.248291 0.981689 0.077637 0.035645
0 0.117432 0.860107 0.064941 0.056152
0 0.072510 0.753662 0.064941 0.067871
0 0.436279 0.969482 0.063965 0.060059
0 0.016357 0.981934 0.032715 0.035156
0 0.507568 0.742432 0.076660 0.091309
0 0.028076 0.607910 0.056152 0.073242
0 0.549805 0.491699 0.075195 0.066406
0 0.568848 0.872803 0.076172 0.081543
0 0.003174 0.704102 0.006348 0.069336
0 0.567139 0.431885 0.071777 0.062012
0 0.659180 0.596436 0.056641 0.058105
0 0.081543 0.984619 0.083008 0.029785
0 0.406982 0.655273 0.068848 0.068359
0 0.217773 0.894775 0.083008 0.069824
0 0.361328 0.975098 0.078125 0.048828
0 0.305908 0.741211 0.056152 0.057617
0 0.404785 0.435059 0.073242 0.074219
0 0.999023 0.971191 0.000977 0.056641
0 0.182129 0.510742 0.066406 0.059570
0 0.026611 0.544678 0.053223 0.053223
0 0.435059 0.867676 0.078125 0.072266
0 0.138916 0.593018 0.052246 0.058105
0 0.109375 0.527588 0.066406 0.078613
0 0.594238 0.592773 0.077148 0.071289
0 0.709473 0.561279 0.054687 0.062012
0 0.240967 0.589600 0.066895 0.067871
0 0.655029 0.693848 0.063965 0.069336
0 0.922119 0.885742 0.086426 0.076172
0 0.551514 0.672363 0.086426 0.079102
0 0.266357 0.781494 0.065918 0.065918
0 0.037598 0.871338 0.075195 0.070801
0 0.037598 0.472900 0.072266 0.092285
0 0.194580 0.821777 0.079590 0.073242
0 0.440918 0.790039 0.076172 0.071289
0 0.004639 0.920166 0.009277 0.086426
0 0.625732 0.664062 0.073730 0.082031
0 0.111816 0.694824 0.067383 0.071289
0 0.495117 0.419678 0.069336 0.069824
0 0.264404 0.844727 0.071777 0.061523
0 0.443115 0.718506 0.068848 0.070801
0 0.978027 0.855469 0.042969 0.076172
0 0.456055 0.488525 0.072266 0.075684
0 0.047852 0.941650 0.074219 0.072754
0 0.096924 0.615723 0.070801 0.079102
0 0.575195 0.758301 0.087891 0.083984
0 0.045410 0.684326 0.070312 0.076660
0 0.384521 0.676758 0.047363 0.070312
0 0.341309 0.564697 0.068359 0.055176
0 0.731445 0.645264 0.045898 0.047363
0 0.504639 0.550293 0.073730 0.065430
0 0.597412 0.548584 0.070801 0.037598
0 0.697510 0.620850 0.039551 0.050293
0 0.656738 0.546143 0.053711 0.042480
0 0.683594 0.716553 0.067383 0.046387
0 0.271729 0.689209 0.070801 0.057129
0 0.197998 0.633301 0.054199 0.052734
0 0.984863 0.924072 0.029297 0.062988
0 0.190186 0.568359 0.046387 0.064453
0 0.283203 0.608154 0.051758 0.055176
0 0.866211 0.958496 0.088867 0.070312
0 0.325684 0.637939 0.049805 0.054199
0 0.961182 0.981201 0.076660 0.036621
0 0.924316 0.998047 0.076172 0.002930
0 0.364014 0.602539 0.060059 0.066406
0 0.425293 0.577637 0.062500 0.055664
0 0.477051 0.618164 0.066406 0.060547
0 0.203369 0.760254 0.074707 0.062500
0 0.120117 0.786377 0.068359 0.060059
0 0.021729 0.774902 0.043457 0.049805
0 0.008301 0.824707 0.016602 0.066406
0 0.120361 0.926270 0.072754 0.070312
0 0.052734 0.815674 0.049805 0.059082
0 0.189697 0.929443 0.058105 0.062012
0 0.170654 0.975342 0.059082 0.048340
0 0.188721 0.997803 0.063965 0.003418
0 0.257324 0.943115 0.064453 0.058105
0 0.299805 0.905762 0.062500 0.049805
0 0.342285 0.919678 0.062500 0.069824
0 0.350098 0.850586 0.078125 0.068359
0 0.365234 0.781494 0.064453 0.069824
0 0.497070 0.927002 0.060547 0.064941
0 0.553223 0.998047 0.032227 0.002930
0 0.409912 0.923828 0.066895 0.053711
0 0.517090 0.972656 0.083008 0.053711
0 0.294922 0.961182 0.046875 0.062988
0 0.643799 0.846680 0.076660 0.057617
0 0.486084 0.818848 0.055176 0.070312
0 0.651611 0.779541 0.078613 0.066895
0 0.702148 0.772705 0.041992 0.049316
