0 0.997559 0.802002 0.003906 0.072754
0 0.661377 0.979004 0.086426 0.041016
0 0.982910 0.832275 0.033203 0.064941
0 0.867432 0.903564 0.086426 0.069824
0 0.880371 0.727051 0.061523 0.073242
0 0.997314 0.957275 0.004395 0.062988
0 0.853760 0.812500 0.065918 0.060547
0 0.579346 0.925781 0.079590 0.072266
0 0.916748 0.847900 0.065918 0.055176
0 0.936035 0.716553 0.067383 0.077637
0 0.771973 0.999023 0.065430 0.000977
0 0.908203 0.806152 0.068359 0.058594
0 0.975586 0.749268 0.047852 0.073730
0 0.847656 0.720703 0.059570 0.080078
0 0.739014 0.963135 0.066895 0.070801
0 0.990967 0.990967 0.017090 0.017090
0 0.945801 0.930176 0.072266 0.068359
0 0.932861 0.980225 0.052246 0.038574
0 0.881348 0.954346 0.061523 0.036621
0 0.808350 0.874023 0.087402 0.074219
