0 0.761475 0.589600 0.054199 0.055176
0 0.369629 0.845703 0.061523 0.060547
0 0.241211 0.699219 0.056641 0.053711
0 0.117920 0.635254 0.051270 0.050781
0 0.809814 0.614014 0.051270 0.053223
0 0.014160 0.923340 0.028320 0.045898
0 0.450439 0.928223 0.066895 0.061523
0 0.022461 0.575195 0.044922 0.056641
0 0.377197 0.688721 0.047363 0.054199
0 0.808594 0.746094 0.060547 0.055664
0 0.490723 0.608398 0.048828 0.047852
0 0.286621 0.734619 0.050781 0.056152
0 0.411377 0.975586 0.068848 0.047852
0 0.115967 0.765869 0.059082 0.067871
0 0.862549 0.593506 0.065918 0.051270
0 0.539062 0.631592 0.049805 0.045410
0 0.226074 0.974121 0.051758 0.050781
0 0.254395 0.550537 0.048828 0.063965
0 0.629395 0.478760 0.046875 0.056152
0 0.325195 0.591553 0.051758 0.058105
0 0.239014 0.621826 0.062988 0.062988
0 0.071045 0.707275 0.044434 0.043457
0 0.351562 0.982666 0.053711 0.033691
0 0.809326 0.556396 0.051270 0.058105
0 0.351562 0.787354 0.046875 0.046387
0 0.574463 0.897461 0.052246 0.046875
0 0.503418 0.654297 0.049805 0.050781
0 0.465332 0.879883 0.047852 0.052734
0 0.814941 0.693848 0.045898 0.050781
0 0.668457 0.925537 0.060547 0.058105
0 0.546143 0.681885 0.044434 0.048340
0 0.552734 0.790527 0.063477 0.054688
0 0.668213 0.681396 0.047363 0.047363
0 0.310791 0.995850 0.059082 0.007324
0 0.493408 0.770264 0.056152 0.049316
0 0.191895 0.644043 0.054687 0.054688
0 0.553467 0.990723 0.057129 0.017578
0 0.619629 0.669189 0.051758 0.046387
0 0.735107 0.665039 0.062988 0.068359
0 0.503418 0.828857 0.059570 0.058105
0 0.863037 0.538330 0.054199 0.057129
0 0.359863 0.940674 0.063477 0.057129
0 0.110107 0.846680 0.059082 0.057617
0 0.459473 0.683105 0.049805 0.052734
0 0.293213 0.959717 0.050293 0.061035
0 0.590576 0.957764 0.056152 0.065918
0 0.282715 0.582031 0.049805 0.060547
0 0.858643 0.730225 0.062012 0.051270
0 0.122314 0.915771 0.065918 0.068848
0 0.360107 0.628906 0.058105 0.059570
0 0.644531 0.874512 0.049805 0.053711
0 0.161133 0.786377 0.051758 0.058105
0 0.055908 0.876953 0.066895 0.057617
0 0.047852 0.947754 0.051758 0.055664
0 0.578125 0.477539 0.056641 0.059570
0 0.787354 0.647217 0.060059 0.059082
0 0.733398 0.949951 0.051758 0.058105
0 0.741211 0.870605 0.049805 0.051758
0 0.717041 0.613037 0.052246 0.051270
0 0.008057 0.848633 0.016113 0.066406
0 0.060547 0.643066 0.062500 0.060547
0 0.125244 0.685547 0.057129 0.051758
0 0.266846 0.770020 0.051270 0.052734
0 0.258545 0.990234 0.058105 0.018555
0 0.701904 0.875732 0.046387 0.047363
0 0.286865 0.642578 0.064941 0.053711
0 0.571045 0.561523 0.043457 0.049805
0 0.684814 0.577148 0.047363 0.046875
0 0.433350 0.827637 0.031738 0.043945
0 0.708496 0.549072 0.042969 0.058105
0 0.279053 0.876709 0.045410 0.053223
0 0.310303 0.855225 0.027832 0.038574
0 0.760742 0.542969 0.043945 0.037109
0 0.837891 0.767090 0.040039 0.029297
0 0.654297 0.539062 0.045898 0.042969
0 0.533447 0.526855 0.026855 0.040039
0 0.856689 0.695312 0.041504 0.039062
0 0.568848 0.519531 0.041016 0.028320
0 0.879395 0.688965 0.023437 0.041016
0 0.460205 0.647705 0.048340 0.027832
0 0.610840 0.545654 0.031250 0.042480
0 0.338867 0.650146 0.059570 0.047363
0 0.532227 0.571533 0.020508 0.031738
0 0.284668 0.668457 0.050781 0.025391
0 0.552002 0.598145 0.043457 0.037109
0 0.619385 0.594238 0.057129 0.036133
0 0.817383 0.883057 0.036133 0.030762
0 0.583496 0.645264 0.035156 0.041504
0 0.779297 0.899170 0.031250 0.046387
0 0.497314 0.723633 0.041504 0.056641
0 0.536377 0.734131 0.036621 0.049316
0 0.590820 0.716797 0.062500 0.054688
0 0.648926 0.739258 0.046875 0.057617
0 0.693359 0.726318 0.041992 0.069824
0 0.756836 0.748291 0.040039 0.057129
0 0.857178 0.629883 0.048340 0.031250
0 0.880615 0.646729 0.036621 0.044434
0 0.917725 0.649414 0.059082 0.054688
0 0.843506 0.660400 0.041504 0.035645
0 0.677246 0.638184 0.044922 0.037109
0 0.402344 0.735107 0.042969 0.049316
0 0.369873 0.742188 0.042480 0.053711
0 0.344971 0.693359 0.033691 0.043945
0 0.410400 0.661377 0.050293 0.058105
0 0.318848 0.694580 0.023438 0.043457
0 0.270996 0.820801 0.027344 0.044922
0 0.315918 0.813232 0.055664 0.048340
0 0.416748 0.766357 0.035645 0.032715
0 0.391113 0.785645 0.036133 0.029297
0 0.526123 0.871094 0.050293 0.044922
0 0.563477 0.839600 0.037109 0.040527
0 0.600342 0.857666 0.046387 0.044434
0 0.628174 0.809814 0.032715 0.055176
0 0.633057 0.762207 0.049316 0.044922
0 0.698975 0.787842 0.043457 0.049316
0 0.777588 0.779785 0.041504 0.032227
0 0.836426 0.844238 0.048828 0.053711
0 0.787109 0.847900 0.036133 0.070801
0 0.738281 0.827881 0.063477 0.048340
0 0.516357 0.904297 0.048340 0.052734
0 0.531250 0.946045 0.040039 0.040527
0 0.664795 0.986328 0.047363 0.026367
0 0.628174 0.993652 0.050293 0.011719
0 0.617676 0.908691 0.040039 0.056641
0 0.711914 0.920654 0.033203 0.049316
0 0.398926 0.883545 0.038086 0.044434
0 0.351074 0.864990 0.045898 0.046387
0 0.089600 0.978760 0.058105 0.041504
0 0.002197 0.990479 0.004395 0.018066
0 0.194824 0.706543 0.037109 0.050781
0 0.450195 0.718506 0.051758 0.041504
0 0.444580 0.786865 0.029785 0.047363
