0 0.339844 0.296631 0.053711 0.060059
0 0.467773 0.356445 0.063477 0.053711
0 0.183350 0.372803 0.052246 0.053223
0 0.309814 0.423340 0.062012 0.048828
0 0.131348 0.412842 0.062500 0.055176
0 0.259766 0.369141 0.057617 0.051758
0 0.210693 0.337158 0.048340 0.057129
0 0.298096 0.323730 0.055176 0.052734
0 0.418213 0.465088 0.061035 0.053223
0 0.230225 0.399170 0.052246 0.055176
0 0.042725 0.429443 0.052246 0.056152
0 0.249756 0.326660 0.045410 0.041016
0 0.312500 0.382324 0.050781 0.055664
0 0.002197 0.812256 0.004395 0.058105
0 0.438477 0.857178 0.049805 0.069824
0 0.149414 0.347656 0.053711 0.056641
0 0.471680 0.552246 0.053711 0.054688
0 0.349365 0.625000 0.062012 0.049805
0 0.200195 0.535400 0.060547 0.059082
0 0.363770 0.446045 0.045898 0.049316
0 0.267334 0.439209 0.052246 0.072754
0 0.106201 0.241699 0.040527 0.045898
0 0.119873 0.289062 0.064941 0.051758
0 0.076172 0.295898 0.043945 0.049805
0 0.080811 0.338623 0.028809 0.030762
0 0.061035 0.339844 0.026367 0.043945
0 0.082031 0.378662 0.053711 0.050293
0 0.024414 0.805908 0.041016 0.049316
0 0.046631 0.829834 0.058105 0.067871
0 0.014893 0.863281 0.029785 0.052734
0 0.018311 0.894287 0.031738 0.029785
0 0.016846 0.941895 0.028809 0.039062
0 0.017090 0.724365 0.034180 0.062012
0 0.007080 0.616943 0.014160 0.041504
0 0.002686 0.642578 0.005371 0.025391
0 0.057617 0.756348 0.046875 0.074219
0 0.104004 0.764893 0.040039 0.064941
0 0.088135 0.706055 0.049316 0.052734
0 0.227783 0.996094 0.027832 0.006836
0 0.359863 0.349121 0.063477 0.042969
0 0.424561 0.368164 0.048340 0.050781
0 0.361572 0.382080 0.058105 0.037598
0 0.361084 0.410400 0.059082 0.033691
0 0.415283 0.420410 0.058105 0.048828
0 0.443848 0.406494 0.040039 0.043457
0 0.419922 0.502197 0.039062 0.031738
0 0.371826 0.496582 0.060059 0.048828
0 0.321289 0.514160 0.052734 0.049805
0 0.357910 0.535400 0.039062 0.030762
0 0.201172 0.430908 0.048828 0.045410
0 0.212646 0.473633 0.062012 0.053711
0 0.247314 0.514893 0.043457 0.068848
0 0.151611 0.482178 0.050293 0.055176
0 0.101318 0.505371 0.044434 0.043945
0 0.064941 0.479004 0.051758 0.047852
0 0.200439 0.567383 0.052246 0.031250
0 0.182373 0.585693 0.037598 0.033691
0 0.292480 0.552979 0.046875 0.056152
0 0.350586 0.578613 0.069336 0.047852
0 0.384766 0.580078 0.029297 0.058594
0 0.429199 0.564209 0.048828 0.078613
0 0.475098 0.588623 0.044922 0.033691
0 0.450439 0.617676 0.042480 0.034180
0 0.417969 0.617676 0.032227 0.054688
0 0.298340 0.657227 0.049805 0.046875
0 0.246338 0.569824 0.029785 0.034180
0 0.145020 0.536865 0.050781 0.056152
0 0.020020 0.533691 0.040039 0.047852
0 0.061523 0.557129 0.046875 0.062500
0 0.024902 0.485352 0.041016 0.042969
0 0.074707 0.612793 0.046875 0.044922
0 0.100830 0.554443 0.033691 0.057129
0 0.143311 0.604492 0.060059 0.058594
0 0.220703 0.602295 0.045898 0.055176
0 0.198975 0.659668 0.042480 0.048828
0 0.245361 0.665527 0.043457 0.052734
0 0.177002 0.641602 0.060059 0.045898
0 0.105957 0.654053 0.049805 0.060059
0 0.041748 0.637451 0.037598 0.037598
0 0.022217 0.568848 0.044434 0.030273
0 0.084961 0.421143 0.037109 0.036621
0 0.143555 0.680420 0.055664 0.065918
0 0.147949 0.726807 0.050781 0.034668
0 0.236084 0.710693 0.039551 0.058105
0 0.198975 0.708984 0.042480 0.043945
0 0.181885 0.753174 0.038574 0.042480
0 0.237793 0.760498 0.046875 0.060059
0 0.283691 0.711914 0.048828 0.062500
0 0.324219 0.696777 0.039062 0.047852
0 0.339600 0.673340 0.030762 0.049805
0 0.374023 0.697266 0.048828 0.050781
0 0.309082 0.766846 0.042969 0.047363
0 0.222412 0.807373 0.046387 0.060059
0 0.384277 0.851318 0.048828 0.063965
0 0.422607 0.789795 0.060059 0.059082
0 0.334961 0.848389 0.047852 0.058105
0 0.356201 0.886963 0.041504 0.031738
0 0.327393 0.895508 0.055176 0.052734
0 0.401367 0.896240 0.047852 0.039551
0 0.308350 0.827881 0.056152 0.050293
0 0.287109 0.799805 0.045898 0.052734
