0 0.824707 0.982910 0.056641 0.033203
0 0.986816 0.998535 0.025391 0.001953
0 0.912354 0.776611 0.047363 0.052246
0 0.857422 0.989990 0.054688 0.019043
0 0.689453 0.875732 0.068359 0.063965
0 0.997803 0.924316 0.003418 0.058594
0 0.815186 0.932861 0.060059 0.065918
0 0.867432 0.831299 0.051270 0.060059
0 0.921631 0.838135 0.071777 0.061035
0 0.916992 0.994629 0.064453 0.009766
0 0.959229 0.756592 0.056152 0.056152
0 0.985352 0.680664 0.028320 0.067383
0 0.746582 0.948486 0.067383 0.066895
0 0.958740 0.691162 0.058105 0.063965
0 0.920410 0.695801 0.039062 0.059570
0 0.882812 0.892334 0.046875 0.056152
0 0.977539 0.860596 0.043945 0.057129
0 0.967773 0.802734 0.063477 0.035156
0 0.934326 0.885010 0.061035 0.048340
0 0.963867 0.913818 0.051758 0.047363
0 0.920898 0.943115 0.056641 0.047363
0 0.989990 0.968750 0.019043 0.049805
