0 0.049316 0.873535 0.060547 0.055664
0 0.629639 0.995117 0.063965 0.008789
0 0.531250 0.825195 0.046875 0.050781
0 0.392334 0.922607 0.056152 0.060059
0 0.162354 0.750244 0.053223 0.054199
0 0.203125 0.986572 0.063477 0.025879
0 0.096680 0.779785 0.048828 0.049805
0 0.513184 0.634766 0.063477 0.058594
0 0.265381 0.971436 0.064941 0.056152
0 0.471680 0.571777 0.062500 0.056641
0 0.572754 0.602783 0.066406 0.051270
0 0.268311 0.553467 0.054199 0.059082
0 0.018555 0.998535 0.037109 0.001953
0 0.119629 0.839355 0.055664 0.055664
0 0.451660 0.864258 0.058594 0.064453
0 0.081787 0.925781 0.061035 0.061523
0 0.559814 0.779541 0.067871 0.059082
0 0.529541 0.577637 0.055176 0.055664
0 0.428467 0.609619 0.060059 0.058105
0 0.553223 0.711670 0.061523 0.066895
0 0.230469 0.923340 0.059570 0.065430
0 0.363525 0.807861 0.059082 0.051270
0 0.499023 0.785645 0.054687 0.064453
0 0.460449 0.663818 0.058594 0.066895
0 0.595215 0.819824 0.058594 0.050781
0 0.384521 0.579834 0.059082 0.060059
0 0.026611 0.924316 0.053223 0.058594
0 0.320068 0.605957 0.067871 0.057617
0 0.067139 0.818115 0.054199 0.059082
0 0.071777 0.980469 0.080078 0.038086
0 0.519043 0.518311 0.054687 0.066895
0 0.255859 0.681396 0.047852 0.050293
0 0.429443 0.973145 0.059082 0.052734
0 0.677246 0.736084 0.069336 0.056152
0 0.041504 0.706055 0.062500 0.057617
0 0.325684 0.692871 0.058594 0.051758
0 0.210449 0.849854 0.058594 0.055176
0 0.371338 0.977539 0.057129 0.043945
0 0.615234 0.768799 0.066406 0.055176
0 0.454346 0.918457 0.062012 0.056641
0 0.285889 0.878174 0.064941 0.065918
0 0.571777 0.653809 0.049805 0.052734
0 0.386475 0.993408 0.058105 0.012207
0 0.065674 0.746582 0.055176 0.061523
0 0.371094 0.755127 0.062500 0.064941
0 0.122559 0.991211 0.049805 0.016602
0 0.205811 0.792236 0.054199 0.057129
0 0.013428 0.680664 0.026855 0.067383
0 0.578613 0.494629 0.058594 0.072266
0 0.593018 0.555664 0.068848 0.054688
0 0.462402 0.530273 0.054688 0.040039
0 0.418945 0.554932 0.042969 0.048340
0 0.318604 0.509521 0.057129 0.053223
0 0.303711 0.486328 0.042969 0.047852
0 0.345215 0.554443 0.063477 0.041504
0 0.266602 0.620361 0.046875 0.077637
0 0.321777 0.654053 0.060547 0.049316
0 0.395264 0.695557 0.057129 0.049316
0 0.385254 0.661377 0.042969 0.032715
0 0.367920 0.638428 0.028809 0.041504
0 0.257568 0.748291 0.044434 0.048340
0 0.312256 0.752930 0.057129 0.059570
0 0.427002 0.747559 0.053223 0.070312
0 0.467041 0.716553 0.056152 0.041504
0 0.516846 0.683350 0.049316 0.042480
0 0.627686 0.717773 0.061035 0.043945
0 0.459717 0.763428 0.033691 0.049316
0 0.422363 0.809814 0.051758 0.049316
0 0.465576 0.809326 0.029785 0.037598
0 0.404297 0.853271 0.036133 0.045410
0 0.372559 0.876221 0.035156 0.041504
0 0.339844 0.850830 0.050781 0.056152
0 0.304443 0.811768 0.049316 0.045410
0 0.256348 0.812500 0.043945 0.051758
0 0.203857 0.728760 0.058105 0.045410
0 0.031982 0.774170 0.044434 0.040527
0 0.109131 0.737305 0.048340 0.043945
0 0.344727 0.924805 0.048828 0.060547
0 0.307617 0.932129 0.057617 0.045898
0 0.332764 0.977295 0.047363 0.044434
0 0.474854 0.974121 0.047363 0.050781
0 0.488525 0.987061 0.040527 0.024902
0 0.517090 0.954590 0.057617 0.050781
0 0.528809 0.911865 0.065430 0.039551
0 0.509277 0.850098 0.037109 0.052734
0 0.550781 0.878662 0.059570 0.049316
0 0.573730 0.999268 0.038086 0.000488
0 0.533936 0.987549 0.034668 0.023926
0 0.165283 0.883301 0.054199 0.044922
0 0.015625 0.968750 0.031250 0.049805
0 0.164062 0.952393 0.058594 0.068848
0 0.162842 0.809082 0.049316 0.048828
0 0.218506 0.760010 0.040527 0.032715
