0 0.991699 0.923340 0.015625 0.045898
0 0.992187 0.575195 0.014648 0.056641
0 0.941406 0.587402 0.049805 0.071289
0 0.967773 0.953369 0.054688 0.052246
0 0.875488 0.888672 0.059570 0.050781
0 0.885010 0.753906 0.047363 0.045898
0 0.976074 0.848633 0.046875 0.066406
0 0.944580 0.814941 0.059082 0.056641
0 0.980713 0.990479 0.037598 0.018066
0 0.936768 0.997070 0.031738 0.004883
0 0.919434 0.851318 0.059570 0.042480
0 0.968018 0.747803 0.062012 0.059082
0 0.884521 0.720947 0.054199 0.045410
0 0.917236 0.629395 0.060059 0.058594
