0 0.885254 0.712402 0.069336 0.082031
0 0.976807 0.981934 0.045410 0.035156
0 0.863525 0.898438 0.079590 0.070312
0 0.990967 0.607910 0.017090 0.073242
0 0.830322 0.985107 0.064941 0.028809
0 0.960449 0.704102 0.078125 0.069336
0 0.991211 0.544678 0.016602 0.053223
0 0.688232 0.755127 0.089355 0.068848
0 0.800781 0.865479 0.087891 0.074707
0 0.995117 0.871338 0.008789 0.070801
0 0.865479 0.797363 0.073730 0.079102
0 0.740967 0.739502 0.074707 0.080566
0 0.968018 0.920166 0.062988 0.086426
0 0.927246 0.775879 0.065430 0.058594
0 0.722900 0.821533 0.067871 0.059082
0 0.783447 0.804688 0.082520 0.074219
0 0.813721 0.730469 0.074707 0.082031
0 0.854980 0.952393 0.082031 0.066895
0 0.992920 0.774902 0.013184 0.049805
0 0.979492 0.824707 0.040039 0.066406
0 0.923584 0.849609 0.073730 0.070312
0 0.903320 0.984131 0.062500 0.030762
0 0.951172 0.979492 0.033203 0.040039
