0 0.3182471264367816 0.52734375 0.024066091954022983 0.04067887931034475
0 0.6004849137931034 0.43440193965517243 0.0231681034482758 0.0390625
0 0.3980783045977011 0.4093480603448276 0.026041666666666685 0.04229525862068967
0 0.2080639367816092 0.5552262931034483 0.02424568965517243 0.030172413793103425
0 0.43866738505747127 0.49461206896551724 0.019576149425287348 0.03125
0 0.5158045977011494 0.4392510775862069 0.026221264367816133 0.0428340517241379
0 0.5159841954022988 0.35290948275862066 0.026580459770115028 0.04040948275862072
0 0.3119612068965517 0.7443426724137931 0.02837643678160917 0.03987068965517249
0 0.6461925287356322 0.6900592672413792 0.02155172413793105 0.04445043103448276
0 0.5133800287356323 0.2652209051724138 0.02819683908045978 0.03798491379310345
0 0.41190732758620685 0.44894935344827586 0.02496408045977011 0.03582974137931039
0 0.3459051724137931 0.41244612068965514 0.02298850574712641 0.038793103448275856
0 0.5746228448275862 0.5770474137931034 0.022449712643678232 0.0387931034482758
0 0.3129489942528736 0.5963092672413793 0.028915229885057514 0.04121767241379315
0 0.4678520114942529 0.36974676724137934 0.024784482758620663 0.03475215517241376
0 0.6285919540229885 0.31478987068965514 0.03053160919540221 0.03475215517241376
0 0.5490301724137931 0.39991918103448276 0.02442528735632188 0.0390625
0 0.4254669540229885 0.4245689655172414 0.024784482758620663 0.03717672413793105
0 0.6524784482758621 0.3415948275862069 0.022629310344827624 0.03717672413793105
0 0.36260775862068967 0.6841325431034483 0.026939655172413812 0.041756465517241326
0 0.47530531609195403 0.4019396551724138 0.02496408045977011 0.03556034482758624
0 0.36691810344827586 0.4265894396551724 0.026580459770114917 0.03798491379310348
0 0.2174030172413793 0.4636314655172414 0.02891522988505746 0.039870689655172376
0 0.5661817528735632 0.4306303879310345 0.022449712643678232 0.049838362068965525
0 0.43947557471264365 0.8459051724137931 0.01975574712643674 0.036099137931034475
0 0.5576508620689655 0.5402747844827587 0.022629310344827624 0.0390625
0 0.48186063218390807 0.5708512931034483 0.023706896551724144 0.033943965517241326
0 0.3780531609195402 0.5255926724137931 0.02083333333333337 0.028017241379310387
0 0.6605603448275863 0.5088900862068966 0.019755747126436796 0.02801724137931033
0 0.6242816091954022 0.7191540948275862 0.021192528735632155 0.032058189655172376
0 0.31070402298850575 0.7044719827586208 0.02442528735632188 0.03879310344827591
0 0.6487966954022988 0.40934806034482757 0.031070402298850497 0.0390625
0 0.6392780172413793 0.49380387931034486 0.024245689655172376 0.047952586206896575
0 0.491558908045977 0.2684536637931034 0.02334770114942525 0.036907327586206906
0 0.6269755747126438 0.4256465517241379 0.031609195402298895 0.03771551724137928
0 0.28744612068965514 0.6821120689655173 0.02496408045977011 0.04148706896551724
0 0.5062859195402298 0.2312769396551724 0.02047413793103442 0.031519396551724144
0 0.5072737068965517 0.5546875 0.02532327586206895 0.042025862068965525
0 0.5382543103448276 0.6532866379310345 0.021192528735632155 0.0355603448275863
0 0.5628591954022988 0.3464439655172414 0.025502873563218453 0.0350215517241379
0 0.33198635057471265 0.7420528017241379 0.021731321839080442 0.04229525862068961
0 0.5465158045977011 0.4983836206896552 0.024066091954022983 0.03879310344827591
0 0.18345905172413793 0.4575700431034483 0.032866379310344807 0.040678879310344807
0 0.5945581896551724 0.6784752155172413 0.024964080459770055 0.04283405172413801
0 0.2478448275862069 0.4168911637931034 0.028735632183908066 0.04014008620689652
0 0.6157507183908046 0.5783943965517242 0.024964080459770055 0.03879310344827591
0 0.38397988505747127 0.822332974137931 0.025143678160919558 0.03960129310344829
0 0.45096982758620685 0.43561422413793105 0.026221264367816077 0.03717672413793105
0 0.34707255747126436 0.3634159482758621 0.023527298850574696 0.03825431034482757
0 0.28098060344827586 0.7532327586206897 0.026400862068965525 0.04256465517241381
0 0.6227550287356322 0.38860452586206895 0.022808908045977017 0.037446120689655193
0 0.4407327586206896 0.8898168103448276 0.01831896551724138 0.03987068965517249
0 0.5500179597701149 0.6150323275862069 0.023527298850574696 0.04256465517241381
0 0.3351293103448276 0.5432381465517242 0.025502873563218398 0.04067887931034486
0 0.5438218390804598 0.4445043103448276 0.0269396551724137 0.043103448275862044
0 0.5427442528735633 0.3251616379310345 0.024784482758620663 0.03771551724137934
0 0.39448635057471265 0.9399245689655172 0.027119252873563204 0.04849137931034475
0 0.5551364942528736 0.3009159482758621 0.021192528735632155 0.037176724137930994
0 0.3842492816091954 0.6996228448275862 0.026400862068965525 0.047952586206896575
0 0.5939295977011494 0.5638469827586207 0.021192528735632155 0.039870689655172376
0 0.4870689655172414 0.5321928879310345 0.02227011494252873 0.04121767241379315
0 0.552801724137931 0.5763739224137931 0.021910919540229834 0.03475215517241381
0 0.5756106321839081 0.29458512931034486 0.025143678160919558 0.03259698275862072
0 0.6090158045977012 0.5223599137931034 0.028017241379310387 0.03771551724137934
0 0.4259159482758621 0.6337553879310345 0.030711206896551768 0.0433728448275863
0 0.4266343390804598 0.47817887931034486 0.020653735632183923 0.037176724137930994
0 0.4106501436781609 0.5258620689655172 0.02496408045977011 0.03340517241379315
0 0.5785739942528736 0.3798491379310345 0.024245689655172376 0.049030172413793094
0 0.3316271551724138 0.4380387931034483 0.02891522988505746 0.038793103448275856
0 0.3589260057471264 0.38254310344827586 0.023168103448275856 0.03717672413793105
0 0.3786817528735632 0.38658405172413796 0.02568247126436779 0.04148706896551724
0 0.5837823275862069 0.5366379310344828 0.023168103448275912 0.033943965517241326
0 0.6652298850574713 0.48356681034482757 0.025502873563218342 0.03663793103448276
0 0.5855783045977012 0.6248653017241379 0.02244971264367812 0.034213362068965525
0 0.4583333333333333 0.6555765086206896 0.029454022988505746 0.043911637931034475
0 0.3151939655172414 0.4735991379310345 0.025143678160919558 0.039870689655172376
0 0.22701149425287356 0.650323275862069 0.026580459770114917 0.03663793103448276
0 0.5211925287356322 0.5268049568965517 0.0193965517241379 0.028286637931034475
0 0.649066091954023 0.37742456896551724 0.024425287356321768 0.032327586206896575
0 0.6224856321839081 0.27599676724137934 0.025862068965517238 0.04391163793103453
0 0.21345186781609196 0.48760775862068967 0.03214798850574713 0.03771551724137934
0 0.6006645114942528 0.36530172413793105 0.02747844827586199 0.035021551724137956
0 0.44872485632183906 0.6310614224137931 0.01921695402298851 0.03475215517241381
0 0.2781070402298851 0.45514547413793105 0.03142959770114945 0.04606681034482757
0 0.264996408045977 0.6870959051724137 0.023527298850574696 0.03744612068965514
0 0.2887931034482759 0.6251346982758621 0.033405172413793094 0.040140086206896575
0 0.30432830459770116 0.4404633620689655 0.02460488505747127 0.039331896551724144
0 0.26041666666666663 0.5440463362068966 0.02262931034482757 0.030441810344827624
0 0.5801005747126436 0.32583512931034486 0.026580459770114917 0.04014008620689652
0 0.37895114942528735 0.49420797413793105 0.025862068965517238 0.03744612068965525
0 0.5103268678160919 0.4950161637931034 0.022808908045977017 0.041756465517241326
0 0.4261853448275862 0.5611530172413792 0.02765804597701149 0.04525862068965514
0 0.4771012931034483 0.4924568965517242 0.02424568965517243 0.035021551724137956
0 0.2529633620689655 0.5856681034482758 0.02460488505747127 0.03663793103448276
0 0.4952406609195402 0.41985452586206895 0.021731321839080442 0.037446120689655193
0 0.46273347701149425 0.6027747844827587 0.021012931034482762 0.043911637931034586
0 0.4105603448275862 0.7017780172413792 0.026939655172413757 0.04741379310344829
0 0.5835129310344828 0.4653825431034483 0.021910919540229834 0.040140086206896575
0 0.32839439655172414 0.6418372844827587 0.024245689655172376 0.04175646551724144
0 0.3682650862068966 0.8453663793103449 0.021012931034482762 0.030172413793103425
0 0.5262212643678161 0.30536099137931033 0.024066091954022983 0.037984913793103425
0 0.43534482758620685 0.6760506465517242 0.024425287356321823 0.040140086206896464
0 0.23958333333333331 0.6171875 0.022629310344827597 0.03125
0 0.6008441091954022 0.7059536637931034 0.019935344827586188 0.02559267241379315
0 0.6052442528735632 0.3359375 0.025143678160919558 0.039870689655172376
0 0.3994252873563218 0.6586745689655172 0.030172413793103425 0.049568965517241326
0 0.2265625 0.4247036637931034 0.02460488505747127 0.04768318965517243
0 0.2699353448275862 0.6050646551724138 0.02873563218390801 0.049568965517241326
0 0.5225395114942528 0.4011314655172414 0.024245689655172487 0.036099137931034475
0 0.6084770114942528 0.4900323275862069 0.026221264367816022 0.03178879310344829
0 0.531878591954023 0.5697737068965517 0.021731321839080442 0.034482758620689724
0 0.35326867816091956 0.47440732758620685 0.029454022988505746 0.039331896551724144
0 0.41747485632183906 0.8181573275862069 0.029992816091954033 0.03717672413793105
0 0.4735093390804598 0.4533943965517241 0.021731321839080442 0.04418103448275862
0 0.3522808908045977 0.5964439655172413 0.01885775862068967 0.03394396551724144
0 0.6742097701149425 0.33661099137931033 0.02909482758620685 0.037984913793103425
0 0.48563218390804597 0.6089709051724138 0.0193965517241379 0.0428340517241379
0 0.5995869252873562 0.29498922413793105 0.023168103448275912 0.03825431034482757
0 0.40499281609195403 0.7777478448275862 0.020833333333333315 0.036099137931034475
0 0.4133441091954023 0.48976293103448276 0.021731321839080497 0.038254310344827624
0 0.47772988505747127 0.30320581896551724 0.010775862068965525 0.03367456896551724
0 0.6333512931034483 0.6437230603448276 0.02676005747126431 0.040140086206896575
0 0.6364044540229885 0.5352909482758621 0.018498563218390718 0.03286637931034486
0 0.5375359195402298 0.5355603448275863 0.021192528735632155 0.03771551724137934
0 0.3098060344827586 0.7778825431034483 0.016882183908045967 0.02559267241379315
0 0.5418462643678161 0.46955818965517243 0.024784482758620663 0.02532327586206895
0 0.5061063218390804 0.5835129310344828 0.025143678160919558 0.032327586206896575
0 0.3890984195402299 0.7834051724137931 0.018857758620689613 0.03879310344827591
0 0.3998742816091954 0.5471443965517241 0.02819683908045978 0.03125
0 0.6443965517241379 0.43898168103448276 0.020474137931034475 0.020204741379310387
0 0.49811422413793105 0.30145474137931033 0.030711206896551657 0.030172413793103425
0 0.40032327586206895 0.5783943965517242 0.013649425287356298 0.025862068965517238
0 0.5274784482758621 0.5782596982758621 0.01867816091954022 0.04175646551724144
0 0.6170977011494252 0.4560883620689655 0.021192528735632155 0.022090517241379337
0 0.5673491379310345 0.45864762931034486 0.01867816091954022 0.013739224137930994
0 0.6201508620689655 0.6870959051724138 0.0237068965517242 0.046066810344827624
0 0.32956178160919536 0.7815193965517242 0.020114942528735635 0.03502155172413801
0 0.5206537356321839 0.6100484913793103 0.02298850574712641 0.02720905172413801
0 0.5891702586206896 0.7136314655172413 0.021731321839080442 0.042025862068965414
0 0.5627693965517241 0.4753502155172414 0.015625 0.022898706896551713
0 0.49057112068965514 0.3318965517241379 0.020653735632183867 0.04364224137931033
0 0.3798491379310345 0.5594019396551724 0.02155172413793105 0.03367456896551724
0 0.33001077586206895 0.8096713362068966 0.020653735632183923 0.022898706896551713
0 0.5837823275862069 0.42268318965517243 0.012392241379310387 0.02532327586206895
0 0.3302801724137931 0.8337823275862069 0.021192528735632155 0.018857758620689613
0 0.6046156609195402 0.5577855603448276 0.014188218390804641 0.03205818965517249
0 0.3948455459770115 0.5953663793103449 0.015625 0.04094827586206895
0 0.4609375 0.5383890086206897 0.021372126436781658 0.03205818965517249
0 0.5822557471264368 0.6676993534482758 0.028735632183908066 0.03636853448275856
0 0.5076329022988506 0.3135775862068966 0.02388649425287359 0.035021551724137956
0 0.5325969827586208 0.4772359913793104 0.019935344827586188 0.03044181034482757
0 0.5719288793103448 0.6470905172413793 0.024964080459770055 0.036099137931034475
0 0.30702227011494254 0.6655441810344828 0.019935344827586188 0.038523706896551824
0 0.4333692528735632 0.5172413793103449 0.01903735632183906 0.020474137931034475
0 0.37679597701149425 0.8968211206896552 0.022629310344827624 0.026939655172413812
0 0.5500179597701149 0.36893857758620685 0.02388649425287359 0.025592672413793094
0 0.49407327586206895 0.4587823275862069 0.02083333333333326 0.03771551724137934
0 0.28412356321839083 0.6558459051724137 0.020114942528735635 0.025053879310344862
0 0.4094827586206896 0.9621497844827587 0.024425287356321823 0.03636853448275856
0 0.5627693965517242 0.6255387931034483 0.017420977011494254 0.0387931034482758
0 0.3635057471264368 0.9632273706896552 0.029813218390804586 0.04121767241379304
0 0.48886494252873564 0.3601831896551724 0.017241379310344862 0.03017241379310348
0 0.4375 0.7042025862068966 0.017600574712643646 0.022090517241379337
0 0.48895474137931033 0.3822737068965517 0.01849856321839083 0.021012931034482762
0 0.5599856321839081 0.6648706896551724 0.016882183908045967 0.042025862068965525
0 0.36853448275862066 0.9923221982758621 0.033045977011494254 0.014816810344827624
0 0.32588002873563215 0.9217403017241379 0.023886494252873536 0.04337284482758619
0 0.6293103448275862 0.34186422413793105 0.028017241379310276 0.02532327586206895
0 0.21964798850574713 0.5258620689655172 0.024425287356321823 0.0350215517241379
0 0.5395114942528736 0.6802262931034483 0.017241379310344862 0.0193965517241379
0 0.4447737068965517 0.5775862068965517 0.02424568965517243 0.047952586206896575
0 0.29085847701149425 0.7992995689655172 0.016702586206896575 0.040409482758620774
0 0.3357579022988506 0.48195043103448276 0.01454741379310348 0.03663793103448271
0 0.6285919540229885 0.36247306034482757 0.028376436781609282 0.023976293103448287
0 0.4217852011494253 0.5824353448275863 0.022449712643678177 0.03178879310344829
0 0.6047952586206897 0.3857758620689655 0.02244971264367812 0.017780172413793094
0 0.25942887931034486 0.7459590517241379 0.019935344827586243 0.03448275862068961
0 0.45959051724137934 0.5084859913793103 0.019396551724137956 0.03960129310344829
0 0.5892600574712643 0.40436422413793105 0.015445402298850497 0.020474137931034475
0 0.2791846264367816 0.720770474137931 0.01849856321839083 0.024515086206896575
0 0.3781429597701149 0.5968480603448276 0.017780172413793094 0.03852370689655171
0 0.4521372126436781 0.4649784482758621 0.02424568965517243 0.02262931034482757
0 0.5197557471264368 0.37917564655172414 0.028017241379310276 0.014278017241379337
0 0.37221623563218387 0.44558189655172414 0.02209051724137928 0.019935344827586188
0 0.3890086206896552 0.42739762931034486 0.01867816091954022 0.029364224137930994
0 0.3998742816091954 0.45864762931034486 0.021012931034482762 0.036907327586206906
0 0.2920258620689655 0.49744073275862066 0.02298850574712641 0.029364224137930994
0 0.35380747126436785 0.5102370689655172 0.01831896551724138 0.018318965517241326
