0 0.32561063218390807 0.39304956896551724 0.025502873563218398 0.04525862068965514
0 0.39394755747126436 0.31398168103448276 0.025682471264367845 0.03960129310344829
0 0.8193247126436782 0.7816540948275862 0.02837643678160917 0.0466056034482758
0 0.4292385057471264 0.38429418103448276 0.02334770114942525 0.03367456896551724
0 0.45914152298850575 0.5478178879310345 0.02855603448275862 0.032058189655172376
0 0.8352191091954022 0.6224407327586207 0.033225574712643646 0.049838362068965525
0 0.7733477011494253 0.5307112068965518 0.025143678160919558 0.03556034482758619
0 0.4110093390804598 0.47454202586206895 0.02388649425287359 0.030980603448275856
0 0.5510955459770115 0.572332974137931 0.03286637931034475 0.04067887931034475
0 0.4499820402298851 0.6016971982758621 0.02783764367816094 0.040140086206896575
0 0.39448635057471265 0.4158135775862069 0.02388649425287359 0.03744612068965514
0 0.5282866379310345 0.537176724137931 0.023527298850574807 0.03771551724137934
0 0.36539152298850575 0.5510506465517242 0.02891522988505746 0.037984913793103536
0 0.5545079022988506 0.4096174568965517 0.02819683908045978 0.05037715517241381
0 0.5153556034482758 0.8360721982758621 0.029633620689655138 0.04067887931034486
0 0.5479525862068966 0.7417834051724137 0.02765804597701149 0.04445043103448276
0 0.3176185344827586 0.4956896551724138 0.029274425287356354 0.038793103448275856
0 0.3749102011494253 0.3353987068965517 0.027119252873563204 0.04040948275862066
0 0.42429956896551724 0.6990840517241379 0.026400862068965525 0.03933189655172409
0 0.6865122126436782 0.6333512931034483 0.024245689655172487 0.038254310344827624
0 0.8299209770114943 0.5289601293103449 0.03340517241379315 0.047683189655172376
0 0.48239942528735635 0.5770474137931034 0.029094827586206906 0.04364224137931039
0 0.5700431034482759 0.2712823275862069 0.02765804597701149 0.03663793103448276
0 0.5770474137931034 0.4815463362068966 0.028017241379310387 0.04498922413793105
0 0.3054058908045977 0.5540140086206897 0.023886494252873536 0.03690732758620696
0 0.8516522988505747 0.5607489224137931 0.039870689655172376 0.05253232758620696
0 0.3545258620689655 0.38846982758620685 0.03125 0.03825431034482757
0 0.5764188218390804 0.23828125 0.026400862068965525 0.034213362068965525
0 0.8033405172413793 0.5436422413793103 0.030172413793103425 0.04364224137931039
0 0.6102729885057472 0.3290678879310345 0.02083333333333337 0.032058189655172376
0 0.397808908045977 0.5557650862068966 0.03053160919540232 0.04148706896551724
0 0.517510775862069 0.3615301724137931 0.02532327586206895 0.03771551724137934
0 0.44791666666666663 0.49366918103448276 0.030531609195402265 0.03852370689655177
0 0.4932650862068965 0.7708782327586207 0.027119252873563204 0.03690732758620685
0 0.5197557471264367 0.5832435344827587 0.02837643678160917 0.04040948275862066
0 0.5007183908045977 0.5460668103448276 0.02873563218390801 0.0431034482758621
0 0.7910380747126438 0.4796605603448276 0.028556034482758563 0.03798491379310348
0 0.7980423850574713 0.6951778017241379 0.034662356321839116 0.04660560344827591
0 0.4803340517241379 0.4089439655172414 0.020653735632183923 0.03178879310344829
0 0.8197737068965518 0.4834321120689655 0.02460488505747127 0.04175646551724138
0 0.5167025862068966 0.2400323275862069 0.026939655172413812 0.04094827586206898
0 0.7314116379310345 0.5794719827586207 0.03178879310344829 0.044181034482758674
0 0.7489224137931034 0.5426993534482758 0.02765804597701149 0.04498922413793094
0 0.4348060344827586 0.2817887931034483 0.02442528735632188 0.032866379310344807
0 0.5225395114942528 0.7575431034482758 0.03035201149425293 0.04849137931034486
0 0.3744612068965517 0.30051185344827586 0.025862068965517238 0.02936422413793105
0 0.5278376436781609 0.47871767241379315 0.028735632183908066 0.03987068965517243
0 0.4189116379310345 0.3271821120689655 0.01921695402298851 0.032058189655172376
0 0.40804597701149425 0.29108297413793105 0.02442528735632188 0.04337284482758619
0 0.5863864942528736 0.3270474137931034 0.02837643678160917 0.039331896551724144
0 0.2531429597701149 0.41662176724137934 0.032866379310344807 0.03798491379310348
0 0.6287715517241379 0.3096713362068966 0.02011494252873558 0.034213362068965525
0 0.8477011494252873 0.48356681034482757 0.03448275862068961 0.04256465517241381
0 0.29454022988505746 0.4775053879310345 0.032327586206896575 0.041217672413793094
0 0.45644755747126436 0.3252963362068966 0.02460488505747127 0.037446120689655193
0 0.8089978448275862 0.6084321120689655 0.026400862068965525 0.042295258620689724
0 0.5542385057471264 0.6821120689655173 0.02765804597701149 0.04148706896551724
0 0.608746408045977 0.3828125 0.023527298850574807 0.038254310344827624
0 0.7069863505747127 0.4886853448275862 0.03178879310344829 0.042025862068965525
0 0.7954382183908046 0.5121228448275862 0.02765804597701149 0.03825431034482757
0 0.53125 0.6526131465517242 0.029454022988505857 0.04876077586206906
0 0.5706716954022988 0.3709590517241379 0.03178879310344829 0.04364224137931033
0 0.4657866379310345 0.43116918103448276 0.024245689655172376 0.03636853448275862
0 0.37993893678160917 0.4807381465517241 0.031070402298850552 0.039062499999999944
0 0.5431034482758621 0.7900053879310345 0.02981321839080464 0.04445043103448276
0 0.38164511494252873 0.26091056034482757 0.026580459770114917 0.05091594827586207
0 0.31833692528735635 0.43992456896551724 0.02711925287356326 0.04364224137931039
0 0.8557830459770115 0.6553071120689655 0.032327586206896575 0.0471443965517242
0 0.43938577586206895 0.45339439655172414 0.029274425287356298 0.04040948275862066
0 0.529992816091954 0.43588362068965514 0.028017241379310276 0.039331896551724144
0 0.2725395114942529 0.4080010775862069 0.0274784482758621 0.04445043103448276
0 0.35784841954022983 0.5076778017241379 0.026760057471264365 0.047683189655172376
0 0.5979705459770115 0.3663793103448276 0.027119252873563315 0.045258620689655193
0 0.4089439655172414 0.3833512931034483 0.024784482758620663 0.039331896551724144
0 0.5499281609195402 0.23154633620689657 0.025502873563218342 0.03852370689655174
0 0.4650682471264368 0.4660560344827587 0.026400862068965525 0.03394396551724138
0 0.3410560344827586 0.42807112068965514 0.024066091954022983 0.03232758620689652
0 0.5308010057471264 0.39641702586206895 0.02532327586206895 0.0390625
0 0.7342852011494252 0.47198275862068967 0.029274425287356354 0.042025862068965525
0 0.5066451149425287 0.6748383620689655 0.026580459770114917 0.03340517241379315
0 0.2658943965517241 0.4532596982758621 0.02496408045977011 0.03259698275862072
0 0.888739224137931 0.6355064655172413 0.03142959770114939 0.04418103448275856
0 0.8206716954022988 0.5805495689655172 0.02747844827586199 0.04094827586206895
0 0.7784662356321839 0.5700431034482758 0.029633620689655138 0.03987068965517249
0 0.5029633620689655 0.7155172413793103 0.03394396551724138 0.04741379310344829
0 0.4487248563218391 0.7021821120689655 0.02496408045977011 0.043911637931034475
0 0.28816451149425293 0.44396551724137934 0.030352011494252873 0.040948275862069006
0 0.29929956896551724 0.4030172413793104 0.0274784482758621 0.045258620689655193
0 0.5355603448275862 0.26953125 0.026580459770114917 0.04175646551724135
0 0.38541666666666663 0.51953125 0.027298850574712652 0.040140086206896575
0 0.42681393678160917 0.6085668103448276 0.023168103448275856 0.03717672413793105
0 0.40346623563218387 0.3397090517241379 0.026041666666666685 0.04364224137931033
0 0.5444504310344828 0.6107219827586207 0.02963362068965525 0.038254310344827624
0 0.579382183908046 0.4183728448275862 0.032327586206896575 0.04633620689655171
0 0.31447557471264365 0.525457974137931 0.03017241379310348 0.03690732758620685
0 0.38451867816091956 0.37755926724137934 0.025862068965517238 0.04229525862068967
0 0.5092492816091954 0.37338362068965514 0.017420977011494254 0.038793103448275856
0 0.49335488505747127 0.3115571120689655 0.025143678160919558 0.030441810344827624
0 0.6368534482758621 0.3560075431034483 0.016882183908045967 0.02613146551724138
0 0.553430316091954 0.3036099137931034 0.027119252873563204 0.036099137931034475
0 0.5875538793103448 0.30266702586206895 0.02604166666666663 0.02074353448275862
0 0.624371408045977 0.3425377155172414 0.014547413793103425 0.027747844827586188
0 0.609375 0.3013200431034483 0.019755747126436685 0.0234375
0 0.6192528735632183 0.3953394396551724 0.024784482758620663 0.025592672413793094
0 0.4677622126436781 0.38025323275862066 0.026041666666666685 0.031519396551724144
0 0.7638290229885057 0.4714439655172414 0.026580459770114917 0.02532327586206895
0 0.7647270114942528 0.4991918103448276 0.033764367816092045 0.037176724137931105
0 0.4406429597701149 0.34940732758620685 0.019935344827586243 0.029094827586206906
0 0.7378771551724138 0.509832974137931 0.026400862068965525 0.03475215517241376
0 0.43776939655172414 0.3135775862068966 0.01706178160919536 0.03556034482758624
0 0.4719827586206896 0.3355334051724138 0.01903735632183906 0.03044181034482757
0 0.6864224137931034 0.5288254310344828 0.03268678160919536 0.0387931034482758
0 0.4876077586206896 0.3519665948275862 0.01831896551724138 0.02990301724137928
0 0.7233297413793103 0.5474137931034483 0.03214798850574707 0.032327586206896575
0 0.7077945402298851 0.5739493534482758 0.028017241379310387 0.04822198275862066
0 0.5017061781609196 0.3324353448275862 0.02209051724137928 0.03663793103448276
0 0.7449712643678161 0.6170528017241379 0.023706896551724088 0.04822198275862066
0 0.5242456896551724 0.3186961206896552 0.02298850574712641 0.030711206896551713
0 0.7341954022988506 0.6259428879310345 0.01795977011494254 0.042295258620689724
0 0.5432830459770115 0.3410560344827586 0.024425287356321768 0.03340517241379315
0 0.4426185344827586 0.41945043103448276 0.0274784482758621 0.03448275862068961
0 0.6830998563218391 0.7203663793103448 0.02244971264367812 0.04040948275862066
0 0.7082435344827587 0.7306034482758621 0.026400862068965414 0.04741379310344829
0 0.4119971264367816 0.43386314655172414 0.025143678160919558 0.03313577586206895
0 0.37329382183908044 0.4275323275862069 0.021012931034482762 0.0274784482758621
0 0.7464978448275863 0.7452855603448276 0.033225574712643646 0.04822198275862066
0 0.36341594827586204 0.45501077586206895 0.021012931034482762 0.03663793103448276
0 0.7658943965517242 0.7964709051724138 0.02604166666666663 0.0471443965517242
0 0.7934626436781609 0.7918911637931034 0.023706896551724088 0.0466056034482758
0 0.3397090517241379 0.46875 0.02711925287356326 0.03879310344827591
0 0.6954920977011494 0.7834051724137931 0.021372126436781547 0.04471982758620696
0 0.3322557471264368 0.5637122844827587 0.022988505747126464 0.05845905172413801
0 0.34985632183908044 0.5511853448275862 0.01221264367816094 0.043642241379310276
0 0.7172234195402298 0.8154633620689655 0.01849856321839083 0.039870689655172376
0 0.36476293103448276 0.5748922413793103 0.025143678160919558 0.02909482758620696
0 0.7433548850574712 0.7994342672413793 0.025862068965517238 0.04498922413793105
0 0.41208692528735635 0.5110452586206897 0.026760057471264365 0.03879310344827591
0 0.7310524425287357 0.857354525862069 0.021372126436781547 0.0471443965517242
0 0.6974676724137931 0.8822737068965518 0.01849856321839083 0.04633620689655171
0 0.3872126436781609 0.4500269396551724 0.01831896551724138 0.03259698275862072
0 0.7042025862068966 0.8323006465517242 0.019755747126436796 0.037984913793103536
0 0.4375897988505747 0.5127963362068966 0.021372126436781602 0.034213362068965525
0 0.6848060344827587 0.8356681034482758 0.016882183908046078 0.05657327586206906
0 0.4305854885057471 0.5390625 0.021731321839080442 0.028556034482758674
0 0.43723060344827586 0.5669450431034482 0.023527298850574696 0.03475215517241381
0 0.5555854885057472 0.915948275862069 0.01634339080459768 0.0431034482758621
0 0.4110991379310345 0.5726023706896552 0.024066091954022983 0.03367456896551724
0 0.5346623563218391 0.7043372844827587 0.02083333333333337 0.04229525862068961
0 0.46246408045977017 0.5203394396551724 0.023706896551724144 0.03205818965517249
0 0.5136494252873562 0.63671875 0.014727011494252928 0.030441810344827624
0 0.7980423850574713 0.6544989224137931 0.021372126436781658 0.03744612068965514
0 0.4780890804597701 0.4997306034482758 0.02298850574712641 0.027478448275862044
0 0.7338362068965517 0.6625808189655172 0.031609195402298784 0.036368534482758674
0 0.49371408045977017 0.5074084051724138 0.022988505747126464 0.03852370689655166
0 0.4965876436781609 0.4692887931034483 0.02873563218390801 0.03771551724137934
0 0.7693067528735633 0.6713362068965517 0.023527298850574696 0.04903017241379315
0 0.828753591954023 0.7213092672413792 0.03214798850574718 0.04552801724137934
0 0.5021551724137931 0.43116918103448276 0.023706896551724088 0.03852370689655171
0 0.5506465517241379 0.5114493534482758 0.02227011494252873 0.03582974137931039
0 0.5713002873563219 0.5734105603448276 0.0118534482758621 0.04714439655172409
0 0.5185883620689655 0.509698275862069 0.02460488505747127 0.029633620689655193
0 0.7202765804597702 0.7698006465517241 0.022808908045977017 0.043911637931034475
0 0.4750359195402299 0.6205549568965517 0.0193965517241379 0.035829741379310276
0 0.41855244252873564 0.6472252155172413 0.0274784482758621 0.04606681034482751
0 0.4493534482758621 0.6293103448275862 0.01975574712643674 0.024245689655172376
0 0.4559087643678161 0.6590786637931034 0.023527298850574696 0.03744612068965514
0 0.48356681034482757 0.6527478448275862 0.027119252873563204 0.0393318965517242
0 0.5117636494252873 0.6038523706896552 0.028556034482758563 0.029903017241379337
0 0.491558908045977 0.6167834051724138 0.01831896551724138 0.04121767241379315
0 0.4813218390804598 0.6939655172413792 0.02262931034482757 0.04525862068965514
0 0.4410021551724138 0.7280441810344827 0.027119252873563204 0.018049568965517238
0 0.4155890804597701 0.7121497844827587 0.02227011494252873 0.03744612068965514
0 0.4146012931034483 0.7428609913793103 0.03214798850574713 0.029903017241379337
0 0.43004669540229884 0.7578125 0.0274784482758621 0.046336206896551824
0 0.4578843390804598 0.7524245689655172 0.021012931034482762 0.040409482758620774
0 0.4719827586206896 0.7103987068965518 0.025502873563218398 0.04256465517241381
0 0.48715876436781613 0.740301724137931 0.023168103448275856 0.026939655172413812
0 0.5580100574712643 0.5382543103448276 0.03053160919540232 0.03286637931034486
0 0.47629310344827586 0.5303071120689655 0.017241379310344862 0.0347521551724137
0 0.6046156609195403 0.4671336206896552 0.02819683908045978 0.03178879310344829
0 0.5466056034482758 0.45177801724137934 0.020294540229884972 0.038793103448275856
0 0.607489224137931 0.4300915948275862 0.02891522988505746 0.036907327586206906
0 0.6260775862068966 0.4263200431034483 0.015445402298850608 0.0272090517241379
