0 0.32983117816091956 0.5005387931034483 0.019576149425287348 0.03663793103448271
0 0.492816091954023 0.1636584051724138 0.01975574712643674 0.03313577586206898
0 0.5398706896551724 0.1966594827586207 0.023347701149425304 0.029633620689655193
0 0.4352550287356322 0.2056842672413793 0.01921695402298851 0.02936422413793105
0 0.2892420977011494 0.5347521551724138 0.018498563218390773 0.03125
0 0.4817708333333333 0.23356681034482757 0.022808908045977017 0.026939655172413784
0 0.4161278735632184 0.22777478448275862 0.02298850574712641 0.03044181034482757
0 0.31537356321839083 0.2613146551724138 0.01975574712643674 0.03125000000000003
0 0.26894755747126436 0.29296875 0.018857758620689613 0.03151939655172409
0 0.27837643678160917 0.41877693965517243 0.025502873563218398 0.03313577586206895
0 0.35290948275862066 0.3316271551724138 0.019396551724137956 0.03232758620689652
0 0.2594288793103448 0.44221443965517243 0.024604885057471243 0.03313577586206895
0 0.31025502873563215 0.4916487068965517 0.020294540229885027 0.032327586206896575
0 0.29938936781609193 0.3279903017241379 0.021551724137930994 0.033135775862069006
0 0.46336206896551724 0.2036637931034483 0.021192528735632155 0.02855603448275862
0 0.4453125 0.18601831896551724 0.01778017241379315 0.031519396551724144
0 0.4774604885057471 0.17860991379310345 0.020294540229885083 0.029094827586206906
0 0.4553699712643678 0.5848599137931034 0.015625 0.02909482758620685
0 0.2995689655172414 0.2587553879310345 0.015445402298850608 0.028825431034482762
0 0.5216415229885057 0.2566002155172414 0.022449712643678232 0.02936422413793105
0 0.452496408045977 0.22023168103448276 0.01921695402298851 0.03044181034482757
0 0.32417385057471265 0.6030441810344828 0.019755747126436796 0.032058189655172376
0 0.3835308908045977 0.2369342672413793 0.01921695402298851 0.030980603448275856
0 0.33719468390804597 0.7540409482758621 0.018139367816091934 0.029633620689655138
0 0.33827227011494254 0.4657866379310345 0.021372126436781602 0.033405172413793094
0 0.45968031609195403 0.1802262931034483 0.016702586206896575 0.022629310344827597
0 0.3010057471264368 0.4327855603448276 0.020114942528735635 0.03259698275862072
0 0.24910201149425287 0.5475484913793104 0.021192528735632182 0.03313577586206895
0 0.4827586206896552 0.2109375 0.01867816091954022 0.030711206896551713
0 0.2727191091954023 0.5394665948275863 0.021731321839080497 0.029903017241379337
0 0.35811781609195403 0.4481411637931034 0.02262931034482757 0.03205818965517243
0 0.5290948275862069 0.47292564655172414 0.018318965517241437 0.03852370689655171
0 0.4227729885057471 0.19181034482758622 0.019755747126436796 0.03125
0 0.5413074712643677 0.3046875 0.019755747126436796 0.030172413793103425
0 0.4963182471264368 0.3448275862068966 0.022808908045977017 0.027478448275862044
0 0.44145114942528735 0.29539331896551724 0.02227011494252873 0.03259698275862066
0 0.5016163793103449 0.24609375 0.016882183908046022 0.027209051724137928
0 0.3194145114942529 0.34240301724137934 0.020294540229885083 0.03017241379310348
0 0.2377873563218391 0.40315193965517243 0.01867816091954022 0.03960129310344829
0 0.4661458333333333 0.24232219827586204 0.01921695402298851 0.04014008620689655
0 0.34958692528735635 0.5004040948275862 0.02352729885057475 0.03690732758620685
0 0.406878591954023 0.1333512931034483 0.01490660919540232 0.025323275862068964
0 0.33036997126436785 0.7261584051724138 0.020294540229885027 0.0309806034482758
0 0.32677801724137934 0.6949084051724137 0.019576149425287348 0.03475215517241381
0 0.4119073275862069 0.15948275862068967 0.02388649425287359 0.028556034482758647
0 0.3485991379310345 0.6755118534482758 0.020114942528735635 0.03529094827586199
0 0.3958333333333333 0.16325431034482757 0.016163793103448287 0.027478448275862072
0 0.3350395114942529 0.6410290948275862 0.01706178160919536 0.02128232758620685
0 0.3975395114942529 0.18682650862068967 0.010596264367816133 0.01697198275862069
0 0.39026580459770116 0.1875 0.00969827586206895 0.02424568965517243
0 0.3359375 0.5829741379310345 0.021012931034482762 0.03340517241379315
0 0.3400682471264368 0.5538793103448276 0.018139367816091934 0.026939655172413812
0 0.3979885057471264 0.20891702586206895 0.01975574712643674 0.027747844827586216
0 0.2941810344827587 0.24326508620689657 0.020114942528735635 0.03071120689655174
0 0.3514727011494253 0.5476831896551724 0.015445402298850552 0.0274784482758621
0 0.3676364942528736 0.580010775862069 0.017959770114942486 0.034482758620689724
0 0.33144755747126436 0.2782866379310345 0.020294540229885083 0.030711206896551713
0 0.3086386494252874 0.2918911637931034 0.01885775862068967 0.029364224137930994
0 0.3790409482758621 0.5972521551724138 0.011673850574712652 0.028556034482758674
0 0.37679597701149425 0.4446390086206896 0.015086206896551713 0.027209051724137956
0 0.2931932471264368 0.2800377155172414 0.018139367816091934 0.024515086206896575
0 0.38496767241379315 0.4578394396551724 0.021372126436781602 0.037446120689655193
0 0.2843929597701149 0.2978178879310345 0.023886494252873536 0.027747844827586188
0 0.2775682471264368 0.31896551724137934 0.019576149425287348 0.019935344827586243
0 0.36871408045977017 0.4762931034482759 0.020114942528735635 0.029094827586206906
0 0.3745510057471264 0.4933997844827587 0.011673850574712652 0.01643318965517243
0 0.3520114942528736 0.2867726293103448 0.02119252873563221 0.028825431034482762
0 0.3735632183908046 0.6609644396551724 0.0193965517241379 0.030980603448275912
0 0.34375 0.3073814655172414 0.024784482758620663 0.02532327586206895
0 0.45599856321839083 0.6443965517241379 0.011853448275862044 0.0274784482758621
0 0.33315373563218387 0.31384698275862066 0.016522988505747127 0.023706896551724144
0 0.34563577586206895 0.3371497844827586 0.01490660919540232 0.03259698275862066
0 0.29822198275862066 0.6575969827586207 0.011673850574712652 0.036099137931034475
0 0.2893318965517241 0.5611530172413793 0.02191091954022989 0.016702586206896575
0 0.3439295977011494 0.36691810344827586 0.016163793103448232 0.025862068965517238
0 0.2921156609195402 0.5813577586206897 0.019576149425287348 0.018318965517241437
0 0.3583872126436781 0.39197198275862066 0.01885775862068967 0.03232758620689652
0 0.35551364942528735 0.40705818965517243 0.016702586206896575 0.020474137931034475
0 0.3740122126436781 0.5196659482758621 0.010596264367816077 0.02155172413793105
0 0.33782327586206895 0.3832165948275862 0.019396551724137956 0.02020474137931033
0 0.2568247126436781 0.3009159482758621 0.01005747126436779 0.027478448275862044
0 0.37365301724137934 0.3996497844827586 0.013469827586206906 0.034213362068965525
0 0.3393498563218391 0.40261314655172414 0.01454741379310348 0.018588362068965525
0 0.36557112068965514 0.3403825431034483 0.014906609195402265 0.022898706896551713
0 0.3195043103448276 0.3650323275862069 0.015804597701149448 0.019935344827586188
0 0.36170977011494254 0.3545258620689655 0.016163793103448287 0.014008620689655138
0 0.1995330459770115 0.38739224137931033 0.014367816091954033 0.022090517241379337
0 0.24694683908045978 0.3643588362068966 0.017241379310344862 0.019127155172413757
0 0.38900862068965514 0.41729525862068967 0.017241379310344807 0.04094827586206895
0 0.4060704022988506 0.4220096982758621 0.014727011494252873 0.03582974137931033
0 0.2905890804597701 0.3760775862068966 0.015086206896551713 0.029094827586206906
0 0.2855603448275862 0.35695043103448276 0.020833333333333315 0.03286637931034486
0 0.40023347701149425 0.3895474137931034 0.018139367816091934 0.029094827586206906
0 0.25763290229885055 0.4112338362068966 0.01921695402298848 0.037446120689655193
0 0.4515984195402299 0.5595366379310345 0.010237068965517238 0.0237068965517242
0 0.2271012931034483 0.44504310344827586 0.020653735632183895 0.026939655172413812
0 0.5001795977011494 0.19261853448275862 0.023347701149425304 0.023706896551724144
0 0.5239762931034483 0.203125 0.01778017241379315 0.02801724137931033
0 0.28780531609195403 0.45501077586206895 0.01490660919540232 0.035021551724137956
0 0.5008081896551724 0.21080280172413793 0.021372126436781602 0.02074353448275862
0 0.25897988505747127 0.4893588362068966 0.016522988505747127 0.03367456896551718
0 0.500628591954023 0.22642780172413793 0.021731321839080442 0.018588362068965525
0 0.24937140804597702 0.4806034482758621 0.015265804597701133 0.029633620689655193
0 0.5205639367816092 0.23195043103448276 0.021372126436781658 0.026939655172413812
0 0.2765804597701149 0.5036368534482758 0.02047413793103453 0.035290948275862044
0 0.5310704022988506 0.22427262931034483 0.014727011494252928 0.023976293103448287
0 0.5222701149425287 0.27707435344827586 0.014367816091954033 0.01751077586206895
0 0.5045797413793103 0.2739762931034483 0.022090517241379337 0.026939655172413812
0 0.48599137931034486 0.28367456896551724 0.019396551724137956 0.0274784482758621
0 0.4994612068965517 0.29539331896551724 0.014367816091954033 0.016971982758620663
0 0.4418103448275862 0.2377424568965517 0.01795977011494254 0.025053879310344834
0 0.4460308908045977 0.2613146551724138 0.022808908045977017 0.029633620689655166
0 0.45878232758620685 0.2840786637931034 0.01598419540229884 0.03798491379310348
0 0.42358117816091956 0.2660290948275862 0.018498563218390773 0.03044181034482757
0 0.40508261494252873 0.27882543103448276 0.01634339080459768 0.024245689655172376
0 0.3917025862068966 0.26427801724137934 0.01903735632183906 0.02640086206896547
0 0.44154094827586204 0.3130387931034483 0.01921695402298851 0.017241379310344807
0 0.4348958333333333 0.3231411637931034 0.013829022988505746 0.018588362068965525
0 0.47539511494252873 0.3050915948275862 0.017241379310344862 0.030980603448275856
0 0.4967672413793104 0.3192349137931034 0.025502873563218398 0.026400862068965525
0 0.5093390804597702 0.32004310344827586 0.010775862068965525 0.032327586206896575
0 0.5256824712643678 0.3112877155172414 0.01795977011494254 0.04337284482758619
0 0.5425646551724138 0.3247575431034483 0.016522988505747183 0.018588362068965525
0 0.5334949712643678 0.3407866379310345 0.015625 0.01885775862068967
0 0.521551724137931 0.3407866379310345 0.0118534482758621 0.030172413793103425
0 0.4775502873563219 0.36260775862068967 0.01831896551724138 0.025862068965517238
0 0.45842313218390807 0.31438577586206895 0.010955459770114973 0.01885775862068967
0 0.4211566091954023 0.2962015086206896 0.01867816091954022 0.030980603448275856
0 0.3718570402298851 0.29445043103448276 0.021372126436781602 0.026400862068965525
0 0.3904454022988506 0.3073814655172414 0.017241379310344807 0.03448275862068961
0 0.37697557471264365 0.26778017241379315 0.015086206896551768 0.023706896551724144
0 0.3952945402298851 0.3380926724137931 0.017241379310344807 0.024784482758620663
0 0.40490301724137934 0.3058997844827586 0.012392241379310331 0.03151939655172409
0 0.42052801724137934 0.33351293103448276 0.02209051724137928 0.032327586206896575
0 0.4489942528735632 0.33230064655172414 0.016882183908045967 0.030441810344827624
0 0.4410021551724138 0.36395474137931033 0.015625 0.026939655172413812
0 0.45806393678160917 0.3671875 0.01598419540229884 0.02909482758620685
0 0.43292025862068967 0.35398706896551724 0.022090517241379337 0.02532327586206895
0 0.4067887931034483 0.36085668103448276 0.01831896551724138 0.03313577586206895
0 0.38317169540229884 0.3516971982758621 0.013829022988505746 0.02074353448275862
0 0.37473060344827586 0.31384698275862066 0.018857758620689613 0.01670258620689652
0 0.399066091954023 0.23235452586206895 0.013649425287356354 0.02020474137931036
0 0.42061781609195403 0.3754040948275862 0.020474137931034475 0.03636853448275862
0 0.42223419540229884 0.40099676724137934 0.01867816091954022 0.019127155172413757
0 0.4546515804597701 0.39210668103448276 0.014547413793103425 0.032058189655172376
0 0.4410021551724138 0.3911637931034483 0.015625 0.02424568965517243
0 0.43471623563218387 0.41554418103448276 0.014188218390804586 0.0234375
0 0.4552801724137931 0.41958512931034486 0.017241379310344862 0.033135775862069006
0 0.47216235632183906 0.39278017241379315 0.01795977011494254 0.03448275862068967
0 0.4870689655172414 0.3844288793103448 0.014367816091954033 0.026400862068965525
0 0.4927262931034483 0.3714978448275862 0.011314655172413812 0.027478448275862044
0 0.5053879310344828 0.38469827586206895 0.01795977011494254 0.02801724137931033
0 0.48150143678160917 0.4230872844827587 0.015804597701149448 0.02613146551724138
0 0.4496228448275862 0.4454471982758621 0.017061781609195414 0.033135775862069006
0 0.5091594827586207 0.4696928879310345 0.01795977011494254 0.0352909482758621
0 0.5232579022988506 0.4357489224137931 0.022090517241379337 0.03259698275862066
0 0.49102011494252873 0.4680765086206896 0.017600574712643646 0.03205818965517243
0 0.49883261494252873 0.4893588362068966 0.01526580459770116 0.017510775862069006
0 0.48823635057471265 0.49407327586206895 0.020294540229885083 0.02909482758620685
0 0.5154454022988506 0.49447737068965514 0.017600574712643646 0.021821120689655193
0 0.4812320402298851 0.45676185344827586 0.020653735632183923 0.027747844827586188
0 0.4734195402298851 0.4412715517241379 0.016882183908046022 0.029094827586206906
