0 0.4803340517241379 0.9303609913793104 0.02855603448275862 0.043911637931034475
0 0.4766522988505747 0.7710129310344828 0.02478448275862072 0.030711206896551824
0 0.7837643678160919 0.39655172413793105 0.021192528735632155 0.027478448275862044
0 0.45141882183908044 0.3826778017241379 0.031070402298850552 0.042834051724137956
0 0.7595186781609196 0.2644127155172414 0.026939655172413812 0.0390625
0 0.7020474137931034 0.1861530172413793 0.022629310344827624 0.038793103448275856
0 0.759069683908046 0.32960668103448276 0.020653735632183867 0.0234375
0 0.6050646551724137 0.12015086206896552 0.02227011494252873 0.0355603448275862
0 0.6244612068965517 0.3018588362068966 0.025143678160919558 0.03582974137931033
0 0.5233477011494252 0.3872575431034483 0.024784482758620663 0.041217672413793094
0 0.4871587643678161 0.8176185344827587 0.021731321839080442 0.03340517241379304
0 0.5774066091954022 0.2974137931034483 0.02442528735632188 0.0350215517241379
0 0.7053699712643678 0.46309267241379315 0.020653735632183867 0.04418103448275862
0 0.6276041666666667 0.19894935344827586 0.022090517241379337 0.03529094827586207
0 0.7257543103448276 0.16675646551724138 0.02765804597701149 0.04418103448275862
0 0.5216415229885057 0.3298760775862069 0.030352011494252817 0.040140086206896575
0 0.7175826149425287 0.6107219827586207 0.0199353448275863 0.0274784482758621
0 0.7638290229885057 0.22508081896551724 0.02586206896551735 0.03636853448275862
0 0.6497844827586207 0.26589439655172414 0.022629310344827624 0.030711206896551713
0 0.486889367816092 0.6165140086206897 0.026939655172413812 0.04768318965517249
0 0.6636135057471264 0.4420797413793104 0.02227011494252873 0.038793103448275856
0 0.34392959770114945 0.3282596982758621 0.03125 0.044989224137930994
0 0.4177442528735632 0.3787715517241379 0.025862068965517238 0.04256465517241376
0 0.4353448275862069 0.6666217672413792 0.0193965517241379 0.03852370689655171
0 0.5756106321839081 0.35748922413793105 0.02298850574712641 0.04148706896551724
0 0.5919540229885057 0.19288793103448276 0.018318965517241326 0.026400862068965525
0 0.3192349137931034 0.3995150862068966 0.03250718390804602 0.03556034482758624
0 0.7544899425287357 0.5447198275862069 0.029454022988505746 0.04418103448275856
0 0.7202765804597702 0.4181034482758621 0.029633620689655138 0.03609913793103453
0 0.6824712643678161 0.4800646551724138 0.02442528735632188 0.04364224137931033
0 0.6476293103448276 0.34375 0.028017241379310387 0.044181034482758674
0 0.4639906609195402 0.3324353448275862 0.0274784482758621 0.04040948275862072
0 0.42807112068965514 0.5595366379310345 0.02496408045977011 0.046875
0 0.5406788793103448 0.5891702586206896 0.02676005747126442 0.04094827586206895
0 0.3478807471264368 0.5307112068965517 0.024066091954022983 0.03340517241379315
0 0.5908764367816093 0.22386853448275862 0.021192528735632155 0.029633620689655193
0 0.5379849137931034 0.3988415948275862 0.020653735632183867 0.03475215517241376
0 0.7083333333333334 0.23046875 0.026580459770114917 0.04121767241379312
0 0.6129669540229885 0.1596174568965517 0.033764367816091934 0.03960129310344826
0 0.4334590517241379 0.7060883620689655 0.01813936781609199 0.03286637931034475
0 0.6544540229885057 0.2997036637931034 0.03053160919540221 0.03582974137931033
0 0.5493893678160919 0.4816810344827586 0.0193965517241379 0.04418103448275856
0 0.5686063218390804 0.26320043103448276 0.024784482758620663 0.03717672413793105
0 0.5868354885057472 0.2548491379310345 0.016702586206896464 0.02801724137931036
0 0.5933908045977012 0.5144127155172414 0.021910919540229945 0.04768318965517243
0 0.7315912356321839 0.2804418103448276 0.024964080459770055 0.039331896551724144
0 0.49362428160919536 0.3137122844827586 0.026041666666666685 0.04229525862068961
0 0.47377873563218387 0.2901400862068966 0.026221264367816077 0.03987068965517243
0 0.5289152298850575 0.5492995689655172 0.03196839080459768 0.04849137931034475
0 0.6817528735632183 0.2200969827586207 0.027298850574712596 0.03987068965517243
0 0.4776400862068966 0.8871228448275863 0.025323275862069006 0.04148706896551724
0 0.5343929597701149 0.7349137931034483 0.023168103448275912 0.039870689655172376
0 0.5141882183908046 0.619073275862069 0.029454022988505746 0.05226293103448276
0 0.7221623563218391 0.3826778017241379 0.02909482758620696 0.035290948275862044
0 0.28573994252873564 0.36920797413793105 0.03412356321839083 0.04229525862068967
0 0.46264367816091956 0.6031788793103448 0.02765804597701149 0.04418103448275856
0 0.5038613505747127 0.4854525862068966 0.01849856321839083 0.026939655172413757
0 0.7607758620689655 0.30105064655172414 0.03412356321839072 0.03744612068965514
0 0.5869252873563218 0.47494612068965514 0.02442528735632188 0.03556034482758624
0 0.5966235632183907 0.3576239224137931 0.021192528735632155 0.040140086206896575
0 0.36593031609195403 0.45460668103448276 0.026400862068965525 0.037984913793103425
0 0.6427801724137931 0.2209051724137931 0.026221264367816022 0.04148706896551724
0 0.5950969827586207 0.4337284482758621 0.029992816091954033 0.04633620689655177
0 0.5281968390804598 0.47130926724137934 0.027298850574712707 0.046605603448275856
0 0.41208692528735635 0.6707974137931034 0.029992816091953978 0.039870689655172376
0 0.7345545977011494 0.32004310344827586 0.030172413793103425 0.038254310344827624
0 0.5094288793103448 0.3549299568965517 0.029633620689655138 0.037984913793103425
0 0.7631106321839081 0.5973868534482758 0.024066091954022983 0.04929956896551724
0 0.5089798850574713 0.4337284482758621 0.026580459770114917 0.03556034482758624
0 0.4924568965517241 0.7373383620689655 0.023706896551724144 0.04148706896551724
0 0.6552622126436782 0.19692887931034483 0.023527298850574696 0.04741379310344829
0 0.3864942528735632 0.6029094827586208 0.02837643678160917 0.04364224137931039
0 0.4999102011494253 0.4543372844827586 0.02783764367816094 0.0352909482758621
0 0.4092133620689655 0.5856681034482758 0.017420977011494254 0.030711206896551713
0 0.6651400862068966 0.24191810344827586 0.02676005747126431 0.0382543103448276
0 0.3780531609195402 0.3643588362068966 0.03196839080459768 0.04552801724137928
0 0.6201508620689655 0.3394396551724138 0.024784482758620774 0.04094827586206895
0 0.6121587643678161 0.3943965517241379 0.023527298850574696 0.04364224137931033
0 0.5797413793103448 0.3962823275862069 0.023706896551724088 0.036099137931034475
0 0.7883441091954022 0.21848060344827586 0.033225574712643646 0.039331896551724144
0 0.6600215517241379 0.5188577586206896 0.026221264367816133 0.03825431034482757
0 0.41370330459770116 0.5095635775862069 0.029992816091954033 0.04175646551724144
0 0.5070941091954023 0.8635506465517242 0.0274784482758621 0.04876077586206906
0 0.7056393678160919 0.26091056034482757 0.02837643678160917 0.03313577586206895
0 0.6933369252873564 0.5688308189655172 0.02388649425287359 0.037984913793103425
0 0.6169181034482758 0.24892241379310343 0.03340517241379304 0.0420258620689655
0 0.7416487068965517 0.6272898706896552 0.022090517241379226 0.029903017241379337
0 0.6527478448275862 0.39641702586206895 0.022808908045977017 0.03852370689655171
0 0.4527658045977011 0.28677262931034486 0.02191091954022989 0.037446120689655193
0 0.5495689655172413 0.3386314655172414 0.026939655172413812 0.03879310344827591
0 0.3208512931034483 0.37244073275862066 0.031070402298850552 0.04014008620689652
0 0.6926185344827587 0.3615301724137931 0.02388649425287348 0.04256465517241381
0 0.37993893678160917 0.6819773706896551 0.029274425287356298 0.047683189655172376
0 0.5873742816091954 0.16015625 0.018857758620689613 0.03582974137931033
0 0.5107758620689655 0.3988415948275862 0.016882183908045967 0.03582974137931033
0 0.595635775862069 0.31802262931034486 0.019935344827586188 0.03475215517241376
0 0.4754849137931034 0.4348060344827586 0.01885775862068967 0.028017241379310387
0 0.7351831896551724 0.5882273706896552 0.02460488505747127 0.04067887931034486
0 0.4917385057471264 0.9710398706896551 0.025143678160919503 0.04498922413793105
0 0.41145833333333337 0.6258081896551724 0.02262931034482757 0.04256465517241381
0 0.6533764367816093 0.5554956896551724 0.025862068965517238 0.04148706896551724
0 0.7323096264367817 0.20730064655172414 0.031070402298850497 0.037446120689655166
0 0.3909841954022989 0.40382543103448276 0.02262931034482757 0.03125
0 0.7086925287356322 0.5837823275862069 0.024066091954022983 0.04471982758620696
0 0.6594827586206897 0.4808728448275862 0.02083333333333337 0.03556034482758624
0 0.44306752873563215 0.26400862068965514 0.025502873563218398 0.037176724137930994
0 0.5642061781609196 0.5646551724137931 0.03178879310344829 0.04525862068965514
0 0.7333872126436782 0.4758890086206896 0.024245689655172487 0.040678879310344807
0 0.4373204022988506 0.845635775862069 0.027298850574712652 0.045797413793103425
0 0.33468031609195403 0.5673491379310345 0.02424568965517243 0.038254310344827624
0 0.7081537356321839 0.33054956896551724 0.025862068965517238 0.039870689655172376
0 0.6774425287356322 0.18682650862068967 0.025143678160919558 0.03690732758620688
0 0.5681573275862069 0.5106411637931034 0.023168103448275912 0.047683189655172376
0 0.6915409482758621 0.44005926724137934 0.025682471264367845 0.03852370689655177
0 0.45851293103448276 0.5076778017241379 0.0193965517241379 0.04014008620689652
0 0.7056393678160919 0.6227101293103448 0.02298850574712641 0.03475215517241381
0 0.40391522988505746 0.3448275862068966 0.025143678160919558 0.040948275862069006
0 0.6135057471264368 0.4558189655172414 0.028017241379310276 0.046875
0 0.6830100574712643 0.27370689655172414 0.024784482758620663 0.051724137931034475
0 0.7846623563218391 0.36786099137931033 0.02837643678160917 0.0390625
0 0.7730783045977012 0.4183728448275862 0.018857758620689613 0.032866379310344807
0 0.47880747126436785 0.4019396551724138 0.025862068965517293 0.03771551724137928
0 0.5000897988505747 0.5713900862068966 0.028196839080459835 0.044181034482758674
0 0.31007543103448276 0.4676724137931034 0.02496408045977011 0.03232758620689652
0 0.3901760057471264 0.54296875 0.035739942528735635 0.0433728448275863
0 0.5166127873563218 0.6935614224137931 0.029274425287356354 0.03960129310344829
0 0.704382183908046 0.49973060344827586 0.0193965517241379 0.030711206896551713
0 0.6066810344827587 0.2920258620689655 0.01795977011494243 0.03286637931034486
0 0.5016163793103449 0.40045797413793105 0.008620689655172431 0.035290948275862044
0 0.6413433908045978 0.4757543103448276 0.01867816091954022 0.035021551724137956
0 0.7396731321839081 0.38752693965517243 0.015984195402298784 0.04445043103448276
0 0.7269216954022988 0.35237068965517243 0.02460488505747127 0.026939655172413812
0 0.5664511494252873 0.32192887931034486 0.021910919540229945 0.019935344827586243
0 0.5545079022988506 0.8087284482758621 0.011673850574712596 0.03717672413793105
0 0.5035919540229885 0.6477640086206896 0.016882183908045967 0.034213362068965525
0 0.6109015804597702 0.21012931034482757 0.025682471264367845 0.032866379310344834
0 0.6432291666666667 0.44059806034482757 0.021012931034482762 0.03852370689655171
0 0.3290229885057471 0.3325700431034483 0.026221264367816133 0.05414870689655171
0 0.6152119252873562 0.48895474137931033 0.025682471264367845 0.02747844827586199
0 0.6366738505747127 0.4815463362068965 0.01867816091954022 0.04337284482758619
0 0.6735811781609196 0.3525053879310345 0.020653735632183867 0.023976293103448287
0 0.36952227011494254 0.60546875 0.01598419540229884 0.038523706896551824
0 0.3250718390804598 0.4373653017241379 0.023706896551724144 0.03582974137931033
0 0.5588182471264368 0.3014547413793104 0.020653735632183867 0.03394396551724138
0 0.631555316091954 0.5111799568965517 0.024245689655172376 0.02990301724137928
0 0.5516343390804598 0.7646821120689655 0.01634339080459779 0.03852370689655171
0 0.6339798850574713 0.4295528017241379 0.03196839080459779 0.03044181034482757
0 0.5363685344827587 0.6442618534482758 0.01634339080459768 0.04714439655172409
0 0.7614044540229885 0.3822737068965517 0.02676005747126431 0.05118534482758619
0 0.5339439655172413 0.4226831896551724 0.02011494252873558 0.023168103448275856
0 0.6696300287356322 0.37473060344827586 0.01921695402298851 0.0274784482758621
0 0.5628591954022988 0.4070581896551724 0.021192528735632155 0.05010775862068967
0 0.43579382183908044 0.4560883620689655 0.019935344827586188 0.046875
0 0.35695043103448276 0.4991918103448276 0.029992816091954033 0.03771551724137928
0 0.6746587643678161 0.5686961206896552 0.01778017241379304 0.04418103448275856
0 0.5267600574712643 0.8134428879310345 0.015086206896551713 0.03852370689655171
0 0.671875 0.3292025862068966 0.02227011494252884 0.054418103448275856
0 0.7158764367816093 0.4564924568965517 0.017241379310344862 0.037446120689655193
0 0.4103807471264368 0.7078394396551724 0.02191091954022989 0.030441810344827513
0 0.7326688218390804 0.23639547413793102 0.029633620689655138 0.0234375
0 0.38083692528735635 0.5169719827586207 0.03142959770114945 0.04418103448275862
0 0.647180316091954 0.3683997844827586 0.026400862068965525 0.025053879310344862
0 0.5649245689655172 0.43521012931034486 0.022090517241379226 0.04768318965517243
0 0.42358117816091956 0.4373653017241379 0.02424568965517243 0.05414870689655177
0 0.4423491379310345 0.3174838362068966 0.02155172413793105 0.03636853448275862
0 0.7764008620689655 0.2583512931034483 0.013649425287356243 0.03448275862068964
0 0.544989224137931 0.6170528017241379 0.01849856321839083 0.022359913793103425
0 0.6382004310344828 0.3759428879310345 0.019576149425287293 0.0390625
0 0.4326508620689655 0.7296605603448276 0.026221264367816077 0.029903017241379337
0 0.734375 0.2533674568965517 0.02765804597701149 0.0234375
0 0.4305854885057471 0.34186422413793105 0.035380747126436796 0.03987068965517243
0 0.5260416666666666 0.8882004310344828 0.019037356321839116 0.040409482758620774
0 0.5531609195402298 0.36570581896551724 0.027298850574712596 0.0234375
0 0.4332794540229885 0.7566002155172413 0.02496408045977011 0.023976293103448287
0 0.46910919540229884 0.35021551724137934 0.02155172413793105 0.02801724137931033
0 0.7101293103448276 0.27922952586206895 0.026221264367816022 0.01643318965517243
0 0.6536458333333334 0.8401131465517242 0.012033045977011492 0.04498922413793094
0 0.6930675287356323 0.2978178879310345 0.017600574712643646 0.022359913793103425
0 0.6558908045977012 0.7543103448275862 0.019037356321839005 0.042025862068965525
0 0.4908405172413793 0.3312230603448276 0.027298850574712596 0.02990301724137928
0 0.6518498563218391 0.720635775862069 0.009518678160919558 0.032327586206896575
0 0.49820402298850575 0.36557112068965514 0.022629310344827624 0.038793103448275856
0 0.7023168103448276 0.5270743534482758 0.02460488505747127 0.03690732758620696
0 0.524694683908046 0.49232219827586204 0.027119252873563204 0.026670258620689613
0 0.688128591954023 0.5478178879310345 0.025682471264367734 0.03744612068965525
0 0.6727729885057472 0.5269396551724137 0.012931034482758563 0.04849137931034486
0 0.6526580459770115 0.5864762931034482 0.021910919540229834 0.021012931034482762
