0 0.7086027298850575 0.41567887931034486 0.03358477011494254 0.03556034482758624
0 0.47009698275862066 0.45514547413793105 0.026760057471264365 0.036907327586206906
0 0.5658225574712643 0.41338900862068967 0.031070402298850497 0.049838362068965525
0 0.6719647988505747 0.43386314655172414 0.0274784482758621 0.03367456896551724
0 0.631555316091954 0.31061422413793105 0.031070402298850608 0.035021551724137956
0 0.5961745689655172 0.6496497844827587 0.030711206896551824 0.053609913793103536
0 0.42052801724137934 0.4630926724137931 0.028915229885057514 0.04741379310344829
0 0.2843929597701149 0.5202047413793104 0.037176724137930994 0.046875000000000056
0 0.5874640804597702 0.5425646551724137 0.032327586206896464 0.04741379310344829
0 0.6513110632183908 0.6342941810344828 0.02532327586206895 0.041756465517241326
0 0.6311063218390804 0.2660290948275862 0.032327586206896575 0.05199353448275862
0 0.5364583333333333 0.4094827586206896 0.03196839080459768 0.05549568965517243
0 0.634069683908046 0.7322198275862069 0.030352011494252817 0.05495689655172409
0 0.5808189655172413 0.2310075431034483 0.02155172413793094 0.04229525862068964
0 0.4772808908045977 0.5140086206896552 0.022808908045977017 0.03663793103448276
0 0.3943965517241379 0.7470366379310345 0.033405172413793094 0.0581896551724137
0 0.6089260057471264 0.5860721982758621 0.03035201149425293 0.0509159482758621
0 0.6813936781609196 0.5179148706896551 0.044181034482758674 0.047683189655172376
0 0.6008441091954022 0.4641702586206896 0.023527298850574696 0.033405172413793094
0 0.4565373563218391 0.5360991379310345 0.029094827586206906 0.038254310344827624
0 0.5863864942528736 0.7149784482758621 0.03053160919540232 0.04148706896551724
0 0.7385955459770115 0.3107489224137931 0.029274425287356243 0.04445043103448276
0 0.6421515804597702 0.791082974137931 0.03035201149425293 0.04498922413793105
0 0.29031968390804597 0.78515625 0.02496408045977011 0.045528017241379226
0 0.42573635057471265 0.5735452586206897 0.03250718390804597 0.05118534482758619
0 0.6038972701149425 0.42834051724137934 0.023527298850574696 0.04256465517241376
0 0.3674568965517241 0.9578394396551724 0.03089080459770116 0.05414870689655171
0 0.4979346264367816 0.4880118534482758 0.029274425287356354 0.04606681034482757
0 0.4613864942528736 0.41608297413793105 0.038793103448275856 0.04175646551724138
0 0.43094468390804597 0.6087015086206897 0.02855603448275862 0.03529094827586199
0 0.7759518678160919 0.5688308189655172 0.022808908045977017 0.03313577586206895
0 0.6681932471264367 0.3058997844827586 0.03430316091954022 0.03744612068965514
0 0.2687679597701149 0.7341056034482758 0.029633620689655193 0.04418103448275856
0 0.3302801724137931 0.8980334051724137 0.01867816091954022 0.027747844827586188
0 0.6932471264367817 0.7432650862068966 0.029454022988505746 0.05657327586206895
0 0.5447198275862069 0.6179956896551724 0.028735632183907955 0.03933189655172409
0 0.5183189655172413 0.39264547413793105 0.023706896551724088 0.040678879310344807
0 0.6782507183908046 0.3968211206896552 0.036099137931034475 0.04741379310344829
0 0.2969647988505747 0.8421336206896551 0.018498563218390773 0.03125
0 0.5096084770114943 0.6027747844827587 0.03394396551724138 0.05037715517241381
0 0.6017420977011494 0.2547144396551724 0.03035201149425293 0.050915948275862044
0 0.5430136494252873 0.49595905172413796 0.03394396551724144 0.04956896551724144
0 0.5946479885057472 0.4113685344827586 0.023706896551724088 0.030711206896551713
0 0.3238146551724138 0.7091864224137931 0.03448275862068967 0.05253232758620696
0 0.6804058908045978 0.79296875 0.025682471264367845 0.048221982758620774
0 0.34375 0.44894935344827586 0.03663793103448276 0.04498922413793105
0 0.6382902298850575 0.33270474137931033 0.029454022988505746 0.032327586206896575
0 0.5619612068965517 0.2587553879310345 0.031609195402298784 0.04822198275862066
0 0.5861170977011494 0.2846174568965517 0.033225574712643646 0.046605603448275856
0 0.5959949712643677 0.3838900862068966 0.029633620689655138 0.03663793103448276
0 0.6635237068965518 0.7404364224137931 0.02819683908045978 0.05145474137931039
0 0.5320581896551724 0.2551185344827586 0.02532327586206895 0.032866379310344834
0 0.3963721264367816 0.3818696120689655 0.03196839080459768 0.049838362068965525
0 0.5407686781609196 0.6558459051724138 0.01867816091954022 0.0352909482758621
0 0.5872844827586207 0.4966325431034483 0.025502873563218342 0.04876077586206895
0 0.7438936781609196 0.47427262931034486 0.024784482758620663 0.041217672413793094
0 0.5303520114942528 0.2920258620689655 0.03556034482758619 0.04741379310344829
0 0.6012931034482759 0.21551724137931033 0.024066091954022983 0.03394396551724135
0 0.5640265804597702 0.9585129310344828 0.020653735632183978 0.030172413793103425
0 0.4093929597701149 0.5309806034482758 0.03250718390804602 0.04633620689655171
0 0.5705818965517242 0.9012661637931034 0.027298850574712596 0.046066810344827624
0 0.5633081896551724 0.46942349137931033 0.023527298850574696 0.034213362068965525
0 0.6168283045977012 0.7265625 0.02244971264367812 0.0355603448275863
0 0.3562320402298851 0.4841056034482759 0.03897270114942525 0.044719827586206906
0 0.6367636494252873 0.57421875 0.02747844827586199 0.0471443965517242
0 0.5158045977011494 0.6547683189655172 0.02909482758620696 0.057920258620689724
0 0.6525682471264368 0.18817349137931033 0.031070402298850608 0.05684267241379312
0 0.3249820402298851 0.4898976293103448 0.02496408045977011 0.04337284482758619
0 0.6671156609195402 0.537176724137931 0.033943965517241326 0.043642241379310276
0 0.48976293103448276 0.4415409482758621 0.028376436781609227 0.04633620689655177
0 0.5405890804597702 0.3203125 0.032327586206896464 0.036099137931034475
0 0.5746228448275862 0.3582974137931034 0.03717672413793105 0.044719827586206906
0 0.32480244252873564 0.6433189655172413 0.04076867816091956 0.04956896551724144
0 0.24398347701149425 0.626885775862069 0.02891522988505746 0.03663793103448276
0 0.25529813218390807 0.7789601293103449 0.031788793103448315 0.046066810344827624
0 0.6812140804597702 0.6162446120689655 0.03484195402298851 0.051454741379310276
0 0.6224856321839081 0.5350215517241379 0.030890804597701216 0.04633620689655171
0 0.5635775862068966 0.6528825431034483 0.025143678160919558 0.042295258620689724
0 0.45025143678160917 0.5238415948275863 0.026221264367816077 0.025053879310344862
0 0.46327227011494254 0.6916756465517242 0.036458333333333315 0.05522629310344829
0 0.7669719827586207 0.5981950431034483 0.021731321839080442 0.04067887931034475
0 0.6372126436781609 0.45837823275862066 0.033045977011494254 0.052532327586206906
0 0.48724856321839083 0.6394127155172413 0.028735632183908066 0.059536637931034586
0 0.39969468390804597 0.5674838362068966 0.025682471264367845 0.03744612068965514
0 0.3807471264367816 0.502020474137931 0.025862068965517238 0.04121767241379315
0 0.4088541666666667 0.4275323275862069 0.03250718390804597 0.042025862068965525
0 0.4379489942528736 0.7171336206896551 0.027478448275862044 0.0625
0 0.49461206896551724 0.40234375 0.02478448275862072 0.032058189655172376
0 0.6601113505747127 0.23976293103448276 0.03430316091954022 0.04633620689655171
0 0.4489942528735632 0.4859913793103448 0.030172413793103425 0.04903017241379304
0 0.5843211206896552 0.9337284482758621 0.029633620689655138 0.04418103448275856
0 0.5467852011494253 0.23558728448275862 0.02963362068965525 0.04498922413793105
0 0.6875 0.46901939655172414 0.03053160919540221 0.045797413793103425
0 0.3679058908045977 0.41581357758620685 0.029274425287356298 0.04606681034482757
0 0.7309626436781609 0.3572198275862069 0.029454022988505746 0.05118534482758619
0 0.5831537356321839 0.5909213362068966 0.028735632183908066 0.046066810344827624
0 0.5209231321839081 0.4500269396551724 0.030352011494252817 0.04175646551724138
0 0.28717672413793105 0.6768588362068966 0.033045977011494254 0.0466056034482758
0 0.35560344827586204 0.5809536637931034 0.025862068965517238 0.04121767241379315
0 0.5172413793103448 0.540948275862069 0.03196839080459768 0.055495689655172376
0 0.5361889367816092 0.1500538793103448 0.030352011494252817 0.03232758620689655
0 0.5396012931034483 0.58203125 0.03717672413793105 0.04876077586206895
0 0.3628771551724138 0.3740571120689655 0.023527298850574696 0.03367456896551724
0 0.4608477011494253 0.6087015086206897 0.027298850574712652 0.04121767241379304
0 0.3805675287356322 0.6903286637931034 0.03484195402298851 0.053609913793103425
0 0.7462284482758621 0.595635775862069 0.025862068965517238 0.04471982758620685
0 0.6488864942528736 0.7692618534482758 0.03053160919540232 0.037984913793103536
0 0.43013649425287354 0.4063846982758621 0.03125 0.05199353448275862
0 0.44710847701149425 0.6610991379310345 0.022090517241379337 0.038254310344827624
0 0.6468211206896552 0.4067887931034483 0.030711206896551713 0.05387931034482757
0 0.7126436781609196 0.7574084051724137 0.025143678160919558 0.04929956896551724
0 0.6267959770114943 0.21282327586206895 0.03125 0.0538793103448276
0 0.4146012931034483 0.4893588362068965 0.031070402298850552 0.03852370689655171
0 0.7706537356321839 0.3129040948275862 0.04094827586206895 0.04876077586206895
0 0.21848060344827586 0.7881196120689655 0.03717672413793105 0.0509159482758621
0 0.35910560344827586 0.7400323275862069 0.034662356321839116 0.05980603448275856
0 0.5913254310344828 0.7498653017241379 0.022808908045977017 0.02936422413793105
0 0.6062320402298851 0.3332435344827586 0.02819683908045978 0.04633620689655171
0 0.7192887931034483 0.47858297413793105 0.026221264367816133 0.04445043103448271
0 0.5670797413793104 0.5889008620689655 0.020294540229885083 0.043642241379310276
0 0.4145114942528736 0.6606950431034483 0.03663793103448271 0.05307112068965525
0 0.5923132183908046 0.9776400862068966 0.03591954022988497 0.0431034482758621
0 0.7510775862068966 0.35748922413793105 0.022629310344827624 0.05010775862068967
0 0.44028376436781613 0.8089978448275862 0.029274425287356298 0.051724137931034475
0 0.6338900862068966 0.6709321120689655 0.03286637931034486 0.04498922413793105
0 0.3758979885057471 0.35856681034482757 0.02981321839080464 0.05118534482758619
0 0.5148168103448276 0.32287176724137934 0.01778017241379304 0.027209051724137956
0 0.5381645114942528 0.35802801724137934 0.03394396551724144 0.04579741379310348
0 0.7105783045977012 0.3771551724137931 0.036817528735632155 0.04633620689655171
0 0.2906788793103448 0.42739762931034486 0.04328304597701149 0.05199353448275862
0 0.5676185344827587 0.44921875 0.024245689655172487 0.030980603448275912
0 0.6707076149425287 0.3477909482758621 0.03250718390804597 0.04741379310344823
0 0.6216774425287357 0.3615301724137931 0.025682471264367845 0.03286637931034486
0 0.45923132183908044 0.7693965517241379 0.030531609195402265 0.046875
0 0.717492816091954 0.5973868534482758 0.022629310344827624 0.05792025862068961
0 0.5373563218390804 0.19059806034482757 0.03771551724137934 0.050377155172413784
0 0.2724497126436782 0.8483297413793103 0.030172413793103425 0.04364224137931039
0 0.5656429597701149 0.5444504310344828 0.023168103448275912 0.047952586206896575
0 0.4155890804597701 0.7125538793103449 0.024066091954022983 0.046875
0 0.5448096264367817 0.4424838362068966 0.019935344827586188 0.022898706896551768
0 0.40822557471264365 0.6318696120689655 0.0373563218390805 0.02505387931034475
0 0.397808908045977 0.4493534482758621 0.03053160919540232 0.03448275862068967
0 0.4066091954022989 0.6053340517241379 0.023706896551724144 0.036099137931034475
0 0.5095186781609196 0.3526400862068966 0.020833333333333315 0.038793103448275856
0 0.7116558908045977 0.5224946120689655 0.021372126436781658 0.051993534482758674
0 0.35192169540229884 0.41567887931034486 0.01634339080459768 0.04579741379310348
0 0.6575969827586207 0.5789331896551724 0.01346982758620685 0.045797413793103425
0 0.47575431034482757 0.7347790948275863 0.025143678160919558 0.03367456896551724
0 0.5501975574712643 0.5396012931034483 0.015984195402298895 0.038254310344827624
0 0.3556932471264368 0.36260775862068967 0.02496408045977011 0.04633620689655171
0 0.28789511494252873 0.8981681034482758 0.03735632183908044 0.045797413793103536
0 0.6381106321839081 0.3543911637931034 0.025502873563218342 0.02613146551724138
0 0.6180854885057472 0.6887122844827587 0.02819683908045978 0.04121767241379304
0 0.6827406609195402 0.5697737068965517 0.01706178160919536 0.0274784482758621
0 0.5169719827586207 0.2095905172413793 0.02891522988505746 0.044719827586206906
0 0.5822557471264368 0.3213900862068966 0.03125 0.029094827586206906
0 0.3545258620689655 0.33230064655172414 0.024784482758620663 0.024515086206896575
0 0.6216774425287357 0.39641702586206895 0.020294540229884972 0.040678879310344807
0 0.49254669540229884 0.6920797413793103 0.022090517241379337 0.03663793103448276
0 0.7086925287356322 0.791082974137931 0.0193965517241379 0.034213362068965525
0 0.6636135057471264 0.5856681034482758 0.012571839080459779 0.04471982758620696
0 0.3319863505747126 0.9422144396551724 0.02855603448275862 0.04337284482758619
0 0.33045977011494254 0.5350215517241379 0.03089080459770116 0.036099137931034475
0 0.6365840517241379 0.6154364224137931 0.027119252873563204 0.03313577586206895
0 0.39457614942528735 0.9267241379310345 0.032327586206896575 0.06303879310344829
0 0.7293462643678161 0.73046875 0.02083333333333337 0.059536637931034475
0 0.6663074712643678 0.2777478448275862 0.03627873563218387 0.03663793103448276
0 0.38981681034482757 0.7941810344827587 0.03430316091954022 0.03502155172413801
0 0.7123742816091954 0.43494073275862066 0.03358477011494254 0.03205818965517243
0 0.6041666666666666 0.6166487068965517 0.030172413793103425 0.0193965517241379
0 0.3054956896551724 0.5258620689655172 0.022988505747126464 0.03717672413793105
0 0.4254669540229885 0.7737068965517242 0.030172413793103425 0.04525862068965514
0 0.7302442528735632 0.39197198275862066 0.019037356321839116 0.02855603448275862
0 0.6211386494252873 0.6355064655172413 0.015984195402298895 0.028556034482758563
0 0.5614224137931034 0.296875 0.026221264367816133 0.03663793103448276
0 0.5730064655172413 0.6205549568965518 0.02819683908045978 0.023976293103448287
0 0.4931752873563219 0.5490301724137931 0.026580459770114973 0.05926724137931039
