0 0.3310883620689655 0.5825700431034483 0.030352011494252873 0.053609913793103425
0 0.40077227011494254 0.9470635775862069 0.029633620689655193 0.04445043103448276
0 0.4649784482758621 0.6654094827586207 0.038793103448275856 0.05657327586206895
0 0.4780890804597701 0.2629310344827586 0.03448275862068961 0.048491379310344834
0 0.6678340517241379 0.5887661637931034 0.021731321839080442 0.0390625
0 0.3076508620689655 0.6558459051724138 0.03807471264367812 0.041756465517241326
0 0.7073455459770115 0.4737338362068966 0.02604166666666674 0.04337284482758624
0 0.5930316091954023 0.6775323275862069 0.02155172413793105 0.03394396551724144
0 0.35704022988505746 0.8232758620689655 0.024066091954022983 0.04148706896551724
0 0.5819863505747127 0.6452047413793103 0.028556034482758563 0.05226293103448276
0 0.41235632183908044 0.5634428879310345 0.03160919540229884 0.051454741379310276
0 0.5635775862068966 0.15921336206896552 0.028017241379310387 0.048491379310344834
0 0.3391702586206896 0.7319504310344828 0.032866379310344807 0.053340517241379226
0 0.5458872126436782 0.20622306034482757 0.03286637931034486 0.050377155172413784
0 0.5237068965517242 0.27532327586206895 0.02298850574712652 0.03125
0 0.4183728448275862 0.9097521551724138 0.03430316091954022 0.05280172413793105
0 0.633441091954023 0.31775323275862066 0.037715517241379226 0.04552801724137928
0 0.6606501436781609 0.5241109913793104 0.03573994252873558 0.048760775862069006
0 0.6025502873563218 0.17456896551724138 0.035201149425287404 0.04418103448275862
0 0.5122126436781609 0.45177801724137934 0.035201149425287404 0.04633620689655177
0 0.6164691091954023 0.6527478448275862 0.020294540229885083 0.0393318965517242
0 0.6837284482758621 0.6959859913793104 0.025143678160919558 0.037984913793103425
0 0.45034123563218387 0.7799030172413793 0.03394396551724138 0.055495689655172376
0 0.649066091954023 0.7109375 0.025502873563218342 0.033943965517241326
0 0.24245689655172414 0.5699084051724138 0.03520114942528732 0.03690732758620685
0 0.5927622126436782 0.5206088362068966 0.031070402298850497 0.04929956896551718
0 0.638739224137931 0.4527209051724138 0.034662356321839116 0.042834051724137956
0 0.5673491379310345 0.5319234913793103 0.028376436781609282 0.04552801724137934
0 0.43570402298850575 0.5241109913793103 0.02155172413793105 0.03529094827586199
0 0.3885596264367816 0.5280172413793103 0.03430316091954022 0.04525862068965514
0 0.4653376436781609 0.7394935344827587 0.02262931034482757 0.04148706896551724
0 0.38936781609195403 0.39709051724137934 0.03125 0.04418103448275862
0 0.44315732758620685 0.3193696120689655 0.021372126436781602 0.041217672413793094
0 0.32210847701149425 0.7015086206896552 0.02855603448275862 0.04633620689655171
0 0.27209051724137934 0.7671066810344828 0.03089080459770116 0.0503771551724137
0 0.24676724137931033 0.83984375 0.035201149425287376 0.05253232758620685
0 0.6146731321839081 0.2347790948275862 0.04112787356321834 0.03852370689655171
0 0.5274784482758621 0.3677262931034483 0.03268678160919536 0.05010775862068967
0 0.6421515804597702 0.41823814655172414 0.04471982758620696 0.03744612068965514
0 0.6099137931034483 0.6239224137931034 0.024066091954022983 0.03771551724137934
0 0.4672234195402299 0.45918642241379315 0.029274425287356354 0.04229525862068967
0 0.5431034482758621 0.4884159482758621 0.023347701149425304 0.04256465517241376
0 0.38523706896551724 0.5666756465517242 0.02298850574712641 0.030980603448275912
0 0.45806393678160917 0.12055495689655173 0.030352011494252873 0.03582974137931036
0 0.2791846264367816 0.7032596982758621 0.03861350574712641 0.04822198275862066
0 0.2676903735632184 0.4971713362068965 0.03250718390804597 0.05414870689655171
0 0.3282147988505747 0.3702855603448276 0.02891522988505746 0.050915948275862044
0 0.5327765804597702 0.24016702586206895 0.03358477011494243 0.04552801724137931
0 0.703125 0.20164331896551724 0.0431034482758621 0.046605603448275856
0 0.6267061781609196 0.5907866379310345 0.030711206896551713 0.040409482758620774
0 0.6294001436781609 0.5486260775862069 0.03214798850574707 0.04822198275862066
0 0.4215158045977011 0.5047144396551724 0.023706896551724144 0.02828663793103442
0 0.35317887931034486 0.38820043103448276 0.031070402298850552 0.051724137931034475
0 0.4935344827586207 0.560479525862069 0.03053160919540232 0.04822198275862066
0 0.2260237068965517 0.45285560344827586 0.04040948275862069 0.05010775862068961
0 0.6082076149425287 0.20716594827586207 0.03717672413793105 0.04094827586206895
0 0.7341954022988506 0.40099676724137934 0.026939655172413812 0.041217672413793094
0 0.4516882183908046 0.4799299568965517 0.024066091954022983 0.0546875
0 0.671875 0.25592672413793105 0.032327586206896575 0.042025862068965525
0 0.5208333333333333 0.529364224137931 0.03340517241379304 0.0549568965517242
0 0.2072557471264368 0.5356950431034483 0.03340517241379312 0.048221982758620774
0 0.32282686781609193 0.4933997844827586 0.037176724137930994 0.05414870689655171
0 0.5985991379310345 0.3872575431034483 0.033045977011494254 0.04876077586206895
0 0.4689295977011494 0.16567887931034483 0.042385057471264365 0.05010775862068967
0 0.4174748563218391 0.6532866379310345 0.036458333333333315 0.053879310344827624
0 0.5046695402298851 0.6105872844827587 0.03017241379310348 0.06276939655172409
0 0.5589080459770115 0.2739762931034483 0.03053160919540221 0.05980603448275859
0 0.4489942528735632 0.6438577586206897 0.02191091954022989 0.03771551724137934
0 0.4770114942528736 0.6049299568965517 0.027298850574712652 0.057920258620689724
0 0.4542025862068966 0.4150053879310345 0.028376436781609227 0.05307112068965514
0 0.5544181034482758 0.3292025862068966 0.025502873563218453 0.03556034482758624
0 0.6032686781609196 0.3364762931034483 0.03196839080459768 0.05280172413793105
0 0.5392420977011494 0.16877693965517243 0.025682471264367845 0.03852370689655174
0 0.1924389367816092 0.6624461206896551 0.02783764367816094 0.036099137931034475
0 0.23886494252873564 0.5362338362068966 0.03268678160919539 0.04498922413793105
0 0.6491558908045977 0.3714978448275862 0.03214798850574718 0.049030172413793094
0 0.6023706896551724 0.8525053879310345 0.03125 0.043911637931034475
0 0.6014727011494253 0.4691540948275862 0.028735632183908066 0.04552801724137928
0 0.421246408045977 0.4731950431034483 0.030352011494252873 0.04552801724137934
0 0.5281968390804598 0.6018318965517242 0.018318965517241326 0.03178879310344829
0 0.32588002873563215 0.4268588362068966 0.029633620689655193 0.047144396551724144
0 0.556573275862069 0.3588362068965517 0.0237068965517242 0.029633620689655193
0 0.49416307471264365 0.3219288793103448 0.029633620689655193 0.046875
0 0.375 0.7470366379310345 0.03196839080459768 0.06088362068965525
0 0.4480962643678161 0.5767780172413792 0.029454022988505746 0.05818965517241381
0 0.5876436781609196 0.12782866379310343 0.030890804597701216 0.05576508620689655
0 0.3545258620689655 0.9411368534482758 0.02227011494252873 0.03313577586206906
0 0.2427262931034483 0.4888200431034483 0.029633620689655166 0.049838362068965525
0 0.3904454022988506 0.5971174568965518 0.02191091954022989 0.03367456896551724
0 0.5795617816091954 0.2504040948275862 0.02981321839080453 0.03636853448275862
0 0.5189475574712644 0.18655711206896552 0.022808908045977017 0.043372844827586216
0 0.5494791666666667 0.5940193965517242 0.023527298850574696 0.03771551724137934
0 0.31043462643678166 0.3790409482758621 0.03394396551724138 0.04956896551724138
0 0.6541846264367817 0.6822467672413793 0.026400862068965525 0.0352909482758621
0 0.39233117816091956 0.4610721982758621 0.02783764367816094 0.04768318965517243
0 0.5769576149425287 0.20891702586206895 0.031070402298850608 0.04876077586206898
0 0.5838721264367817 0.5829741379310345 0.030890804597701105 0.053879310344827624
0 0.35650143678160917 0.5053879310344828 0.026939655172413757 0.0506465517241379
0 0.665948275862069 0.6515355603448276 0.026221264367816133 0.049838362068965525
0 0.48455459770114945 0.4147359913793104 0.020474137931034475 0.041217672413793094
0 0.5776760057471264 0.2974137931034483 0.020653735632183867 0.030172413793103425
0 0.3879310344827586 0.4874730603448276 0.030172413793103425 0.0352909482758621
0 0.5657327586206896 0.4035560344827586 0.02155172413793105 0.030172413793103425
0 0.6631645114942528 0.32650862068965514 0.029633620689655138 0.033405172413793094
0 0.5056573275862069 0.22077047413793105 0.03250718390804591 0.0498383620689655
0 0.5661817528735632 0.36907327586206895 0.02388649425287359 0.039331896551724144
0 0.43624281609195403 0.4326508620689655 0.02298850574712641 0.03556034482758619
0 0.7051903735632183 0.4206627155172414 0.035380747126436796 0.05684267241379315
0 0.3874820402298851 0.6907327586206897 0.03609913793103453 0.05334051724137934
0 0.6366738505747127 0.6524784482758621 0.030890804597701105 0.05334051724137934
0 0.5338541666666667 0.4000538793103448 0.02819683908045978 0.03178879310344829
0 0.7359913793103449 0.43776939655172414 0.0193965517241379 0.029633620689655138
0 0.49371408045977017 0.5001346982758621 0.031250000000000056 0.06276939655172409
0 0.6223958333333333 0.27316810344827586 0.029633620689655138 0.04633620689655171
0 0.6623563218390804 0.2894665948275862 0.03627873563218387 0.04552801724137928
0 0.6299389367816092 0.3557381465517241 0.026400862068965525 0.031519396551724144
0 0.5670797413793103 0.48518318965517243 0.028556034482758563 0.04633620689655171
0 0.3167205459770115 0.8142510775862069 0.023168103448275912 0.04606681034482751
0 0.21614583333333331 0.6584051724137931 0.028915229885057486 0.03717672413793105
0 0.40822557471264365 0.7425915948275862 0.033405172413793094 0.0546875
0 0.6727729885057472 0.21134159482758622 0.029454022988505746 0.04445043103448276
0 0.5300826149425287 0.41998922413793105 0.02604166666666674 0.032327586206896575
0 0.43516522988505746 0.8406519396551724 0.025143678160919558 0.0428340517241379
0 0.2972341954022989 0.3581627155172413 0.023706896551724144 0.03636853448275862
0 0.6971084770114943 0.6480334051724137 0.02963362068965525 0.05522629310344829
0 0.49712643678160917 0.3727101293103448 0.03232758620689652 0.05414870689655171
0 0.2822377873563219 0.8196390086206897 0.03466235632183906 0.04714439655172409
0 0.30639367816091956 0.9172952586206897 0.024425287356321823 0.04256465517241381
0 0.6164691091954023 0.8939924568965517 0.034662356321839116 0.04876077586206895
0 0.37356321839080464 0.43224676724137934 0.033405172413793094 0.04606681034482757
0 0.4849137931034483 0.20272090517241378 0.029813218390804586 0.049838362068965525
0 0.42304238505747127 0.40086206896551724 0.036099137931034475 0.0431034482758621
0 0.29929956896551724 0.4621497844827586 0.027119252873563204 0.04445043103448276
0 0.2860991379310345 0.5436422413793103 0.026221264367816077 0.03340517241379304
0 0.5258620689655172 0.3146551724137931 0.028017241379310276 0.04256465517241381
0 0.41666666666666663 0.59375 0.03017241379310348 0.038254310344827624
0 0.5321479885057472 0.484375 0.02298850574712652 0.039331896551724144
0 0.47198275862068967 0.3622036637931034 0.02227011494252873 0.04229525862068967
0 0.4652478448275862 0.5146821120689655 0.02855603448275862 0.062230603448275856
0 0.693426724137931 0.2494612068965517 0.017600574712643757 0.04741379310344826
0 0.3172593390804598 0.5276131465517242 0.02855603448275862 0.01966594827586199
0 0.4234015804597701 0.861395474137931 0.029274425287356354 0.041756465517241326
0 0.7286278735632183 0.4682112068965517 0.019037356321839005 0.044719827586206906
0 0.5971623563218391 0.923760775862069 0.025143678160919558 0.05226293103448276
0 0.27469468390804597 0.6687769396551724 0.02819683908045978 0.03313577586206895
0 0.6748383620689655 0.3719019396551724 0.0199353448275863 0.050915948275862044
0 0.46758261494252873 0.9061153017241379 0.02388649425287359 0.0546875
0 0.6709770114942528 0.4267241379310345 0.015086206896551713 0.04525862068965514
0 0.3390804597701149 0.4474676724137931 0.02334770114942525 0.03286637931034486
0 0.3943067528735632 0.6311961206896551 0.03178879310344829 0.036099137931034475
0 0.4552801724137931 0.3566810344827586 0.019037356321839116 0.03879310344827591
0 0.6103627873563218 0.9671336206896551 0.027119252873563204 0.047952586206896575
0 0.5521731321839081 0.5334051724137931 0.021012931034482762 0.03879310344827591
0 0.36377514367816094 0.45541487068965514 0.02532327586206895 0.035290948275862044
0 0.44926364942528735 0.38254310344827586 0.027119252873563204 0.016702586206896575
0 0.5550466954022988 0.4381734913793104 0.029633620689655138 0.053071120689655193
0 0.5927622126436782 0.970635775862069 0.012751436781609171 0.049568965517241326
0 0.5524425287356323 0.5538793103448276 0.025862068965517238 0.04364224137931039
0 0.30082614942528735 0.8794450431034482 0.025862068965517238 0.03367456896551724
0 0.5281070402298851 0.5668103448275862 0.027837643678160884 0.03717672413793105
0 0.4639906609195402 0.3248922413793104 0.017420977011494254 0.03825431034482757
0 0.6254489942528736 0.9877424568965517 0.03250718390804597 0.024515086206896575
0 0.44665948275862066 0.7002963362068966 0.02478448275862072 0.055765086206896575
0 0.6048850574712643 0.556573275862069 0.015086206896551713 0.02963362068965525
0 0.42061781609195403 0.6996228448275862 0.026580459770114917 0.03717672413793105
0 0.4780890804597701 0.3208512931034483 0.010057471264367845 0.04633620689655171
0 0.7177622126436782 0.6457435344827587 0.01490660919540232 0.04956896551724144
0 0.4918283045977011 0.2862338362068966 0.03825431034482757 0.03205818965517243
0 0.7134518678160919 0.6139547413793103 0.033225574712643646 0.05118534482758619
0 0.47844827586206895 0.7005657327586208 0.02227011494252873 0.03259698275862066
0 0.619073275862069 0.5032327586206897 0.024425287356321768 0.05064655172413801
0 0.5911458333333333 0.2683189655172414 0.028556034482758563 0.03125
0 0.6311063218390804 0.4954202586206896 0.02298850574712641 0.052801724137930994
0 0.44755747126436785 0.1779364224137931 0.032686781609195414 0.0460668103448276
