0 0.3609015804597701 0.3515625 0.020653735632183867 0.03448275862068961
0 0.43893678160919536 0.40880926724137934 0.02262931034482757 0.03259698275862072
0 0.1869612068965517 0.3950700431034483 0.030531609195402293 0.03475215517241381
0 0.6091954022988506 0.38038793103448276 0.02083333333333337 0.0274784482758621
0 0.5903376436781609 0.42254849137931033 0.02442528735632188 0.03259698275862066
0 0.3717672413793104 0.4496228448275862 0.02119252873563221 0.032866379310344807
0 0.4985632183908046 0.35088900862068967 0.02227011494252873 0.034213362068965525
0 0.3897270114942529 0.4174299568965517 0.017241379310344862 0.02936422413793105
0 0.4103807471264368 0.5162984913793104 0.024784482758620663 0.036907327586206906
0 0.5075431034482759 0.3095366379310345 0.02047413793103453 0.03125
0 0.3640445402298851 0.8363415948275862 0.02406609195402304 0.042295258620689724
0 0.5729166666666667 0.5498383620689655 0.019755747126436796 0.033943965517241326
0 0.21875 0.4027478448275862 0.02765804597701149 0.03663793103448276
0 0.5504669540229885 0.6337553879310345 0.02298850574712641 0.037984913793103425
0 0.6155711206896552 0.34967672413793105 0.01778017241379304 0.02855603448275862
0 0.2349137931034483 0.537042025862069 0.026221264367816105 0.03367456896551724
0 0.5738146551724137 0.6744342672413793 0.017600574712643646 0.026131465517241326
0 0.46336206896551724 0.49811422413793105 0.020474137931034475 0.03394396551724138
0 0.2764008620689655 0.40773168103448276 0.027298850574712652 0.04067887931034486
0 0.5116738505747127 0.5739493534482758 0.01939655172413801 0.03529094827586199
0 0.4735991379310345 0.4341325431034483 0.01795977011494254 0.03313577586206895
0 0.3479705459770115 0.4303609913793104 0.02604166666666663 0.035290948275862044
0 0.3094468390804598 0.4715786637931034 0.02298850574712641 0.03960129310344823
0 0.35766882183908044 0.7369342672413792 0.019576149425287348 0.03475215517241381
0 0.26284123563218387 0.5319234913793104 0.02424568965517243 0.040140086206896575
0 0.5567528735632183 0.5363685344827587 0.01652298850574707 0.03178879310344829
0 0.517510775862069 0.4760237068965517 0.018139367816091934 0.029633620689655193
0 0.38451867816091956 0.7393588362068966 0.020114942528735635 0.03582974137931039
0 0.4071479885057471 0.7621228448275862 0.020474137931034475 0.0350215517241379
0 0.30441810344827586 0.5315193965517242 0.026580459770114917 0.03771551724137934
0 0.5469647988505747 0.5152209051724138 0.019576149425287293 0.030980603448275856
0 0.2146192528735632 0.42376077586206895 0.030531609195402293 0.03825431034482757
0 0.5387033045977012 0.6217672413793103 0.02460488505747127 0.03286637931034486
0 0.31330818965517243 0.5724676724137931 0.022808908045977017 0.04148706896551724
0 0.3831716954022989 0.50390625 0.014188218390804586 0.024515086206896575
0 0.5402298850574713 0.42106681034482757 0.02083333333333326 0.04256465517241381
0 0.47988505747126436 0.32354525862068967 0.017241379310344862 0.030711206896551713
0 0.35030531609195403 0.798760775862069 0.01921695402298851 0.028556034482758674
0 0.6111709770114943 0.4096174568965517 0.027298850574712707 0.03205818965517243
0 0.4067887931034483 0.798760775862069 0.01795977011494254 0.033943965517241326
0 0.48464439655172414 0.46699892241379315 0.022808908045977017 0.03582974137931033
0 0.4966774425287356 0.24124461206896552 0.019216954022988453 0.028825431034482762
0 0.3312679597701149 0.8537176724137931 0.02568247126436779 0.03879310344827591
0 0.3989762931034483 0.4834321120689655 0.020653735632183923 0.030980603448275856
0 0.5430136494252873 0.6663523706896552 0.01778017241379304 0.029903017241379337
0 0.4022988505747126 0.4168911637931034 0.01831896551724138 0.030980603448275856
0 0.47853807471264365 0.5162984913793104 0.023886494252873536 0.033135775862069006
0 0.5161637931034483 0.5431034482758621 0.02083333333333326 0.03340517241379315
0 0.3013649425287356 0.6251346982758621 0.023706896551724144 0.03636853448275856
0 0.6325431034482758 0.3467133620689655 0.023706896551724088 0.03178879310344829
0 0.5941091954022988 0.6516702586206897 0.022629310344827513 0.04256465517241381
0 0.48410560344827586 0.5649245689655172 0.015625 0.024245689655172376
0 0.5256824712643677 0.3943965517241379 0.019755747126436796 0.02855603448275862
0 0.49362428160919536 0.4977101293103448 0.017780172413793094 0.027747844827586188
0 0.5436422413793104 0.587823275862069 0.020474137931034475 0.03340517241379315
0 0.4024784482758621 0.4520474137931034 0.01975574712643674 0.03394396551724138
0 0.28295617816091956 0.5569773706896552 0.030352011494252873 0.03582974137931039
0 0.3008261494252874 0.6644665948275863 0.025502873563218398 0.03367456896551724
0 0.31878591954022983 0.6641971982758621 0.01831896551724138 0.03475215517241381
0 0.3776939655172414 0.35775862068965514 0.021910919540229834 0.03232758620689652
0 0.5367277298850575 0.3063038793103448 0.01849856321839083 0.030711206896551713
0 0.4562679597701149 0.4599946120689655 0.021731321839080497 0.031519396551724144
0 0.21910919540229884 0.568292025862069 0.021551724137931022 0.03259698275862066
0 0.5984195402298851 0.29445043103448276 0.023706896551724088 0.03717672413793105
0 0.3938577586206896 0.38038793103448276 0.024425287356321823 0.036099137931034475
0 0.41594827586206895 0.3976293103448276 0.024066091954022983 0.03771551724137928
0 0.4758441091954023 0.4019396551724138 0.01921695402298851 0.030711206896551713
0 0.5256824712643677 0.5140086206896552 0.017241379310344862 0.03178879310344829
0 0.4150502873563219 0.4451778017241379 0.020833333333333315 0.033135775862069006
0 0.5008081896551724 0.6064116379310345 0.019576149425287404 0.0350215517241379
0 0.5498383620689655 0.4525862068965517 0.018857758620689724 0.03394396551724138
0 0.49982040229885055 0.5358297413793103 0.01867816091954022 0.030711206896551713
0 0.30854885057471265 0.4245689655172414 0.025143678160919558 0.03556034482758619
0 0.3801185344827586 0.5946928879310345 0.02460488505747127 0.03852370689655171
0 0.5028735632183908 0.2718211206896552 0.025143678160919558 0.036099137931034475
0 0.45285560344827586 0.52734375 0.021731321839080442 0.0309806034482758
0 0.34410919540229884 0.9232219827586208 0.024066091954022983 0.03933189655172409
0 0.5044001436781609 0.3915678879310345 0.020294540229885027 0.032058189655172376
0 0.2285380747126437 0.3694773706896552 0.02209051724137931 0.043911637931034475
0 0.3115122126436781 0.7654903017241379 0.019576149425287348 0.03367456896551724
0 0.5263110632183907 0.3279903017241379 0.018857758620689613 0.03205818965517243
0 0.32579022988505746 0.4885506465517241 0.019396551724137956 0.035290948275862044
0 0.2999281609195402 0.3938577586206896 0.02298850574712641 0.035021551724137956
0 0.5544181034482758 0.6602909482758621 0.019037356321839005 0.022090517241379337
0 0.36503232758620685 0.6293103448275862 0.02424568965517243 0.0431034482758621
0 0.2516163793103448 0.3713631465517241 0.02586206896551721 0.03636853448275862
0 0.34931752873563215 0.3318965517241379 0.022988505747126464 0.03609913793103453
0 0.2526041666666667 0.4764278017241379 0.020653735632183895 0.031519396551724144
0 0.40625 0.5777209051724138 0.028017241379310387 0.037984913793103425
0 0.34913793103448276 0.6146282327586207 0.024066091954022983 0.036368534482758674
0 0.6109913793103448 0.49016702586206895 0.01867816091954022 0.025592672413793094
0 0.6014727011494252 0.32839439655172414 0.026939655172413812 0.03125
0 0.4738685344827586 0.34900323275862066 0.019576149425287404 0.02451508620689652
0 0.5801005747126438 0.34509698275862066 0.021910919540229945 0.035021551724137956
0 0.5199353448275862 0.43103448275862066 0.024066091954022983 0.037176724137930994
0 0.5720186781609196 0.6439924568965517 0.02227011494252873 0.037984913793103425
0 0.33387212643678166 0.5336745689655172 0.014727011494252873 0.030172413793103425
0 0.5683369252873562 0.4286099137931034 0.019935344827586188 0.032866379310344807
0 0.5753412356321839 0.3682650862068966 0.02460488505747127 0.03448275862068967
0 0.45842313218390807 0.3818696120689655 0.019935344827586243 0.029903017241379337
0 0.3644037356321839 0.3896821120689655 0.023347701149425304 0.03259698275862066
0 0.5377155172413792 0.5490301724137931 0.02083333333333337 0.03394396551724144
0 0.5585488505747127 0.3327047413793104 0.02298850574712652 0.033405172413793094
0 0.5799209770114943 0.6033135775862069 0.02227011494252884 0.03205818965517249
0 0.4326508620689655 0.6000808189655172 0.027298850574712652 0.0390625
0 0.555316091954023 0.30455280172413796 0.02227011494252873 0.028825431034482762
0 0.38918821839080464 0.6361799568965518 0.024425287356321823 0.04337284482758619
0 0.4538433908045977 0.5633081896551724 0.023706896551724144 0.03933189655172409
0 0.5704920977011494 0.4698275862068966 0.018857758620689613 0.029633620689655193
0 0.28089080459770116 0.6060075431034483 0.021192528735632155 0.03744612068965525
0 0.5687859195402298 0.5005387931034483 0.023347701149425304 0.03178879310344823
0 0.4261853448275862 0.4591864224137931 0.016163793103448287 0.027747844827586188
0 0.3662895114942529 0.47575431034482757 0.01634339080459768 0.025862068965517238
0 0.4571659482758621 0.4286099137931034 0.019935344827586243 0.03394396551724138
0 0.4815912356321839 0.27101293103448276 0.021012931034482762 0.03448275862068961
0 0.6156609195402298 0.4675377155172414 0.02011494252873558 0.03313577586206895
0 0.2731681034482759 0.6686422413793104 0.023706896551724144 0.036099137931034475
0 0.553430316091954 0.3783674568965517 0.020653735632183867 0.0428340517241379
0 0.4959590517241379 0.4222790948275862 0.023886494252873536 0.03475215517241376
0 0.5773168103448276 0.3077855603448276 0.019935344827586188 0.03582974137931033
0 0.5420258620689655 0.34765625 0.02227011494252873 0.03151939655172409
0 0.2567349137931034 0.6057381465517242 0.024604885057471243 0.03205818965517249
0 0.45492097701149425 0.3521012931034483 0.025862068965517238 0.026939655172413812
0 0.4796156609195402 0.29822198275862066 0.017061781609195414 0.017241379310344807
0 0.46587643678160917 0.29943426724137934 0.010416666666666685 0.025053879310344807
0 0.5271192528735632 0.3642241379310345 0.02155172413793105 0.02855603448275862
0 0.6004849137931034 0.3508890086206896 0.022808908045977017 0.025592672413793094
0 0.5975215517241379 0.36745689655172414 0.01867816091954022 0.016163793103448287
0 0.6197916666666667 0.3748653017241379 0.007543103448275912 0.03475215517241376
0 0.34348060344827586 0.3739224137931034 0.01706178160919536 0.03448275862068967
0 0.33036997126436785 0.3915678879310345 0.028915229885057514 0.029903017241379337
0 0.2875359195402299 0.44369612068965514 0.02155172413793105 0.02801724137931033
0 0.21183548850574713 0.4632273706896552 0.019576149425287348 0.03367456896551724
0 0.24542025862068967 0.5129310344827587 0.02460488505747127 0.028017241379310387
0 0.36835488505747127 0.5040409482758621 0.01041666666666663 0.02424568965517243
0 0.4781788793103448 0.36543642241379315 0.015625 0.021282327586206906
0 0.48670977011494254 0.3836206896551724 0.016163793103448287 0.02478448275862072
0 0.42465876436781613 0.5296336206896552 0.014188218390804586 0.03933189655172409
0 0.43938577586206895 0.4769665948275862 0.019576149425287348 0.025053879310344807
0 0.4161278735632184 0.47292564655172414 0.01795977011494254 0.022898706896551713
0 0.5167923850574713 0.45083512931034486 0.0231681034482758 0.025053879310344807
0 0.5819863505747127 0.44612068965517243 0.023168103448275912 0.020474137931034475
0 0.6082076149425288 0.4345366379310345 0.017420977011494254 0.019935344827586188
0 0.5941989942528736 0.4733297413793104 0.019576149425287404 0.04364224137931033
0 0.5873742816091954 0.5078125 0.015625 0.02801724137931033
0 0.6037176724137931 0.5110452586206896 0.012033045977011492 0.020474137931034475
0 0.5291846264367817 0.6018318965517242 0.017420977011494254 0.03178879310344829
0 0.5194863505747127 0.6159752155172413 0.014547413793103536 0.03852370689655171
0 0.5020653735632183 0.6274245689655172 0.01706178160919547 0.0193965517241379
0 0.475933908045977 0.5398706896551724 0.023706896551724144 0.0350215517241379
0 0.4030172413793104 0.5336745689655172 0.016522988505747127 0.0199353448275863
0 0.3864044540229885 0.5268049568965517 0.01490660919540232 0.02505387931034475
0 0.4373204022988506 0.49932650862068967 0.012931034482758619 0.026131465517241437
0 0.4109195402298851 0.6158405172413793 0.020833333333333315 0.036099137931034475
0 0.3791307471264368 0.6962553879310345 0.020474137931034475 0.0347521551724137
0 0.34033764367816094 0.8903556034482758 0.024066091954022983 0.03556034482758619
0 0.26697198275862066 0.6448006465517242 0.02280890804597696 0.04175646551724144
0 0.24730603448275862 0.6551724137931034 0.016522988505747155 0.032327586206896575
0 0.5080818965517241 0.5066002155172413 0.01903735632183906 0.035290948275862044
0 0.4922772988505747 0.31438577586206895 0.016522988505747127 0.03125
0 0.5919540229885057 0.3923760775862069 0.019037356321839116 0.029903017241379337
