0 0.31797772988505746 0.6675646551724138 0.025682471264367845 0.038254310344827624
0 0.42573635057471265 0.3902209051724138 0.022090517241379337 0.040678879310344807
0 0.587823275862069 0.7844827586206896 0.025143678160919558 0.042025862068965525
0 0.30585488505747127 0.7149784482758621 0.032327586206896575 0.05657327586206895
0 0.5938397988505747 0.4948814655172414 0.021372126436781658 0.03178879310344829
0 0.4958692528735632 0.4267241379310345 0.021910919540229834 0.0431034482758621
0 0.6513110632183907 0.6000808189655172 0.025682471264367845 0.03744612068965525
0 0.5453484195402298 0.4366918103448276 0.025682471264367845 0.050646551724137956
0 0.39709051724137934 0.7723599137931034 0.03412356321839077 0.05926724137931039
0 0.3791307471264368 0.4140625 0.026221264367816077 0.04040948275862066
0 0.6674748563218391 0.37338362068965514 0.020294540229885083 0.02801724137931033
0 0.7143498563218391 0.5386584051724138 0.024245689655172376 0.03313577586206895
0 0.31698994252873564 0.19908405172413793 0.025862068965517238 0.05118534482758619
0 0.5443606321839081 0.6497844827586208 0.025143678160919558 0.03448275862068961
0 0.5797413793103448 0.7269665948275863 0.021910919540229945 0.03475215517241381
0 0.5703125 0.7602370689655172 0.021372126436781658 0.03286637931034475
0 0.3823635057471264 0.48989762931034486 0.030531609195402265 0.058459051724137956
0 0.6686422413793103 0.5109105603448276 0.02298850574712652 0.03259698275862066
0 0.6261673850574713 0.6962553879310345 0.02388649425287359 0.047683189655172376
0 0.35802801724137934 0.4451778017241379 0.02855603448275862 0.05792025862068967
0 0.4695581896551724 0.5506465517241379 0.031070402298850552 0.0506465517241379
0 0.6415229885057472 0.5113146551724138 0.02837643678160917 0.03987068965517243
0 0.6070402298850575 0.5713900862068966 0.025143678160919558 0.04256465517241381
0 0.7738864942528736 0.6489762931034483 0.024066091954022983 0.04471982758620685
0 0.7444324712643677 0.4659213362068966 0.026939655172413812 0.035290948275862044
0 0.4500718390804598 0.5202047413793103 0.029094827586206906 0.05603448275862066
0 0.31079382183908044 0.43440193965517243 0.029633620689655193 0.04498922413793105
0 0.5086206896551724 0.5522629310344828 0.03268678160919547 0.049568965517241326
0 0.7526041666666667 0.5983297413793103 0.024245689655172487 0.04040948275862066
0 0.3238146551724138 0.4777747844827586 0.020474137931034475 0.03960129310344829
0 0.5952765804597702 0.7431303879310345 0.024245689655172487 0.035829741379310276
0 0.5706716954022988 0.671875 0.025682471264367845 0.03663793103448265
0 0.5501975574712643 0.5200700431034483 0.023168103448275912 0.028286637931034475
0 0.5679777298850575 0.584051724137931 0.024245689655172376 0.042025862068965525
0 0.43929597701149425 0.6549030172413792 0.023706896551724088 0.04633620689655171
0 0.6506824712643677 0.6512661637931034 0.031609195402298895 0.037984913793103425
0 0.6091056034482758 0.53125 0.02244971264367812 0.0350215517241379
0 0.554058908045977 0.7687230603448276 0.024784482758620774 0.03690732758620696
0 0.39197198275862066 0.8100754310344828 0.019935344827586243 0.03286637931034475
0 0.654992816091954 0.6351023706896551 0.0193965517241379 0.030441810344827624
0 0.5954561781609196 0.5968480603448276 0.024245689655172376 0.03960129310344829
0 0.7783764367816093 0.6091056034482758 0.02837643678160917 0.03502155172413801
0 0.3933189655172414 0.5412176724137931 0.025862068965517238 0.04418103448275856
0 0.42941810344827586 0.5405441810344828 0.03053160919540232 0.06923491379310343
0 0.6708872126436782 0.6244612068965517 0.02460488505747127 0.0350215517241379
0 0.3999640804597701 0.6373922413793103 0.0193965517241379 0.029633620689655138
0 0.3133979885057471 0.33418642241379315 0.023706896551724088 0.03582974137931033
0 0.6546336206896552 0.4431573275862069 0.026939655172413812 0.03771551724137934
0 0.4051724137931034 0.5775862068965517 0.029454022988505746 0.037715517241379226
0 0.6198814655172413 0.6535560344827587 0.02460488505747127 0.03771551724137934
0 0.5337643678160919 0.5863415948275862 0.02155172413793105 0.02936422413793105
0 0.4927262931034483 0.3499461206896552 0.026760057471264365 0.036099137931034475
0 0.3635955459770115 0.63671875 0.02819683908045978 0.040140086206896575
0 0.3973599137931034 0.6676993534482758 0.026760057471264365 0.03367456896551724
0 0.5183189655172413 0.3511584051724138 0.021910919540229945 0.035290948275862044
0 0.7242277298850575 0.44329202586206895 0.024245689655172376 0.03636853448275862
0 0.5234375 0.4744073275862069 0.030711206896551824 0.0431034482758621
0 0.6695402298850575 0.47723599137931033 0.02298850574712641 0.03259698275862066
0 0.39807830459770116 0.4525862068965517 0.029274425287356354 0.04418103448275862
0 0.45123922413793105 0.4605334051724138 0.027478448275862044 0.04876077586206895
0 0.5964439655172413 0.6410290948275862 0.022629310344827513 0.04121767241379315
0 0.7200969827586208 0.5068696120689655 0.02244971264367812 0.034213362068965525
0 0.6477191091954022 0.3706896551724138 0.023527298850574696 0.035021551724137956
0 0.6232040229885057 0.43359375 0.022629310344827624 0.041756465517241326
0 0.6037176724137931 0.46336206896551724 0.02676005747126442 0.04849137931034486
0 0.22701149425287356 0.6123383620689655 0.028735632183908066 0.04471982758620685
0 0.5501975574712643 0.3624730603448276 0.02388649425287348 0.03259698275862072
0 0.7490122126436782 0.513739224137931 0.036817528735632155 0.035021551724137956
0 0.33261494252873564 0.7415140086206896 0.031609195402298895 0.06061422413793105
0 0.5466056034482758 0.5622306034482758 0.029274425287356354 0.04094827586206906
0 0.5226293103448276 0.5183189655172413 0.03196839080459768 0.05010775862068961
0 0.37365301724137934 0.8122306034482758 0.02424568965517243 0.06088362068965514
0 0.694683908045977 0.5094288793103449 0.026580459770114917 0.038254310344827624
0 0.5792923850574713 0.6189385775862069 0.021372126436781658 0.04121767241379304
0 0.46704382183908044 0.4197198275862069 0.03142959770114945 0.04741379310344829
0 0.5593570402298851 0.6962553879310345 0.022808908045977017 0.0309806034482758
0 0.576867816091954 0.4717133620689655 0.022629310344827624 0.03125
0 0.6602909482758621 0.40853987068965514 0.021731321839080442 0.035290948275862044
0 0.4126257183908046 0.3912984913793104 0.023527298850574696 0.03044181034482757
0 0.37948994252873564 0.6550377155172413 0.02083333333333337 0.030441810344827513
0 0.5334051724137931 0.7749191810344828 0.021192528735632155 0.042295258620689724
0 0.4119971264367816 0.6901939655172413 0.025143678160919558 0.03987068965517249
0 0.5457974137931034 0.6147629310344828 0.02155172413793105 0.033943965517241326
0 0.3369252873563219 0.4385775862068966 0.023706896551724144 0.04795258620689652
0 0.6405352011494253 0.4721174568965517 0.024245689655172376 0.0352909482758621
0 0.6136853448275863 0.40840517241379315 0.023347701149425304 0.038793103448275856
0 0.5989583333333334 0.3745959051724138 0.025143678160919558 0.03636853448275862
0 0.31896551724137934 0.5456627155172413 0.03915229885057475 0.05145474137931039
0 0.3842492816091954 0.24582435344827586 0.027119252873563204 0.036907327586206934
0 0.4348060344827586 0.6965247844827587 0.02083333333333337 0.03636853448275856
0 0.3477909482758621 0.6769935344827587 0.030352011494252873 0.06088362068965514
0 0.5050287356321839 0.3840247844827586 0.03448275862068967 0.03744612068965514
0 0.46291307471264365 0.3793103448275862 0.027478448275862044 0.036099137931034475
0 0.36314655172413796 0.21672952586206895 0.025862068965517238 0.047144396551724116
0 0.6131465517241379 0.7908135775862069 0.027298850574712596 0.04498922413793105
0 0.6811242816091954 0.5959051724137931 0.02532327586206895 0.03340517241379304
0 0.6287715517241379 0.5994073275862069 0.02442528735632188 0.05334051724137934
0 0.5590876436781609 0.7303340517241379 0.021910919540229945 0.0350215517241379
0 0.7080639367816093 0.41473599137931033 0.019935344827586188 0.029903017241379337
0 0.3020833333333333 0.5782596982758621 0.02765804597701149 0.05792025862068961
0 0.2843929597701149 0.3702855603448276 0.028196839080459724 0.04229525862068967
0 0.6789691091954023 0.453125 0.02532327586206895 0.03663793103448276
0 0.3062140804597701 0.4842403017241379 0.03196839080459768 0.043911637931034475
0 0.3698814655172414 0.5495689655172413 0.026400862068965525 0.04148706896551724
0 0.650323275862069 0.7082435344827587 0.027298850574712707 0.04525862068965514
0 0.5851293103448276 0.5319234913793104 0.024784482758620663 0.049838362068965525
0 0.2979525862068966 0.6255387931034483 0.029813218390804586 0.040409482758620774
0 0.35479525862068967 0.5307112068965517 0.02819683908045978 0.04094827586206895
0 0.6871408045977012 0.3566810344827586 0.027298850574712596 0.0350215517241379
0 0.27433548850574707 0.47454202586206895 0.03214798850574713 0.04552801724137928
0 0.6361350574712643 0.3331088362068966 0.02442528735632188 0.0390625
0 0.3800287356321839 0.6068157327586207 0.033045977011494254 0.0584590517241379
0 0.5154454022988506 0.41177262931034486 0.029454022988505746 0.044989224137930994
0 0.740930316091954 0.5641163793103448 0.022090517241379226 0.03286637931034486
0 0.2734375 0.5858028017241379 0.029274425287356354 0.04552801724137934
0 0.5966235632183908 0.4109644396551724 0.0193965517241379 0.035290948275862044
0 0.3829022988505747 0.2803071120689655 0.025143678160919558 0.031519396551724144
0 0.6416127873563218 0.4105603448275862 0.023168103448275912 0.03663793103448276
0 0.4255567528735632 0.43157327586206895 0.02819683908045978 0.03125
0 0.3590158045977011 0.28879310344827586 0.024425287356321823 0.0431034482758621
0 0.6830998563218391 0.54296875 0.022808908045977017 0.038523706896551824
0 0.29085847701149425 0.7564655172413792 0.026400862068965525 0.04256465517241381
0 0.40445402298850575 0.41015625 0.023706896551724088 0.03690732758620685
0 0.35443606321839083 0.8033405172413793 0.029992816091953978 0.047952586206896575
0 0.33782327586206895 0.6282327586206897 0.023347701149425304 0.03987068965517249
0 0.7130926724137931 0.47117456896551724 0.025682471264367845 0.04256465517241381
0 0.2843031609195402 0.33001077586206895 0.027298850574712652 0.035021551724137956
0 0.5361889367816093 0.7005657327586207 0.021012931034482762 0.032058189655172376
0 0.29561781609195403 0.30212823275862066 0.023347701149425304 0.03259698275862072
0 0.5592672413793103 0.48679956896551724 0.019755747126436796 0.03771551724137928
0 0.29031968390804597 0.521551724137931 0.02855603448275862 0.044181034482758674
0 0.6433189655172413 0.7972790948275862 0.027298850574712596 0.034213362068965525
0 0.26176364942528735 0.6329471982758621 0.026400862068965525 0.05253232758620685
0 0.6254489942528736 0.35021551724137934 0.027837643678160884 0.038793103448275856
0 0.2612248563218391 0.5525323275862069 0.02783764367816094 0.03933189655172409
0 0.4889547413793104 0.5294989224137931 0.02568247126436779 0.04229525862068961
0 0.34985632183908044 0.5934806034482758 0.02227011494252873 0.05118534482758619
0 0.234375 0.4850484913793104 0.033045977011494254 0.044989224137931105
0 0.7212643678160919 0.5950969827586208 0.02442528735632188 0.04849137931034486
0 0.5796515804597702 0.43830818965517243 0.023168103448275912 0.036099137931034475
0 0.31411637931034486 0.24407327586206895 0.043103448275862044 0.0382543103448276
0 0.5441810344827587 0.48666487068965514 0.02298850574712652 0.03636853448275862
0 0.28511135057471265 0.6682381465517242 0.035380747126436796 0.04822198275862066
0 0.2479346264367816 0.5373114224137931 0.03753591954022992 0.05253232758620696
0 0.32561063218390807 0.5078125 0.026939655172413757 0.030172413793103425
0 0.5629489942528736 0.3972252155172414 0.0274784482758621 0.03475215517241381
0 0.6440373563218391 0.5538793103448276 0.023706896551724088 0.047952586206896575
0 0.40625 0.7287176724137931 0.030172413793103425 0.04418103448275856
0 0.4209770114942529 0.4675377155172414 0.02155172413793105 0.04121767241379315
0 0.6941451149425287 0.5642510775862069 0.031609195402298784 0.03636853448275856
0 0.367816091954023 0.7373383620689655 0.03448275862068961 0.0511853448275863
0 0.6949533045977012 0.4268588362068966 0.0314295977011495 0.03367456896551724
0 0.5441810344827587 0.7337015086206896 0.019037356321839005 0.040140086206896575
0 0.7553879310344828 0.5490301724137931 0.034482758620689724 0.03502155172413801
0 0.5689655172413793 0.3433459051724138 0.019037356321839116 0.031519396551724144
0 0.33459051724137934 0.5794719827586208 0.027658045977011547 0.04525862068965514
0 0.3188757183908046 0.6329471982758621 0.021731321839080442 0.040140086206896575
0 0.2761314655172414 0.30212823275862066 0.022808908045977017 0.029364224137930994
0 0.647180316091954 0.6722790948275863 0.024245689655172376 0.021821120689655138
0 0.774066091954023 0.5433728448275862 0.01795977011494254 0.044181034482758674
0 0.2770294540229885 0.4357489224137931 0.02604166666666663 0.03313577586206895
0 0.5549568965517242 0.3252963362068966 0.035201149425287404 0.031519396551724144
0 0.5319683908045978 0.38092672413793105 0.01867816091954022 0.025862068965517238
0 0.6637033045977012 0.5445851293103448 0.01778017241379304 0.03259698275862066
0 0.5233477011494252 0.7446120689655172 0.010057471264367845 0.04471982758620685
0 0.6869612068965517 0.48464439655172414 0.015804597701149392 0.022629310344827624
0 0.6293103448275862 0.3779633620689655 0.015804597701149392 0.023168103448275856
0 0.4269037356321839 0.7279094827586208 0.014367816091954033 0.030711206896551713
0 0.436871408045977 0.4214709051724138 0.02460488505747127 0.03313577586206895
0 0.24667744252873564 0.5852640086206897 0.01849856321839083 0.03852370689655171
0 0.6919899425287357 0.4535290948275862 0.011853448275861989 0.035290948275862044
0 0.3459051724137931 0.3996497844827586 0.019755747126436796 0.03367456896551724
0 0.5895294540229885 0.32502693965517243 0.023527298850574807 0.022898706896551713
0 0.27945402298850575 0.6275592672413793 0.016163793103448287 0.034213362068965525
0 0.26373922413793105 0.3751346982758621 0.023886494252873536 0.033135775862069006
0 0.7622126436781609 0.576104525862069 0.019037356321839116 0.020204741379310276
0 0.6736709770114943 0.4050377155172414 0.018318965517241326 0.03744612068965514
0 0.4334590517241379 0.46699892241379315 0.009159482758620718 0.041217672413793094
0 0.5374461206896552 0.4411368534482759 0.02460488505747127 0.056842672413793094
0 0.6681932471264367 0.5730064655172413 0.023527298850574696 0.026400862068965414
0 0.634698275862069 0.6241918103448276 0.0237068965517242 0.0193965517241379
0 0.31869612068965514 0.6142241379310345 0.012392241379310331 0.047952586206896575
0 0.41603807471264365 0.7747844827586207 0.011673850574712652 0.0431034482758621
0 0.7348239942528736 0.615167025862069 0.02532327586206895 0.06330818965517238
0 0.4644396551724138 0.4717133620689655 0.014367816091954033 0.04418103448275862
0 0.3362068965517241 0.7117456896551724 0.029094827586206906 0.05010775862068961
0 0.7364403735632183 0.4931303879310345 0.019935344827586188 0.018588362068965525
0 0.40795617816091956 0.4775053879310345 0.018498563218390773 0.037984913793103425
0 0.603448275862069 0.43494073275862066 0.014727011494252817 0.018049568965517293
0 0.32489224137931033 0.7640086206896552 0.032327586206896575 0.04256465517241381
0 0.5147270114942528 0.4509698275862069 0.02083333333333337 0.032327586206896575
0 0.3826329022988506 0.3046875 0.02209051724137928 0.01778017241379315
0 0.6056034482758621 0.6080280172413793 0.014367816091954033 0.028556034482758674
0 0.5923132183908046 0.35223599137931033 0.03125 0.03259698275862066
0 0.6398168103448276 0.4396551724137931 0.015265804597701105 0.0274784482758621
0 0.40095186781609193 0.6138200431034483 0.010237068965517238 0.032058189655172376
0 0.7507183908045978 0.6306573275862069 0.014008620689655138 0.032327586206896464
0 0.5740840517241379 0.3719019396551724 0.023527298850574696 0.02074353448275862
0 0.41163793103448276 0.501885775862069 0.025862068965517238 0.022090517241379337
0 0.5601652298850575 0.45231681034482757 0.017600574712643757 0.042025862068965525
0 0.7625718390804598 0.5030980603448276 0.032327586206896575 0.04175646551724138
0 0.5634877873563219 0.6223060344827587 0.014547413793103425 0.03556034482758619
0 0.35290948275862066 0.7161907327586207 0.014727011494252873 0.014816810344827624
0 0.44809626436781613 0.5629040948275862 0.014727011494252873 0.030441810344827624
0 0.41666666666666663 0.6130118534482758 0.012931034482758619 0.02936422413793094
0 0.5757902298850575 0.4959590517241379 0.015804597701149392 0.01670258620689652
0 0.3562320402298851 0.4768318965517241 0.02640086206896547 0.029094827586206906
0 0.7371587643678161 0.6518049568965517 0.022090517241379337 0.032058189655172376
0 0.48293821839080464 0.3875269396551724 0.014727011494252873 0.036907327586206906
0 0.5301724137931034 0.6136853448275862 0.018318965517241326 0.043642241379310276
0 0.3480603448275862 0.4881465517241379 0.029454022988505746 0.04633620689655177
0 0.4131645114942529 0.5383890086206897 0.012392241379310387 0.04283405172413801
0 0.6113505747126436 0.5005387931034483 0.015804597701149392 0.026939655172413757
0 0.5276580459770115 0.6606950431034483 0.01795977011494254 0.047683189655172376
0 0.7066271551724137 0.6023706896551724 0.022090517241379337 0.06950431034482751
0 0.7101293103448276 0.6392780172413792 0.01652298850574707 0.029633620689655138
0 0.3740122126436781 0.5133351293103448 0.022449712643678177 0.03367456896551724
0 0.6258979885057472 0.4795258620689655 0.019755747126436796 0.047952586206896575
0 0.5411278735632183 0.6767241379310345 0.02011494252873558 0.024784482758620774
0 0.23841594827586207 0.5219558189655172 0.030352011494252873 0.03690732758620685
0 0.7253951149425287 0.5614224137931034 0.017600574712643757 0.019935344827586188
0 0.6142241379310345 0.6505926724137931 0.022629310344827624 0.05980603448275856
0 0.25754310344827586 0.49043642241379315 0.020114942528735663 0.033135775862069006
0 0.5663613505747127 0.54296875 0.01490660919540232 0.04067887931034475
0 0.5883620689655172 0.5592672413793104 0.03053160919540221 0.026400862068965525
0 0.6258979885057472 0.5234375 0.012212643678160995 0.0350215517241379
0 0.5336745689655173 0.7341056034482758 0.013829022988505746 0.03394396551724144
