0 0.6845366379310345 0.9806034482758621 0.037535919540229834 0.03879310344827591
0 0.4854525862068966 0.8246228448275863 0.0330459770114942 0.06088362068965514
0 0.3291127873563218 0.5941540948275862 0.023527298850574696 0.041756465517241326
0 0.594378591954023 0.47804418103448276 0.023527298850574807 0.03960129310344829
0 0.3475215517241379 0.5048491379310345 0.02191091954022989 0.032327586206896575
0 0.3644935344827586 0.4189116379310345 0.03142959770114939 0.04849137931034486
0 0.6663074712643677 0.47723599137931033 0.029454022988505746 0.04714439655172409
0 0.4067887931034483 0.31074892241379315 0.026939655172413812 0.04175646551724138
0 0.4198096264367816 0.9075969827586207 0.023527298850574696 0.049568965517241326
0 0.3914331896551724 0.5285560344827587 0.03214798850574713 0.046875
0 0.3781429597701149 0.7671066810344828 0.038613505747126464 0.0466056034482758
0 0.44755747126436785 0.7974137931034483 0.029094827586206906 0.04471982758620685
0 0.4452227011494253 0.4261853448275862 0.024066091954022983 0.03556034482758624
0 0.4480064655172414 0.36516702586206895 0.029633620689655138 0.04337284482758619
0 0.32992097701149425 0.4296875 0.025862068965517238 0.04471982758620685
0 0.49739583333333337 0.2174030172413793 0.028915229885057514 0.04148706896551724
0 0.45501077586206895 0.544989224137931 0.026760057471264365 0.04094827586206895
0 0.4031968390804598 0.39304956896551724 0.032686781609195414 0.028017241379310387
0 0.7130926724137931 0.7526939655172413 0.03502155172413801 0.06088362068965514
0 0.6575969827586207 0.9383081896551724 0.03250718390804597 0.06950431034482751
0 0.5060165229885057 0.39264547413793105 0.04040948275862072 0.04337284482758619
0 0.7799030172413793 0.3446928879310345 0.038254310344827624 0.046605603448275856
0 0.3635955459770115 0.9810075431034483 0.045797413793103425 0.037984913793103425
0 0.31483477011494254 0.5511853448275862 0.023706896551724144 0.043642241379310276
0 0.3273168103448276 0.3840247844827586 0.02855603448275862 0.043911637931034475
0 0.6898347701149425 0.4306303879310345 0.03268678160919536 0.043911637931034475
0 0.42376077586206895 0.36880387931034486 0.01885775862068967 0.037176724137930994
0 0.7042923850574713 0.5317887931034483 0.031070402298850608 0.055495689655172376
0 0.3435704022988506 0.46713362068965514 0.026939655172413757 0.04579741379310348
0 0.5873742816091954 0.5637122844827587 0.024245689655172487 0.03259698275862066
0 0.4535739942528736 0.3935883620689655 0.028915229885057514 0.03663793103448276
0 0.7153376436781609 0.4853178879310345 0.022629310344827624 0.0309806034482758
0 0.5330459770114943 0.4676724137931034 0.023347701149425193 0.038793103448275856
0 0.47799928160919536 0.22925646551724138 0.01598419540229884 0.03825431034482757
0 0.4373204022988506 0.7335668103448276 0.031968390804597735 0.04849137931034486
0 0.5167025862068966 0.34455818965517243 0.025862068965517238 0.04256465517241381
0 0.7657147988505748 0.5770474137931034 0.029274425287356354 0.0393318965517242
0 0.35039511494252873 0.587957974137931 0.02083333333333337 0.03367456896551724
0 0.5713002873563218 0.38442887931034486 0.027298850574712596 0.038793103448275856
0 0.3354885057471264 0.3426724137931034 0.027658045977011547 0.039331896551724144
0 0.6252693965517242 0.11772629310344827 0.030711206896551713 0.04040948275862069
0 0.4498922413793104 0.3135775862068966 0.029813218390804586 0.04795258620689652
0 0.4963182471264368 0.7265625 0.02783764367816094 0.0431034482758621
0 0.41289511494252873 0.5736799568965517 0.024066091954022983 0.04121767241379315
0 0.6601113505747127 0.5216864224137931 0.023168103448275912 0.0390625
0 0.31492456896551724 0.47494612068965514 0.029274425287356354 0.044719827586206906
0 0.4064295977011494 0.8329741379310345 0.03089080459770116 0.045797413793103425
0 0.3935883620689655 0.42335668103448276 0.03214798850574713 0.053609913793103425
0 0.4761135057471264 0.978582974137931 0.0294540229885058 0.042295258620689724
0 0.4763829022988506 0.48221982758620685 0.02783764367816094 0.05010775862068967
0 0.3426724137931034 0.5472790948275862 0.026221264367816077 0.05253232758620685
0 0.4307650862068966 0.8096713362068966 0.036099137931034475 0.04822198275862066
0 0.4171156609195402 0.4760237068965517 0.027837643678160884 0.03987068965517243
0 0.4691989942528736 0.5876885775862069 0.02280890804597696 0.040140086206896464
0 0.31474497126436785 0.42039331896551724 0.02280890804597696 0.03852370689655171
0 0.6827406609195402 0.6157058189655172 0.02388649425287359 0.049838362068965525
0 0.7325790229885057 0.5255926724137931 0.021910919540229834 0.054418103448275856
0 0.6405352011494252 0.53125 0.025682471264367845 0.050107758620689724
0 0.41576867816091956 0.705010775862069 0.02801724137931033 0.039870689655172376
0 0.5804597701149425 0.41338900862068967 0.024784482758620774 0.03852370689655171
0 0.5611530172413793 0.5495689655172413 0.024964080459770166 0.04094827586206906
0 0.4906609195402299 0.6792834051724138 0.033045977011494254 0.043911637931034475
0 0.7711925287356322 0.3036099137931034 0.02765804597701149 0.03771551724137928
0 0.33468031609195403 0.7153825431034483 0.03286637931034486 0.046066810344827624
0 0.4960488505747126 0.4659213362068966 0.023706896551724144 0.02990301724137928
0 0.3350395114942529 0.685614224137931 0.024964080459770166 0.0237068965517242
0 0.6016522988505747 0.4174299568965517 0.022629310344827624 0.04229525862068967
0 0.43426724137931033 0.9811422413793103 0.02837643678160917 0.03771551724137934
0 0.6069504310344828 0.8719019396551724 0.026400862068965525 0.040140086206896575
0 0.6319145114942528 0.7258890086206897 0.034662356321839005 0.04714439655172409
0 0.4110991379310345 0.9594558189655172 0.02837643678160917 0.046066810344827624
0 0.7346443965517242 0.5809536637931034 0.021372126436781547 0.040140086206896575
0 0.49506106321839083 0.5460668103448276 0.032866379310344807 0.0506465517241379
0 0.32489224137931033 0.5113146551724138 0.025143678160919558 0.0431034482758621
0 0.4063397988505747 0.26629849137931033 0.029992816091954033 0.04822198275862066
0 0.6423311781609196 0.1910021551724138 0.02460488505747127 0.04310344827586207
0 0.3838900862068966 0.7106681034482758 0.029274425287356298 0.04471982758620696
0 0.29813218390804597 0.607354525862069 0.03160919540229884 0.0584590517241379
0 0.5220007183908046 0.24757543103448276 0.024245689655172487 0.04256465517241381
0 0.4436961206896552 0.27276400862068967 0.03358477011494254 0.0390625
0 0.6478987068965517 0.5773168103448276 0.018139367816091934 0.032327586206896575
0 0.45572916666666663 0.5066002155172413 0.02496408045977011 0.04175646551724144
0 0.6901939655172413 0.6977370689655172 0.028735632183907955 0.036099137931034475
0 0.4224137931034483 0.625 0.03448275862068967 0.042025862068965525
0 0.4656968390804598 0.7785560344827587 0.025862068965517238 0.04364224137931039
0 0.42681393678160917 0.24811422413793105 0.025323275862069006 0.03448275862068964
0 0.36530172413793105 0.3744612068965517 0.032327586206896575 0.04364224137931033
0 0.5201149425287357 0.5549568965517242 0.028017241379310387 0.05387931034482751
0 0.647808908045977 0.23720366379310343 0.0269396551724137 0.04014008620689655
0 0.2941810344827586 0.5074084051724138 0.02227011494252873 0.03475215517241376
0 0.633441091954023 0.2885237068965517 0.026580459770114917 0.04741379310344829
0 0.6016522988505747 0.08917025862068965 0.02909482758620685 0.04741379310344829
0 0.7035739942528736 0.7821928879310345 0.027119252873563204 0.03744612068965525
0 0.5004489942528736 0.2578125 0.032866379310344807 0.042025862068965525
0 0.6797772988505748 0.5037715517241379 0.024784482758620663 0.039331896551724144
0 0.6291307471264368 0.8353987068965517 0.024066091954022983 0.042025862068965525
0 0.6282327586206896 0.556707974137931 0.025143678160919558 0.04121767241379315
0 0.4765625 0.634698275862069 0.02676005747126442 0.05280172413793105
0 0.4311242816091954 0.6771282327586207 0.021012931034482762 0.04876077586206895
0 0.5416666666666666 0.4102909482758621 0.03125 0.045258620689655193
0 0.6085668103448276 0.37863685344827586 0.02388649425287359 0.040140086206896575
0 0.49030172413793105 0.9358836206896552 0.03125 0.04903017241379304
0 0.5387931034482758 0.4933997844827586 0.025862068965517238 0.03367456896551724
0 0.42789152298850575 0.4061153017241379 0.02460488505747127 0.03798491379310348
0 0.35910560344827586 0.7310075431034482 0.02532327586206895 0.04337284482758619
0 0.3979885057471264 0.9907058189655172 0.027298850574712652 0.018588362068965525
0 0.6996228448275862 0.9385775862068966 0.03214798850574718 0.05334051724137934
0 0.3116020114942529 0.37297952586206895 0.02011494252873558 0.037984913793103425
0 0.49398347701149425 0.32233297413793105 0.026760057471264365 0.04175646551724138
0 0.2959770114942529 0.4028825431034483 0.024784482758620663 0.0390625
0 0.6462823275862069 0.8658405172413793 0.03178879310344829 0.053879310344827624
0 0.4751257183908046 0.892645474137931 0.030711206896551713 0.0622306034482758
0 0.4932650862068966 0.5963092672413792 0.023168103448275856 0.03744612068965514
0 0.45456178160919536 0.9509698275862069 0.026221264367816077 0.04849137931034486
0 0.40104166666666663 0.36786099137931033 0.03160919540229884 0.04337284482758619
0 0.6082974137931034 0.32273706896551724 0.026580459770114917 0.030711206896551713
0 0.5369073275862069 0.35748922413793105 0.02244971264367812 0.03717672413793105
0 0.6795079022988506 0.83984375 0.030711206896551713 0.046066810344827624
0 0.6588541666666666 0.7059536637931034 0.03142959770114939 0.0471443965517242
0 0.4973060344827586 0.4313038793103448 0.03053160919540232 0.04633620689655171
0 0.6668462643678161 0.8973599137931034 0.03125 0.0506465517241379
0 0.4105603448275862 0.5999461206896552 0.029094827586206906 0.028017241379310387
0 0.6132363505747127 0.9675377155172413 0.029274425287356354 0.05091594827586199
0 0.2990301724137931 0.5334051724137931 0.028735632183908066 0.04956896551724144
0 0.4926364942528736 0.5079471982758621 0.03017241379310348 0.03960129310344823
0 0.47458692528735635 0.29054418103448276 0.02568247126436779 0.0428340517241379
0 0.7422772988505747 0.4722521551724138 0.025502873563218342 0.04633620689655171
0 0.7746048850574713 0.26171875 0.030890804597701216 0.04229525862068964
0 0.4572557471264368 0.6717403017241379 0.029094827586206906 0.03259698275862066
0 0.38820043103448276 0.4657866379310345 0.027837643678160884 0.05711206896551724
0 0.4689295977011494 0.7291217672413793 0.029094827586206906 0.057381465517241326
0 0.2734375 0.5821659482758621 0.03142959770114939 0.042025862068965525
0 0.4929058908045977 0.36853448275862066 0.020294540229885027 0.037176724137930994
0 0.6823814655172413 0.7283135775862069 0.026400862068965414 0.03636853448275856
0 0.6810344827586207 0.7680495689655172 0.03627873563218387 0.047413793103448176
0 0.4422593390804598 0.5712553879310345 0.02855603448275862 0.03960129310344829
0 0.4522270114942529 0.6423760775862069 0.028017241379310387 0.0546875
0 0.4261853448275862 0.5381196120689655 0.028376436781609227 0.043911637931034475
0 0.6576867816091954 0.8138469827586207 0.028735632183908066 0.04471982758620685
0 0.5829741379310345 0.5832435344827587 0.0269396551724137 0.03448275862068961
0 0.42268318965517243 0.8558728448275862 0.029992816091954033 0.046875
0 0.7169540229885057 0.24838362068965517 0.021910919540229834 0.03771551724137928
0 0.6983656609195403 0.8875269396551724 0.030711206896551713 0.04822198275862066
0 0.6187140804597702 0.46672952586206895 0.024066091954022983 0.03960129310344829
0 0.6601113505747126 0.5607489224137931 0.026400862068965525 0.040140086206896464
0 0.6154813218390804 0.1830549568965517 0.02837643678160917 0.04283405172413793
0 0.6024604885057472 0.5268049568965517 0.034662356321839005 0.048221982758620774
0 0.38927801724137934 0.8727101293103449 0.032866379310344807 0.0509159482758621
0 0.6950431034482758 0.8331088362068966 0.03196839080459768 0.06007543103448276
0 0.6162895114942528 0.5782596982758621 0.026400862068965414 0.04067887931034486
0 0.40867456896551724 0.6651400862068966 0.026400862068965525 0.046875
0 0.36099137931034486 0.31842672413793105 0.026939655172413757 0.04148706896551724
0 0.4383979885057471 0.927801724137931 0.03556034482758619 0.05334051724137934
0 0.3682650862068966 0.55078125 0.02819683908045978 0.06061422413793105
0 0.5665409482758621 0.5033674568965517 0.027837643678160884 0.041756465517241326
0 0.6688218390804598 0.6686422413793103 0.028376436781609282 0.04040948275862066
0 0.5413074712643677 0.5270743534482758 0.030890804597701105 0.040140086206896464
0 0.38451867816091956 0.6026400862068966 0.026221264367816077 0.061422413793103425
0 0.4146012931034483 0.7638739224137931 0.030711206896551713 0.04768318965517249
0 0.7004310344827587 0.4644396551724138 0.03484195402298851 0.042025862068965525
0 0.7139906609195402 0.28744612068965514 0.031070402298850608 0.03448275862068967
0 0.47063577586206895 0.43723060344827586 0.02568247126436779 0.04633620689655171
0 0.44028376436781613 0.48639547413793105 0.029274425287356298 0.06330818965517243
0 0.3662895114942529 0.4894935344827586 0.026400862068965525 0.04525862068965514
0 0.4181932471264368 0.43911637931034486 0.02532327586206895 0.04256465517241376
0 0.6461027298850575 0.7677801724137931 0.03178879310344829 0.05334051724137934
0 0.3474317528735632 0.9314385775862069 0.04220545977011492 0.06492456896551724
0 0.6245510057471264 0.5071390086206896 0.02819683908045978 0.04229525862068967
0 0.44980244252873564 0.85546875 0.02819683908045978 0.054148706896551824
0 0.5963541666666667 0.3397090517241379 0.030711206896551713 0.04364224137931033
0 0.38460847701149425 0.3393049568965517 0.02891522988505746 0.037446120689655193
0 0.600933908045977 0.6834590517241379 0.025502873563218342 0.04094827586206895
0 0.3863146551724138 0.9300915948275862 0.03232758620689652 0.06707974137931028
0 0.5561242816091954 0.4532596982758621 0.024964080459770055 0.05792025862068967
0 0.6041666666666666 0.9058459051724137 0.02298850574712641 0.028825431034482762
0 0.7533225574712643 0.3820043103448276 0.03394396551724144 0.04418103448275862
0 0.697198275862069 0.30320581896551724 0.0431034482758621 0.030441810344827624
0 0.517510775862069 0.21201508620689655 0.01849856321839083 0.02855603448275862
0 0.5458872126436782 0.34523168103448276 0.038972701149425304 0.0428340517241379
0 0.5117636494252874 0.3019935344827586 0.025323275862069006 0.04525862068965514
0 0.5281968390804598 0.30401400862068967 0.01795977011494254 0.04337284482758619
0 0.5387033045977012 0.3045528017241379 0.019935344827586188 0.03636853448275862
0 0.4929058908045977 0.2926993534482759 0.021012931034482818 0.041217672413793094
0 0.46955818965517243 0.3254310344827587 0.021731321839080442 0.03394396551724138
0 0.4630028735632184 0.35695043103448276 0.015086206896551713 0.030172413793103425
0 0.4756645114942529 0.3741918103448276 0.019935344827586188 0.04579741379310348
0 0.3479705459770115 0.37338362068965514 0.017420977011494254 0.03448275862068967
0 0.3479705459770115 0.42052801724137934 0.016702586206896575 0.032866379310344807
0 0.3598239942528736 0.4463900862068966 0.02855603448275862 0.021551724137930994
0 0.5149066091954023 0.4618803879310345 0.015804597701149392 0.037984913793103425
0 0.5332255747126436 0.4260506465517241 0.02298850574712641 0.031519396551724144
0 0.5823455459770115 0.45447198275862066 0.027119252873563315 0.050646551724137956
0 0.5889008620689655 0.3793103448275862 0.022629310344827624 0.045258620689655193
0 0.6136853448275862 0.4375 0.024425287356321768 0.038254310344827624
0 0.3983477011494253 0.4888200431034483 0.023706896551724144 0.030980603448275856
0 0.4445043103448276 0.5963092672413793 0.03520114942528735 0.0428340517241379
0 0.4695581896551724 0.5422952586206897 0.016343390804597735 0.05818965517241381
0 0.5274784482758621 0.5752963362068966 0.022629310344827624 0.05899784482758619
0 0.5413074712643677 0.5750269396551724 0.012931034482758563 0.059536637931034475
0 0.5139188218390804 0.5907866379310345 0.020294540229885083 0.0269396551724137
0 0.44773706896551724 0.7023168103448276 0.02298850574712641 0.03340517241379304
0 0.4018498563218391 0.7225215517241379 0.0332255747126437 0.04741379310344829
0 0.44082255747126436 0.7613146551724138 0.026400862068965525 0.030172413793103425
0 0.6078484195402298 0.8304148706896551 0.03430316091954022 0.046066810344827624
0 0.6201508620689655 0.775323275862069 0.02981321839080464 0.033943965517241326
0 0.6445761494252873 0.9886853448275862 0.02298850574712652 0.022629310344827624
0 0.6430495689655172 0.9535290948275862 0.0231681034482758 0.0471443965517242
0 0.5983297413793104 0.9391163793103448 0.012033045977011492 0.03879310344827591
0 0.6018318965517242 0.7928340517241379 0.023347701149425304 0.03717672413793105
0 0.7681393678160919 0.525323275862069 0.03412356321839083 0.0506465517241379
0 0.6805854885057472 0.5398706896551724 0.021372126436781547 0.03987068965517249
0 0.681573275862069 0.5786637931034483 0.024784482758620663 0.051724137931034475
0 0.633441091954023 0.587957974137931 0.017600574712643757 0.028825431034482762
0 0.5843211206896551 0.5258620689655172 0.02388649425287359 0.043642241379310276
0 0.48769755747126436 0.5875538793103449 0.01849856321839083 0.039870689655172376
0 0.2704741379310345 0.568292025862069 0.03807471264367812 0.0309806034482758
