0 0.4207974137931034 0.4369612068965517 0.024066091954022983 0.05603448275862066
0 0.4254669540229885 0.6518049568965517 0.02981321839080464 0.046066810344827624
0 0.6795079022988506 0.1732219827586207 0.02244971264367812 0.03556034482758619
0 0.6521192528735632 0.4717133620689655 0.021910919540229834 0.032327586206896575
0 0.5650143678160919 0.24366918103448276 0.025143678160919558 0.03960129310344829
0 0.33746408045977017 0.3799838362068966 0.0369971264367816 0.03636853448275862
0 0.46650502873563215 0.3912984913793104 0.023168103448275856 0.036907327586206906
0 0.7427262931034483 0.1880387931034483 0.02676005747126431 0.04040948275862069
0 0.5838721264367817 0.1744342672413793 0.03053160919540232 0.036907327586206906
0 0.5985991379310345 0.36503232758620685 0.026580459770114917 0.03987068965517243
0 0.5391522988505748 0.4676724137931034 0.025862068965517238 0.05334051724137928
0 0.6575969827586208 0.5234375 0.023527298850574696 0.032327586206896575
0 0.5788433908045977 0.6394127155172413 0.026221264367816133 0.037984913793103536
0 0.649694683908046 0.502155172413793 0.024245689655172376 0.03232758620689652
0 0.6107219827586207 0.7877155172413793 0.031070402298850608 0.046875
0 0.34186422413793105 0.8147898706896551 0.030711206896551713 0.06061422413793105
0 0.4445941091954023 0.3937230603448276 0.02460488505747127 0.042834051724137956
0 0.5424748563218391 0.2677801724137931 0.030711206896551713 0.03933189655172417
0 0.3878412356321839 0.7944504310344828 0.021012931034482762 0.03286637931034475
0 0.36602011494252873 0.8064385775862069 0.028735632183908066 0.04660560344827591
0 0.4574353448275862 0.30212823275862066 0.025143678160919503 0.036907327586206906
0 0.4694683908045977 0.8269127155172413 0.01903735632183906 0.034213362068965414
0 0.5070941091954023 0.21376616379310345 0.0274784482758621 0.043911637931034475
0 0.600305316091954 0.4074622844827586 0.02532327586206895 0.04660560344827591
0 0.4282507183908046 0.3677262931034483 0.025682471264367845 0.03448275862068967
0 0.749371408045977 0.31492456896551724 0.025682471264367734 0.045797413793103425
0 0.4557291666666667 0.7943157327586208 0.021731321839080442 0.03852370689655171
0 0.33764367816091956 0.8884698275862069 0.03125 0.04364224137931039
0 0.3706896551724138 0.3582974137931034 0.024425287356321823 0.035021551724137956
0 0.43292025862068967 0.30010775862068967 0.02532327586206895 0.04040948275862066
0 0.5382543103448276 0.3269127155172414 0.03053160919540232 0.040140086206896575
0 0.4025682471264368 0.8675915948275863 0.03430316091954022 0.04445043103448276
0 0.7212643678160919 0.24676724137931033 0.01867816091954022 0.032866379310344834
0 0.7138110632183908 0.45123922413793105 0.02891522988505746 0.032327586206896575
0 0.4677622126436782 0.24811422413793105 0.026400862068965525 0.035560344827586216
0 0.5061063218390804 0.41958512931034486 0.026580459770114917 0.046605603448275856
0 0.4126257183908046 0.7016433189655172 0.02388649425287359 0.03313577586206895
0 0.7633800287356323 0.2452855603448276 0.03178879310344829 0.037446120689655193
0 0.5397808908045977 0.22508081896551724 0.027837643678160884 0.034213362068965525
0 0.5819863505747127 0.2964709051724138 0.021731321839080553 0.03798491379310348
0 0.6886673850574713 0.4502963362068966 0.02676005747126431 0.02990301724137928
0 0.6516702586206897 0.6058728448275863 0.023527298850574696 0.03556034482758619
0 0.4487248563218391 0.8626077586206897 0.02783764367816094 0.04256465517241381
0 0.5049389367816092 0.25700431034482757 0.02855603448275862 0.04148706896551721
0 0.6386494252873564 0.7917564655172413 0.02765804597701149 0.04525862068965514
0 0.4879669540229885 0.3681303879310345 0.025143678160919558 0.04876077586206895
0 0.5629489942528736 0.45164331896551724 0.02604166666666663 0.04229525862068961
0 0.3862248563218391 0.7048760775862069 0.029274425287356298 0.04929956896551724
0 0.6403556034482758 0.6361799568965517 0.02604166666666663 0.03690732758620685
0 0.3500359195402299 0.4442349137931034 0.026580459770114917 0.040948275862069006
0 0.4228627873563219 0.5099676724137931 0.02568247126436779 0.04256465517241381
0 0.5332255747126438 0.4191810344827586 0.02442528735632188 0.04364224137931039
0 0.5852191091954023 0.8094019396551724 0.03214798850574718 0.05792025862068961
0 0.6078484195402298 0.6602909482758621 0.030711206896551713 0.047952586206896575
0 0.3693426724137931 0.5389278017241379 0.025682471264367845 0.040140086206896575
0 0.5622306034482758 0.3779633620689655 0.024245689655172487 0.039870689655172376
0 0.694683908045977 0.4950161637931034 0.0237068965517242 0.03259698275862072
0 0.4130747126436781 0.8040140086206897 0.029094827586206906 0.04552801724137934
0 0.3478807471264368 0.7684536637931034 0.025143678160919558 0.037984913793103425
0 0.37311422413793105 0.7491918103448276 0.029633620689655193 0.06681034482758619
0 0.44136135057471265 0.2582165948275862 0.02604166666666663 0.03960129310344826
0 0.35443606321839083 0.5211476293103449 0.036458333333333315 0.040140086206896575
0 0.6329920977011494 0.39197198275862066 0.023527298850574696 0.03663793103448271
0 0.46381106321839083 0.35748922413793105 0.025323275862069006 0.03663793103448276
0 0.4162176724137931 0.6031788793103448 0.029274425287356354 0.04741379310344829
0 0.6818426724137931 0.13469827586206898 0.029633620689655138 0.04148706896551725
0 0.4643498563218391 0.5752963362068966 0.02496408045977011 0.06007543103448276
0 0.47315014367816094 0.4330549568965517 0.02460488505747127 0.040140086206896575
0 0.4414511494252874 0.9038254310344828 0.03160919540229884 0.047413793103448176
0 0.6863326149425287 0.4727909482758621 0.02891522988505746 0.032866379310344807
0 0.6924389367816093 0.2456896551724138 0.02244971264367812 0.03125000000000003
0 0.5625897988505747 0.16514008620689657 0.022449712643678232 0.03502155172413793
0 0.4806932471264368 0.46484375 0.021372126436781602 0.032058189655172376
0 0.5058369252873564 0.3324353448275862 0.032866379310344807 0.04094827586206895
0 0.6086566091954022 0.4710398706896552 0.024784482758620663 0.03852370689655171
0 0.6239224137931034 0.4228178879310345 0.02442528735632188 0.04552801724137934
0 0.5728268678160919 0.34186422413793105 0.02819683908045978 0.036099137931034475
0 0.6364044540229885 0.5695043103448276 0.031070402298850608 0.03825431034482751
0 0.7517959770114943 0.2738415948275862 0.024066091954022983 0.035290948275862044
0 0.47395833333333337 0.32570043103448276 0.025502873563218398 0.038793103448275856
0 0.5989583333333333 0.6155711206896551 0.02981321839080453 0.046875
0 0.44791666666666663 0.4384428879310345 0.02873563218390801 0.046605603448275856
0 0.3680854885057471 0.6442618534482758 0.029633620689655138 0.04929956896551724
0 0.31501436781609193 0.7920258620689655 0.031968390804597735 0.0511853448275863
0 0.7196479885057472 0.1841325431034483 0.028735632183907955 0.04175646551724138
0 0.3835308908045977 0.5981950431034483 0.036099137931034475 0.0471443965517242
0 0.3251616379310345 0.9272629310344828 0.029992816091954033 0.039870689655172376
0 0.34662356321839083 0.677801724137931 0.03160919540229884 0.038254310344827624
0 0.5868354885057472 0.7056842672413792 0.023168103448275912 0.03367456896551724
0 0.6429597701149425 0.2803071120689655 0.037715517241379226 0.03475215517241381
0 0.3159123563218391 0.736260775862069 0.02873563218390801 0.039870689655172376
0 0.4097521551724138 0.9113685344827587 0.02532327586206895 0.04364224137931039
0 0.6400862068965517 0.5307112068965518 0.01795977011494254 0.030711206896551713
0 0.6750179597701149 0.5066002155172413 0.020653735632183867 0.03960129310344829
0 0.2932830459770115 0.7935075431034483 0.023347701149425304 0.03690732758620685
0 0.3977191091954023 0.3475215517241379 0.028915229885057514 0.039331896551724144
0 0.4162176724137931 0.9617456896551724 0.02891522988505746 0.047952586206896575
0 0.5965337643678161 0.7447467672413793 0.02891522988505746 0.046066810344827624
0 0.3613505747126437 0.4890894396551724 0.025862068965517238 0.03044181034482757
0 0.4167564655172414 0.26764547413793105 0.02604166666666663 0.043372844827586216
0 0.31070402298850575 0.9710398706896551 0.03412356321839083 0.04876077586206895
0 0.4603987068965517 0.6749730603448276 0.02891522988505746 0.05630387931034486
0 0.6025502873563218 0.8736530172413793 0.03340517241379304 0.051724137931034475
0 0.6312859195402298 0.7407058189655172 0.03196839080459768 0.046066810344827624
0 0.6455639367816093 0.3037446120689655 0.029633620689655138 0.0390625
0 0.4358836206896552 0.8298760775862069 0.029454022988505746 0.05522629310344829
0 0.6446659482758621 0.4341325431034483 0.02388649425287359 0.0428340517241379
0 0.40041307471264365 0.3861799568965517 0.023886494252873536 0.03852370689655171
0 0.6579561781609196 0.16918103448275862 0.026400862068965525 0.04040948275862069
0 0.5381645114942528 0.38308189655172414 0.02532327586206906 0.03556034482758619
0 0.40337643678160917 0.5401400862068966 0.02334770114942525 0.04256465517241381
0 0.41271551724137934 0.7490571120689655 0.03376436781609199 0.0589978448275863
0 0.625 0.6043911637931034 0.03053160919540221 0.0466056034482758
0 0.4380387931034483 0.9524515086206897 0.020114942528735635 0.04714439655172409
0 0.6232040229885057 0.34765625 0.02909482758620685 0.037984913793103425
0 0.43462643678160917 0.4797952586206896 0.025502873563218398 0.02801724137931033
0 0.6272449712643677 0.8382273706896552 0.029633620689655138 0.05037715517241381
0 0.48257902298850575 0.5028286637931034 0.025143678160919558 0.04067887931034486
0 0.3827227011494253 0.5591325431034483 0.023347701149425304 0.0352909482758621
0 0.5139188218390804 0.30401400862068967 0.021372126436781658 0.029903017241379337
0 0.6421515804597702 0.6752424568965518 0.03717672413793094 0.04445043103448276
0 0.31088362068965514 0.8394396551724138 0.03017241379310348 0.042025862068965525
0 0.31905531609195403 0.8752693965517242 0.029992816091954033 0.04471982758620696
0 0.45842313218390807 0.5044450431034483 0.026760057471264365 0.051993534482758674
0 0.6117995689655172 0.703125 0.022808908045977017 0.036099137931034475
0 0.6250897988505747 0.4986530172413793 0.03214798850574718 0.03933189655172409
0 0.34401939655172414 0.962957974137931 0.03178879310344829 0.04822198275862066
0 0.5268498563218391 0.20352909482758622 0.029274425287356354 0.046605603448275856
0 0.4057112068965517 0.6705280172413793 0.03160919540229884 0.045797413793103425
0 0.4106501436781609 0.3095366379310345 0.02209051724137928 0.03556034482758619
0 0.42519755747126436 0.5478178879310345 0.022808908045977017 0.0347521551724137
0 0.4886853448275862 0.5381196120689655 0.031609195402298784 0.03852370689655171
0 0.3745510057471264 0.3927801724137931 0.026760057471264365 0.045797413793103425
0 0.4416307471264368 0.7163254310344828 0.029094827586206906 0.053340517241379226
0 0.36593031609195403 0.8708243534482758 0.02891522988505746 0.04121767241379304
0 0.3609015804597701 0.9302262931034483 0.02891522988505746 0.044181034482758674
0 0.4694683908045977 0.8741918103448276 0.02262931034482757 0.05118534482758619
0 0.6015625 0.2803071120689655 0.02676005747126431 0.03960129310344829
0 0.3876616379310345 0.9558189655172413 0.029992816091954033 0.046875
0 0.49245689655172414 0.1888469827586207 0.023347701149425304 0.04094827586206895
0 0.6656788793103449 0.10614224137931035 0.026400862068965525 0.0398706896551724
0 0.5835129310344828 0.4876077586206896 0.01724137931034475 0.027478448275862044
0 0.4577945402298851 0.625 0.02478448275862072 0.0425646551724137
0 0.3813757183908046 0.2925646551724138 0.02532327586206895 0.032866379310344807
0 0.5556752873563218 0.3017241379310345 0.021192528735632155 0.03394396551724138
0 0.7099497126436782 0.42335668103448276 0.03412356321839083 0.03582974137931039
0 0.40409482758620685 0.42160560344827586 0.02191091954022989 0.0350215517241379
0 0.484375 0.5796066810344828 0.023347701149425304 0.04121767241379315
0 0.38829022988505746 0.8343211206896551 0.029094827586206906 0.046875
0 0.5844109195402298 0.21336206896551724 0.03627873563218398 0.039331896551724144
0 0.7035739942528736 0.39385775862068967 0.022808908045977017 0.03663793103448276
0 0.5913254310344828 0.43898168103448276 0.022090517241379226 0.03582974137931039
0 0.3864044540229885 0.9080010775862069 0.031070402298850608 0.04876077586206895
0 0.42717313218390807 0.3352640086206896 0.02819683908045978 0.03636853448275862
0 0.3448275862068966 0.4167564655172414 0.027298850574712652 0.038254310344827624
0 0.7082435344827587 0.5162984913793103 0.020294540229884972 0.03636853448275856
0 0.43929597701149425 0.5809536637931034 0.03196839080459768 0.04445043103448276
0 0.38882902298850575 0.25471443965517243 0.030890804597701105 0.03906250000000003
0 0.4796156609195402 0.27505387931034486 0.027119252873563204 0.04418103448275862
0 0.3395294540229885 0.7359913793103448 0.038254310344827624 0.04741379310344829
0 0.6744791666666666 0.2134967672413793 0.02532327586206895 0.055765086206896575
0 0.5873742816091954 0.15436422413793105 0.03214798850574707 0.019396551724137928
0 0.6022808908045977 0.18736530172413793 0.014188218390804641 0.021282327586206906
0 0.5653735632183907 0.1939655172413793 0.029454022988505746 0.023706896551724144
0 0.6561602011494253 0.24380387931034483 0.020653735632183867 0.05118534482758624
0 0.6494252873563218 0.33620689655172414 0.012571839080459779 0.03556034482758619
0 0.6353268678160919 0.3432112068965517 0.021731321839080442 0.06196120689655171
0 0.5998563218390804 0.3034752155172414 0.016522988505747183 0.032058189655172376
0 0.514996408045977 0.3542564655172413 0.0199353448275863 0.01831896551724138
0 0.45052083333333337 0.3446928879310345 0.02496408045977011 0.04929956896551724
0 0.5029633620689655 0.3751346982758621 0.017061781609195414 0.04822198275862072
0 0.49254669540229884 0.4054418103448276 0.025682471264367845 0.038793103448275856
0 0.5146372126436782 0.4420797413793104 0.021372126436781547 0.02855603448275862
0 0.5001795977011494 0.45393318965517243 0.02262931034482757 0.05818965517241381
0 0.4126257183908046 0.4699622844827586 0.016702586206896575 0.029903017241379337
0 0.4024784482758621 0.29121767241379315 0.02262931034482757 0.02801724137931033
0 0.3914331896551724 0.31869612068965514 0.02568247126436779 0.03394396551724138
0 0.3741020114942529 0.32664331896551724 0.019037356321839116 0.03313577586206895
0 0.34761135057471265 0.35371767241379315 0.027837643678160884 0.02801724137931033
0 0.3801185344827586 0.41379310344827586 0.02604166666666663 0.03286637931034486
0 0.49398347701149425 0.30940193965517243 0.02532327586206895 0.019127155172413812
0 0.5389727011494253 0.35344827586206895 0.027298850574712707 0.027478448275862044
0 0.5214619252873564 0.37365301724137934 0.01706178160919536 0.039331896551724144
0 0.5772270114942528 0.2469019396551724 0.015804597701149503 0.046605603448275856
0 0.5732758620689655 0.4015355603448276 0.020474137931034475 0.036907327586206906
0 0.5826149425287357 0.3719019396551724 0.016163793103448287 0.030980603448275856
0 0.5548670977011494 0.40813577586206895 0.01706178160919536 0.02155172413793105
0 0.43920617816091956 0.5122575431034483 0.014188218390804586 0.04498922413793105
0 0.40786637931034486 0.5678879310344828 0.023706896551724144 0.01724137931034475
0 0.44279813218390807 0.5421605603448276 0.01598419540229884 0.03151939655172409
0 0.4620150862068966 0.5297683189655172 0.02568247126436779 0.026670258620689724
0 0.4380387931034483 0.4566271551724138 0.016522988505747127 0.03017241379310348
0 0.4722521551724138 0.4729256465517241 0.021012931034482762 0.036907327586206906
0 0.5998563218390804 0.49286099137931033 0.019755747126436796 0.04229525862068961
0 0.5959949712643678 0.4520474137931034 0.036099137931034475 0.03987068965517243
0 0.671246408045977 0.5373114224137931 0.021372126436781658 0.03690732758620696
0 0.6894755747126438 0.5228987068965517 0.015086206896551713 0.022629310344827624
0 0.6228448275862069 0.5301724137931034 0.019755747126436796 0.022629310344827624
0 0.7172234195402298 0.3203125 0.027837643678160995 0.051724137931034475
0 0.5959051724137931 0.24407327586206895 0.010057471264367845 0.030711206896551713
0 0.5688757183908046 0.27815193965517243 0.019576149425287404 0.023976293103448287
0 0.5370869252873562 0.30334051724137934 0.03430316091954022 0.03125
0 0.6325431034482759 0.47130926724137934 0.020474137931034475 0.02020474137931033
0 0.6296695402298851 0.4613415948275862 0.02442528735632188 0.03205818965517243
0 0.6586745689655172 0.6605603448275862 0.015265804597701216 0.047952586206896575
0 0.5662715517241379 0.908135775862069 0.01867816091954022 0.04094827586206895
0 0.47988505747126436 0.9213362068965517 0.016882183908045967 0.0549568965517242
0 0.4599497126436781 0.9209321120689655 0.022988505747126464 0.043911637931034475
0 0.46695402298850575 0.947332974137931 0.03268678160919536 0.041756465517241326
0 0.4533045977011494 0.974676724137931 0.02334770114942525 0.046875
0 0.3786817528735632 0.9775053879310345 0.026400862068965525 0.04498922413793105
0 0.36395474137931033 0.8397090517241379 0.021731321839080442 0.023706896551724088
0 0.4437859195402299 0.7458243534482758 0.03340517241379315 0.04229525862068961
0 0.47943606321839083 0.6706627155172413 0.019935344827586243 0.05845905172413801
0 0.48823635057471265 0.70703125 0.015625 0.04498922413793105
0 0.48195043103448276 0.7230603448275863 0.02855603448275862 0.04741379310344829
0 0.43166307471264365 0.6926185344827587 0.02424568965517243 0.03987068965517249
0 0.4402837643678161 0.6384698275862069 0.022808908045977017 0.05010775862068961
0 0.3586566091954023 0.6945043103448276 0.02191091954022989 0.029633620689655138
0 0.3868534482758621 0.4300915948275862 0.016882183908046022 0.01751077586206895
0 0.7075251436781609 0.48558728448275856 0.009518678160919558 0.03044181034482757
0 0.5607040229885057 0.9528556034482758 0.012212643678160884 0.05441810344827591
0 0.47153376436781613 0.7629310344827587 0.02209051724137928 0.03771551724137934
0 0.421875 0.8469827586206897 0.019755747126436796 0.03663793103448276
0 0.4738685344827586 0.7995689655172413 0.009159482758620663 0.03987068965517249
0 0.43193247126436785 0.7900053879310345 0.01903735632183906 0.0272090517241379
0 0.5783045977011494 0.3226023706896552 0.039152298850574696 0.018049568965517238
