0 0.5731860632183908 0.9559536637931034 0.02891522988505746 0.047683189655172376
0 0.32938218390804597 0.40934806034482757 0.02227011494252873 0.04337284482758619
0 0.40176005747126436 0.19207974137931033 0.026221264367816133 0.0398706896551724
0 0.5191271551724137 0.5052532327586207 0.025682471264367845 0.03259698275862072
0 0.6300287356321839 0.591864224137931 0.026580459770114917 0.03771551724137934
0 0.6540948275862069 0.13685344827586207 0.03053160919540232 0.037715517241379296
0 0.4066989942528736 0.4834321120689655 0.027478448275862044 0.0390625
0 0.3160919540229885 0.6298491379310345 0.024066091954022983 0.028556034482758674
0 0.3956537356321839 0.552801724137931 0.025862068965517238 0.0431034482758621
0 0.41082974137931033 0.7487877155172413 0.030711206896551713 0.05199353448275856
0 0.438128591954023 0.4959590517241379 0.0274784482758621 0.043103448275862044
0 0.40086206896551724 0.2815193965517241 0.030890804597701105 0.04418103448275862
0 0.34868893678160917 0.23679956896551724 0.022449712643678177 0.0398706896551724
0 0.4641702586206896 0.4959590517241379 0.020653735632183923 0.045258620689655193
0 0.48356681034482757 0.2918911637931034 0.030711206896551713 0.037446120689655193
0 0.41693606321839083 0.37271012931034486 0.026041666666666685 0.03259698275862072
0 0.37957974137931033 0.48760775862068967 0.026400862068965525 0.05441810344827591
0 0.7282686781609196 0.4353448275862069 0.02155172413793105 0.042025862068965525
0 0.6566091954022989 0.20945581896551724 0.02155172413793105 0.04337284482758619
0 0.31842672413793105 0.6087015086206896 0.023347701149425304 0.024515086206896575
0 0.40804597701149425 0.9617456896551724 0.030890804597701105 0.045797413793103425
0 0.5515445402298851 0.48706896551724144 0.024784482758620663 0.035021551724137956
0 0.49757543103448276 0.5094288793103448 0.021372126436781658 0.03556034482758619
0 0.6192528735632183 0.3351293103448276 0.019037356321839005 0.038793103448275856
0 0.3132183908045977 0.7746497844827587 0.04418103448275862 0.053609913793103536
0 0.5977011494252873 0.78515625 0.03053160919540232 0.046066810344827624
0 0.6446659482758621 0.8169450431034483 0.0274784482758621 0.043911637931034475
0 0.3901760057471264 0.3601831896551724 0.02568247126436779 0.043103448275862044
0 0.5183189655172413 0.4734644396551724 0.026939655172413812 0.05199353448275862
0 0.3602729885057471 0.9422144396551724 0.022629310344827624 0.03205818965517249
0 0.6352370689655172 0.10142780172413793 0.026221264367816133 0.0433728448275862
0 0.6246408045977012 0.6518049568965518 0.02981321839080453 0.04445043103448276
0 0.6541846264367817 0.6606950431034483 0.025682471264367845 0.0390625
0 0.561242816091954 0.5270743534482758 0.02981321839080464 0.053609913793103536
0 0.5340337643678161 0.14304956896551724 0.028556034482758563 0.03825431034482757
0 0.7563757183908046 0.3566810344827586 0.027837643678160995 0.038254310344827624
0 0.6605603448275862 0.4656519396551724 0.0193965517241379 0.036907327586206906
0 0.38110632183908044 0.6961206896551724 0.03232758620689652 0.04471982758620696
0 0.5107758620689655 0.19894935344827586 0.0237068965517242 0.040678879310344834
0 0.3243534482758621 0.2739762931034483 0.02478448275862072 0.03663793103448276
0 0.3344109195402299 0.9085398706896551 0.032327586206896575 0.059536637931034475
0 0.35677083333333337 0.826104525862069 0.0332255747126437 0.03960129310344829
0 0.4954202586206896 0.46241918103448276 0.03250718390804591 0.046605603448275856
0 0.43498563218390807 0.9252424568965517 0.03089080459770116 0.055765086206896575
0 0.32974137931034486 0.4717133620689655 0.021551724137930994 0.03717672413793105
0 0.39242097701149425 0.7300646551724138 0.02981321839080464 0.04094827586206895
0 0.3591954022988506 0.9014008620689655 0.03017241379310348 0.053340517241379226
0 0.5420258620689655 0.45056573275862066 0.029454022988505746 0.0390625
0 0.37167744252873564 0.8577586206896551 0.029274425287356354 0.045797413793103425
0 0.6396372126436781 0.47050107758620685 0.02532327586206895 0.041217672413793094
0 0.580010775862069 0.873114224137931 0.026400862068965525 0.04525862068965525
0 0.41738505747126436 0.6198814655172413 0.032327586206896575 0.04741379310344829
0 0.6936961206896551 0.3908943965517241 0.031070402298850608 0.039331896551724144
0 0.6292205459770115 0.3983028017241379 0.022808908045977017 0.03798491379310348
0 0.5826149425287357 0.46255387931034486 0.02227011494252873 0.04040948275862072
0 0.4680316091954023 0.5926724137931034 0.03591954022988503 0.04633620689655171
0 0.4052622126436782 0.6880387931034483 0.03250718390804597 0.0506465517241379
0 0.4385775862068966 0.6755118534482758 0.02478448275862072 0.04337284482758619
0 0.5589978448275863 0.2897359913793104 0.01634339080459768 0.04229525862068967
0 0.3826329022988506 0.8950700431034483 0.020653735632183923 0.0309806034482758
0 0.4138829022988506 0.46309267241379315 0.02496408045977011 0.038793103448275856
0 0.3706896551724138 0.3313577586206896 0.029813218390804586 0.048491379310344807
0 0.3668283045977011 0.2477101293103448 0.02855603448275862 0.04391163793103445
0 0.3662895114942529 0.9779094827586208 0.029633620689655138 0.04256465517241381
0 0.3452765804597701 0.591864224137931 0.0274784482758621 0.0431034482758621
0 0.6154813218390804 0.8169450431034482 0.03125 0.04929956896551724
0 0.6338900862068966 0.7693965517241379 0.030711206896551713 0.047952586206896575
0 0.4366918103448276 0.57421875 0.029633620689655193 0.0347521551724137
0 0.5114942528735632 0.2882543103448276 0.024066091954022983 0.033405172413793094
0 0.5798311781609196 0.7110721982758621 0.022808908045977017 0.04067887931034486
0 0.44504310344827586 0.32246767241379315 0.02442528735632188 0.038793103448275856
0 0.3048670977011494 0.8879310344827587 0.03214798850574713 0.05387931034482751
0 0.5985991379310345 0.8551993534482759 0.031609195402298784 0.06546336206896552
0 0.4673132183908046 0.6430495689655172 0.023347701149425304 0.047952586206896575
0 0.6703484195402298 0.5903825431034483 0.024245689655172487 0.045528017241379226
0 0.6968390804597702 0.5 0.025502873563218453 0.04471982758620685
0 0.469378591954023 0.1646012931034483 0.02496408045977011 0.05711206896551724
0 0.6259877873563218 0.4908405172413793 0.02460488505747127 0.04040948275862066
0 0.6046156609195402 0.4564924568965517 0.03573994252873569 0.043911637931034475
0 0.6704382183908046 0.4220096982758621 0.029454022988505746 0.04229525862068967
0 0.32677801724137934 0.5662715517241379 0.029992816091953978 0.0431034482758621
0 0.3374640804597701 0.3389008620689655 0.02765804597701149 0.039331896551724144
0 0.4140625 0.3363415948275862 0.02676005747126442 0.06115301724137928
0 0.39969468390804597 0.8134428879310345 0.0350215517241379 0.05307112068965525
0 0.44971264367816094 0.7256196120689655 0.033045977011494254 0.06061422413793105
0 0.44656968390804597 0.20150862068965517 0.026041666666666685 0.039331896551724144
0 0.4608477011494253 0.5440463362068966 0.025862068965517238 0.05307112068965514
0 0.4335488505747126 0.4308997844827586 0.029094827586206906 0.04445043103448276
0 0.41666666666666663 0.8589709051724138 0.02873563218390801 0.040140086206896575
0 0.35021551724137934 0.46417025862068967 0.018678160919540276 0.030172413793103425
0 0.2852011494252874 0.4304956896551724 0.029813218390804586 0.039331896551724144
0 0.3078304597701149 0.9449084051724137 0.03089080459770116 0.05037715517241381
0 0.5857579022988506 0.7566002155172413 0.02676005747126442 0.040140086206896464
0 0.4401041666666667 0.2696659482758621 0.029992816091954033 0.029094827586206906
0 0.5207435344827587 0.2423221982758621 0.026400862068965414 0.0439116379310345
0 0.6355962643678161 0.5274784482758621 0.02083333333333337 0.03771551724137934
0 0.6137751436781609 0.29067887931034486 0.03035201149425293 0.04579741379310348
0 0.6076688218390804 0.7008351293103449 0.031070402298850608 0.046066810344827624
0 0.4119073275862069 0.517510775862069 0.03358477011494254 0.0387931034482758
0 0.43561422413793105 0.9643049568965518 0.021731321839080442 0.027747844827586188
0 0.5343031609195402 0.18238146551724138 0.03268678160919536 0.04148706896551724
0 0.46901939655172414 0.3201778017241379 0.023527298850574696 0.03798491379310348
0 0.4223239942528736 0.22252155172413793 0.026041666666666685 0.036099137931034475
0 0.3165409482758621 0.3856411637931034 0.028196839080459724 0.043911637931034475
0 0.4917385057471264 0.38806573275862066 0.027298850574712652 0.05199353448275862
0 0.6788793103448276 0.45501077586206895 0.02442528735632188 0.03394396551724138
0 0.39026580459770116 0.986395474137931 0.02837643678160917 0.026131465517241326
0 0.6357758620689655 0.6245959051724137 0.0269396551724137 0.03852370689655171
0 0.36844468390804597 0.3716325431034483 0.022449712643678177 0.03205818965517243
0 0.6614583333333333 0.7300646551724138 0.029454022988505746 0.046875
0 0.421875 0.6853448275862069 0.02298850574712641 0.04633620689655171
0 0.3742816091954023 0.2091864224137931 0.026939655172413757 0.03960129310344826
0 0.43866738505747127 0.828125 0.031070402298850608 0.0511853448275863
0 0.5316989942528736 0.3120959051724138 0.037535919540229834 0.0390625
0 0.34967672413793105 0.2842133620689655 0.019755747126436796 0.038254310344827624
0 0.483746408045977 0.2591594827586207 0.029992816091954033 0.04094827586206898
0 0.6295797413793103 0.44005926724137934 0.027119252873563204 0.03960129310344823
0 0.5658225574712643 0.3837553879310345 0.02676005747126442 0.052532327586206906
0 0.46120689655172414 0.44140625 0.026221264367816133 0.04876077586206895
0 0.6443965517241379 0.7081088362068966 0.03556034482758619 0.0471443965517242
0 0.4385775862068966 0.5417564655172413 0.026580459770114973 0.04956896551724144
0 0.6558010057471264 0.25457974137931033 0.024964080459770166 0.04094827586206895
0 0.4568965517241379 0.8883351293103448 0.026221264367816077 0.03960129310344829
0 0.27227011494252873 0.42012392241379315 0.026580459770114917 0.031519396551724144
0 0.35398706896551724 0.4141971982758621 0.021192528735632155 0.050915948275862044
0 0.34509698275862066 0.3737877155172414 0.025323275862069006 0.03960129310344829
0 0.5386135057471264 0.27195581896551724 0.026939655172413812 0.03744612068965514
0 0.641253591954023 0.8642241379310345 0.031070402298850608 0.0511853448275863
0 0.5191271551724138 0.34375 0.03214798850574718 0.04471982758620685
0 0.3614403735632184 0.7271012931034483 0.030711206896551713 0.0506465517241379
0 0.3504849137931034 0.7824622844827587 0.030352011494252873 0.06761853448275856
0 0.37311422413793105 0.4213362068965517 0.026760057471264365 0.060883620689655193
0 0.3698814655172414 0.5829741379310345 0.025682471264367845 0.043642241379310276
0 0.45959051724137934 0.9649784482758621 0.024425287356321823 0.036099137931034475
0 0.5701329022988506 0.5158943965517241 0.02244971264367812 0.046874999999999944
0 0.44450431034482757 0.6297144396551724 0.026939655172413812 0.055765086206896575
0 0.6530172413793103 0.5048491379310345 0.024784482758620663 0.04471982758620685
0 0.6117097701149425 0.7416487068965517 0.02227011494252873 0.036099137931034475
0 0.4601293103448276 0.38052262931034486 0.029094827586206906 0.05792025862068967
0 0.39251077586206895 0.3098060344827586 0.027119252873563204 0.025862068965517238
0 0.4482758620689655 0.1606950431034483 0.02837643678160917 0.04876077586206898
0 0.3757183908045977 0.7819234913793103 0.025143678160919503 0.05091594827586199
0 0.5629489942528736 0.9213362068965517 0.01921695402298851 0.03717672413793105
0 0.4110093390804598 0.8978987068965517 0.02891522988505746 0.044181034482758674
0 0.7070761494252873 0.4659213362068966 0.019037356321839005 0.027209051724137956
0 0.28376436781609193 0.9035560344827587 0.025502873563218398 0.03771551724137934
0 0.5889008620689655 0.3234105603448276 0.028735632183908066 0.037446120689655193
0 0.6099137931034483 0.5146821120689655 0.02765804597701149 0.0428340517241379
0 0.6188936781609196 0.9067887931034482 0.034482758620689724 0.05226293103448276
0 0.3640445402298851 0.2920258620689655 0.026221264367816077 0.04364224137931033
0 0.5910560344827587 0.38833512931034486 0.027298850574712596 0.04552801724137928
0 0.5650143678160919 0.4381734913793104 0.024066091954022983 0.04768318965517243
0 0.5375359195402298 0.3976293103448276 0.026580459770115028 0.03825431034482757
0 0.3406070402298851 0.8580280172413793 0.028915229885057514 0.044181034482758674
0 0.5959051724137931 0.6600215517241379 0.030890804597701105 0.04956896551724144
0 0.3995150862068966 0.4098868534482759 0.029274425287356298 0.046605603448275856
0 0.6998922413793104 0.4302262931034483 0.030172413793103425 0.03825431034482757
0 0.5112248563218391 0.3795797413793104 0.020653735632183978 0.032866379310344807
0 0.43184267241379315 0.7860991379310345 0.030352011494252873 0.05657327586206895
0 0.30971623563218387 0.8370150862068966 0.045438218390804586 0.045797413793103425
0 0.4443247126436781 0.46848060344827586 0.02801724137931033 0.038254310344827624
0 0.45833333333333337 0.29445043103448276 0.02478448275862072 0.03556034482758619
0 0.30073635057471265 0.46322737068965514 0.027119252873563204 0.05738146551724138
0 0.5590876436781609 0.33526400862068967 0.028735632183908066 0.043911637931034475
0 0.7642780172413792 0.31707974137931033 0.03178879310344829 0.03663793103448276
0 0.3963721264367816 0.5932112068965517 0.026939655172413812 0.0387931034482758
0 0.4813218390804598 0.17766702586206895 0.029813218390804586 0.037446120689655166
0 0.5843211206896551 0.9031519396551724 0.027837643678160884 0.026670258620689613
0 0.4875179597701149 0.21497844827586204 0.027837643678160884 0.04310344827586207
0 0.45869252873563215 0.9291487068965517 0.02191091954022989 0.0393318965517242
0 0.5832435344827587 0.4967672413793104 0.02532327586206906 0.03394396551724138
0 0.4919181034482759 0.33984375 0.027658045977011547 0.04552801724137934
0 0.4443247126436782 0.24124461206896552 0.032327586206896575 0.04067887931034486
0 0.673132183908046 0.49151400862068967 0.01867816091954022 0.03475215517241381
0 0.39269037356321834 0.6392780172413793 0.030352011494252873 0.046875
0 0.6404454022988506 0.2995689655172414 0.023706896551724088 0.047952586206896575
0 0.40822557471264365 0.2388200431034483 0.02873563218390801 0.043372844827586216
0 0.35793821839080464 0.6340247844827587 0.038793103448275856 0.04660560344827591
0 0.3863146551724138 0.9308997844827587 0.03125 0.04822198275862066
0 0.4418103448275862 0.35627693965517243 0.027298850574712652 0.04498922413793105
0 0.6349676724137931 0.19504310344827586 0.026400862068965525 0.0398706896551724
0 0.42780172413793105 0.29714439655172414 0.029454022988505746 0.0506465517241379
0 0.7183908045977012 0.49366918103448276 0.02083333333333337 0.04498922413793105
0 0.7223419540229885 0.6056034482758621 0.03053160919540221 0.055495689655172376
0 0.4503412356321839 0.9874730603448276 0.03178879310344829 0.025053879310344862
0 0.5980603448275862 0.34900323275862066 0.024425287356321768 0.036907327586206906
0 0.4286997126436781 0.15813577586206895 0.014727011494252873 0.05280172413793102
0 0.5113146551724138 0.15867456896551724 0.019037356321839116 0.03771551724137931
0 0.5526221264367817 0.19032866379310345 0.021910919540229945 0.031519396551724144
0 0.540319683908046 0.22898706896551724 0.019935344827586188 0.048491379310344834
0 0.5510057471264368 0.24030172413793105 0.012931034482758674 0.03717672413793105
0 0.3878412356321839 0.24232219827586207 0.013829022988505746 0.036907327586206906
0 0.3406968390804598 0.29323814655172414 0.026221264367816077 0.0428340517241379
0 0.3318965517241379 0.3153286637931034 0.026580459770114973 0.025592672413793094
0 0.3151939655172414 0.3616648706896552 0.03053160919540232 0.03852370689655171
0 0.33045977011494254 0.44315732758620685 0.03053160919540232 0.02855603448275862
0 0.47063577586206895 0.41015625 0.02424568965517243 0.03852370689655171
0 0.4729705459770115 0.45460668103448276 0.016702586206896575 0.055765086206896575
0 0.31896551724137934 0.5445851293103448 0.020833333333333315 0.016971982758620663
0 0.31447557471264365 0.5755657327586208 0.029094827586206906 0.04337284482758619
0 0.4131645114942529 0.5677532327586208 0.015265804597701105 0.05792025862068961
0 0.46650502873563215 0.7458243534482758 0.02280890804597696 0.04714439655172409
0 0.33611709770114945 0.943292025862069 0.02460488505747127 0.0272090517241379
0 0.3394396551724138 0.9912446120689655 0.03232758620689652 0.01751077586206895
0 0.3187859195402299 0.9877424568965517 0.025143678160919558 0.024515086206896575
0 0.5664511494252873 0.7859644396551724 0.02083333333333337 0.04067887931034486
0 0.5660021551724138 0.7505387931034483 0.014188218390804641 0.03286637931034475
0 0.6431393678160919 0.6791487068965517 0.032327586206896575 0.02155172413793105
0 0.5609734195402298 0.880792025862069 0.012751436781609171 0.04067887931034475
0 0.47817887931034486 0.5317887931034483 0.01454741379310348 0.02963362068965525
0 0.3835308908045977 0.44396551724137934 0.022449712643678177 0.026939655172413757
0 0.44082255747126436 0.3939924568965517 0.01634339080459768 0.03960129310344829
0 0.49604885057471265 0.4330549568965517 0.025502873563218453 0.028286637931034475
0 0.5374461206896552 0.4252424568965517 0.03573994252873558 0.041217672413793094
0 0.5642959770114943 0.4765625 0.01724137931034475 0.026400862068965525
0 0.5914152298850575 0.4291487068965517 0.023347701149425304 0.025862068965517238
0 0.6148527298850575 0.37338362068965514 0.016702586206896575 0.03556034482758624
0 0.5997665229885057 0.5193965517241379 0.01921695402298851 0.049030172413793094
0 0.6189834770114943 0.5362338362068966 0.01634339080459779 0.028286637931034475
0 0.6763649425287357 0.5133351293103448 0.02011494252873558 0.025053879310344862
0 0.6927981321839081 0.4643049568965517 0.015984195402298784 0.034213362068965525
0 0.7569145114942528 0.3995150862068966 0.03573994252873558 0.05549568965517243
0 0.5765984195402298 0.8094019396551724 0.022808908045977017 0.05037715517241381
0 0.5746228448275862 0.98828125 0.024964080459770166 0.0234375
0 0.6135955459770115 0.3983028017241379 0.023527298850574807 0.035290948275862044
0 0.5778556034482758 0.4137931034482759 0.02532327586206906 0.023706896551724144
0 0.41684626436781613 0.3904903017241379 0.023706896551724144 0.017510775862069006
0 0.4614762931034483 0.2588900862068966 0.014547413793103425 0.03663793103448279
0 0.5479525862068966 0.3511584051724138 0.023347701149425304 0.036907327586206906
0 0.5522629310344828 0.15719288793103448 0.01041666666666674 0.027209051724137928
0 0.7080639367816092 0.3240840517241379 0.036099137931034475 0.03825431034482757
0 0.6811242816091954 0.3282596982758621 0.015984195402298895 0.037446120689655193
0 0.6891163793103449 0.6278286637931034 0.02155172413793105 0.05414870689655171
0 0.740301724137931 0.5304418103448276 0.019755747126436796 0.04256465517241381
0 0.695941091954023 0.5491648706896551 0.025862068965517238 0.043911637931034475
0 0.38415948275862066 0.2855603448275862 0.018678160919540276 0.04040948275862072
0 0.47620330459770116 0.5013469827586207 0.021731321839080442 0.04040948275862072
0 0.4961386494252874 0.48989762931034486 0.022808908045977072 0.017510775862069006
0 0.5579202586206897 0.25754310344827586 0.013469827586206962 0.024784482758620663
0 0.5685165229885057 0.2885237068965517 0.02532327586206895 0.04094827586206895
0 0.5335847701149425 0.3671875 0.021192528735632266 0.01778017241379315
0 0.6055136494252873 0.32502693965517243 0.01706178160919547 0.04445043103448276
0 0.5001795977011494 0.24110991379310343 0.018318965517241437 0.020474137931034447
0 0.3957435344827586 0.8395743534482758 0.03142959770114939 0.03151939655172409
