0 0.1839080459770115 0.2811153017241379 0.030172413793103453 0.040678879310344807
0 0.6091954022988506 0.6791487068965517 0.020474137931034475 0.03340517241379315
0 0.701867816091954 0.6332165948275862 0.022629310344827624 0.03313577586206895
0 0.6460129310344828 0.7575431034482758 0.02298850574712641 0.03663793103448276
0 0.5797413793103448 0.7086476293103449 0.02909482758620696 0.046066810344827624
0 0.44647988505747127 0.5223599137931034 0.029813218390804586 0.04364224137931039
0 0.6484375 0.8655711206896551 0.02532327586206895 0.042025862068965525
0 0.5204741379310345 0.5 0.03484195402298851 0.032866379310344807
0 0.697198275862069 0.9560883620689655 0.02298850574712641 0.061422413793103425
0 0.311871408045977 0.3038793103448276 0.02460488505747127 0.038793103448275856
0 0.3525502873563219 0.8118265086206896 0.027298850574712652 0.04498922413793105
0 0.3236350574712644 0.26751077586206895 0.023706896551724144 0.03394396551724138
0 0.6297593390804598 0.6641971982758621 0.0231681034482758 0.027747844827586188
0 0.4375897988505747 0.568292025862069 0.03394396551724138 0.040140086206896575
0 0.5052981321839081 0.5457974137931034 0.029274425287356298 0.06196120689655171
0 0.2941810344827586 0.5359644396551724 0.02155172413793105 0.04445043103448276
0 0.5035919540229885 0.6980064655172413 0.024066091954022983 0.03394396551724144
0 0.2515265804597701 0.30387931034482757 0.024964080459770138 0.03663793103448276
0 0.5725574712643678 0.7370689655172413 0.030172413793103425 0.04364224137931039
0 0.24362428160919541 0.3708243534482759 0.025682471264367845 0.036907327586206906
0 0.7191989942528736 0.8267780172413792 0.031070402298850608 0.03879310344827591
0 0.3349497126436781 0.2455549568965517 0.023706896551724144 0.03313577586206895
0 0.46327227011494254 0.5514547413793103 0.03142959770114945 0.04849137931034486
0 0.7067169540229885 0.9051724137931034 0.026580459770114917 0.04040948275862066
0 0.3390804597701149 0.3743265086206896 0.023706896551724144 0.04229525862068967
0 0.5778556034482758 0.5105064655172414 0.024964080459770055 0.03609913793103453
0 0.29130747126436785 0.6060075431034483 0.026580459770114973 0.05307112068965525
0 0.38433908045977017 0.7059536637931034 0.027298850574712652 0.036368534482758674
0 0.42474856321839083 0.6752424568965517 0.028376436781609227 0.04498922413793105
0 0.5330459770114941 0.5317887931034483 0.029454022988505746 0.037715517241379226
0 0.4489044540229885 0.6159752155172413 0.027837643678160884 0.053609913793103536
0 0.4191810344827586 0.29269935344827586 0.02298850574712641 0.0509159482758621
0 0.39619252873563215 0.5728717672413793 0.025143678160919503 0.04498922413793105
0 0.3786817528735632 0.27114762931034486 0.027478448275862044 0.04229525862068967
0 0.4139727011494253 0.6220366379310345 0.028735632183908066 0.0506465517241379
0 0.6792385057471264 0.9034213362068966 0.028017241379310387 0.05253232758620685
0 0.19351652298850575 0.24097521551724138 0.03430316091954022 0.03636853448275859
0 0.3089080459770115 0.6175915948275862 0.02227011494252873 0.042295258620689724
0 0.3279454022988506 0.7579471982758621 0.026580459770114973 0.06492456896551724
0 0.4380387931034483 0.2743803879310345 0.03089080459770116 0.041217672413793094
0 0.288433908045977 0.4032866379310345 0.026939655172413812 0.04094827586206895
0 0.6001257183908046 0.5316540948275862 0.02604166666666663 0.03690732758620685
0 0.2897808908045977 0.3624730603448276 0.025323275862069006 0.036907327586206906
0 0.2814295977011494 0.2974137931034483 0.02334770114942525 0.04040948275862066
0 0.522180316091954 0.732354525862069 0.0231681034482758 0.04445043103448276
0 0.6320941091954022 0.837823275862069 0.025682471264367845 0.03663793103448276
0 0.3849676724137931 0.3116918103448276 0.022090517241379337 0.038793103448275856
0 0.2658045977011494 0.3426724137931034 0.020833333333333315 0.03771551724137928
0 0.6469109195402298 0.5746228448275863 0.02298850574712652 0.030711206896551713
0 0.39448635057471265 0.650323275862069 0.030711206896551713 0.05818965517241381
0 0.537805316091954 0.7908135775862069 0.024245689655172376 0.04175646551724144
0 0.3790409482758621 0.5387931034482758 0.039331896551724144 0.04741379310344829
0 0.6848060344827587 0.6064116379310345 0.03484195402298851 0.036099137931034475
0 0.3041487068965517 0.662176724137931 0.02783764367816094 0.04849137931034475
0 0.5854885057471264 0.5851293103448276 0.02765804597701149 0.042025862068965525
0 0.47898706896551724 0.5963092672413792 0.02227011494252873 0.03960129310344829
0 0.6540050287356323 0.6730872844827587 0.02244971264367812 0.04121767241379304
0 0.5396012931034483 0.7533674568965517 0.020294540229885083 0.030441810344827624
0 0.5471443965517242 0.8329741379310345 0.029633620689655138 0.042025862068965525
0 0.4053520114942529 0.7122844827586208 0.02227011494252873 0.04040948275862066
0 0.33369252873563215 0.4458512931034483 0.03915229885057475 0.04741379310344829
0 0.47377873563218387 0.6574622844827587 0.02191091954022989 0.028825431034482762
0 0.2623922413793104 0.41473599137931033 0.025502873563218398 0.034213362068965525
0 0.6613685344827587 0.8063038793103449 0.024245689655172487 0.042025862068965525
0 0.6167385057471264 0.7458243534482758 0.02083333333333337 0.03636853448275856
0 0.26751077586206895 0.2785560344827586 0.022449712643678177 0.03178879310344829
0 0.37535919540229884 0.5953663793103449 0.026939655172413812 0.05657327586206895
0 0.32417385057471265 0.6982758620689655 0.024784482758620663 0.0387931034482758
0 0.6388290229885057 0.6276939655172413 0.021192528735632266 0.04418103448275856
0 0.7232399425287357 0.9353448275862069 0.026939655172413812 0.04040948275862066
0 0.4260955459770115 0.5934806034482758 0.03430316091954022 0.04310344827586199
0 0.5396012931034483 0.6889816810344828 0.029274425287356243 0.05630387931034475
0 0.6973778735632183 0.7359913793103448 0.025143678160919447 0.03933189655172409
0 0.4182830459770115 0.7808459051724137 0.023347701149425304 0.03475215517241381
0 0.7007902298850575 0.8005118534482758 0.023347701149425304 0.03367456896551724
0 0.6299389367816092 0.7881196120689655 0.027837643678160884 0.049838362068965525
0 0.5726472701149425 0.8380926724137931 0.020294540229885083 0.028556034482758563
0 0.2437140804597701 0.25471443965517243 0.02729885057471268 0.04445043103448279
0 0.5273886494252873 0.8869881465517242 0.02244971264367812 0.04768318965517249
0 0.6463721264367817 0.9077316810344828 0.02155172413793094 0.041756465517241326
0 0.607489224137931 0.5627693965517242 0.022449712643678232 0.02747844827586199
0 0.391253591954023 0.4967672413793104 0.027837643678160884 0.038793103448275856
0 0.4977550287356322 0.654364224137931 0.03178879310344829 0.06196120689655171
0 0.6251795977011494 0.701239224137931 0.023347701149425304 0.0431034482758621
0 0.34123563218390807 0.7174030172413792 0.029813218390804586 0.05441810344827591
0 0.3211206896551724 0.5763739224137931 0.029813218390804586 0.04067887931034486
0 0.6529274425287357 0.8252963362068966 0.023168103448275912 0.0352909482758621
0 0.5562140804597702 0.5727370689655172 0.025143678160919447 0.040409482758620774
0 0.6253591954022988 0.8758081896551724 0.021192528735632155 0.03933189655172409
0 0.654992816091954 0.7172683189655172 0.0237068965517242 0.03744612068965525
0 0.7225215517241379 0.7733028017241379 0.02765804597701149 0.0352909482758621
0 0.600305316091954 0.8199084051724138 0.021731321839080442 0.034213362068965525
0 0.23742816091954022 0.3251616379310345 0.02191091954022989 0.03394396551724138
0 0.5554058908045977 0.5297683189655172 0.021372126436781658 0.0466056034482758
0 0.43938577586206895 0.6431842672413793 0.026041666666666685 0.041756465517241326
0 0.3308189655172414 0.6555765086206897 0.03196839080459768 0.04337284482758619
0 0.4220545977011494 0.7456896551724138 0.020833333333333315 0.0393318965517242
0 0.3054956896551724 0.7328933189655172 0.026580459770114973 0.046066810344827624
0 0.22018678160919541 0.2936422413793104 0.02909482758620688 0.038793103448275856
0 0.3315373563218391 0.6064116379310345 0.029813218390804586 0.059267241379310276
0 0.6102729885057472 0.6360452586206897 0.024784482758620663 0.05118534482758619
0 0.3390804597701149 0.5416217672413793 0.02334770114942525 0.034213362068965525
0 0.5969827586206897 0.8498114224137931 0.02227011494252873 0.037984913793103536
0 0.46677442528735635 0.5012122844827586 0.031968390804597735 0.04983836206896547
0 0.701867816091954 0.8658405172413793 0.026221264367816133 0.0350215517241379
0 0.27514367816091956 0.13092672413793105 0.026580459770114973 0.04148706896551725
0 0.576867816091954 0.5479525862068966 0.027298850574712707 0.038254310344827624
0 0.6821120689655172 0.8192349137931034 0.02155172413793105 0.032327586206896575
0 0.5020653735632183 0.5992726293103448 0.029633620689655138 0.04822198275862066
0 0.6773527298850575 0.7073006465517242 0.0231681034482758 0.03475215517241381
0 0.5250538793103448 0.6606950431034483 0.028556034482758563 0.057920258620689724
0 0.3146551724137931 0.5276131465517242 0.032327586206896575 0.04876077586206906
0 0.6030890804597702 0.779364224137931 0.024784482758620663 0.039870689655172376
0 0.5488505747126438 0.705010775862069 0.03196839080459768 0.04741379310344829
0 0.5818965517241379 0.6532866379310345 0.03735632183908044 0.04471982758620685
0 0.6765445402298851 0.7435344827586208 0.025502873563218342 0.03556034482758619
0 0.6536458333333333 0.6077586206896551 0.024245689655172487 0.03717672413793105
0 0.35704022988505746 0.5672144396551724 0.024784482758620663 0.04929956896551724
0 0.4103807471264368 0.8118265086206897 0.01831896551724138 0.03529094827586199
0 0.3600933908045977 0.7618534482758621 0.03089080459770116 0.06411637931034486
0 0.2671515804597701 0.38119612068965514 0.022090517241379337 0.03448275862068967
0 0.3595545977011494 0.5063308189655172 0.031968390804597735 0.03636853448275862
0 0.6798670977011494 0.7852909482758621 0.022808908045977017 0.03448275862068961
0 0.4289691091954023 0.22979525862068967 0.026041666666666685 0.0398706896551724
0 0.555944683908046 0.611395474137931 0.022090517241379226 0.03475215517241381
0 0.24245689655172414 0.48114224137931033 0.021910919540229862 0.03663793103448276
0 0.6202406609195402 0.5452586206896551 0.019576149425287293 0.03125
0 0.27478448275862066 0.4537984913793104 0.024425287356321823 0.056303879310344807
0 0.20761494252873564 0.19625538793103448 0.03484195402298851 0.040678879310344834
0 0.3475215517241379 0.35223599137931033 0.024425287356321823 0.034213362068965525
0 0.48608117816091956 0.5479525862068966 0.020294540229885027 0.05926724137931039
0 0.6921695402298851 0.6808997844827587 0.025502873563218342 0.03582974137931039
0 0.6656788793103449 0.6531519396551724 0.02388649425287359 0.03852370689655171
0 0.532507183908046 0.5782596982758621 0.030890804597701216 0.049838362068965525
0 0.3225574712643678 0.8068426724137931 0.033045977011494254 0.05118534482758619
0 0.4727909482758621 0.6337553879310345 0.02424568965517243 0.037984913793103425
0 0.33997844827586204 0.28731142241379315 0.024066091954022983 0.03582974137931033
0 0.5811781609195402 0.7992995689655172 0.0237068965517242 0.04903017241379315
0 0.669989224137931 0.8713631465517242 0.026400862068965525 0.03960129310344829
0 0.40077227011494254 0.7618534482758621 0.019935344827586188 0.032327586206896575
0 0.3604525862068966 0.6923491379310345 0.017959770114942486 0.05657327586206895
0 0.3553340517241379 0.6144935344827587 0.013110632183908011 0.04633620689655171
0 0.4022988505747126 0.2900053879310345 0.020114942528735635 0.05414870689655171
0 0.7011494252873562 0.7125538793103449 0.02011494252873558 0.026400862068965525
0 0.6786997126436782 0.634698275862069 0.023347701149425304 0.026400862068965525
0 0.7106681034482758 0.857354525862069 0.03699712643678155 0.0471443965517242
0 0.671246408045977 0.8422683189655172 0.01490660919540221 0.02559267241379315
0 0.4620150862068966 0.6030441810344827 0.01454741379310348 0.03367456896551724
0 0.3620689655172413 0.30226293103448276 0.020114942528735635 0.04471982758620685
0 0.3915229885057471 0.8076508620689655 0.033045977011494254 0.038254310344827624
0 0.665948275862069 0.5691002155172413 0.0193965517241379 0.030980603448275912
0 0.7120150862068966 0.794989224137931 0.013829022988505746 0.028556034482758674
0 0.3699712643678161 0.6592133620689655 0.01867816091954022 0.020474137931034475
0 0.36916307471264365 0.6361799568965517 0.02352729885057475 0.02936422413793105
0 0.7171336206896552 0.7355872844827587 0.016163793103448287 0.028286637931034586
0 0.6436781609195402 0.5463362068965518 0.02298850574712641 0.026939655172413812
0 0.6185344827586207 0.8375538793103448 0.009339080459770166 0.03663793103448276
0 0.21551724137931033 0.15086206896551724 0.03484195402298848 0.04956896551724138
0 0.397808908045977 0.845635775862069 0.029094827586206906 0.043642241379310276
0 0.38155531609195403 0.6759159482758621 0.021012931034482762 0.0274784482758621
0 0.5994073275862069 0.7541756465517242 0.016702586206896464 0.016433189655172487
0 0.3597341954022989 0.6476293103448276 0.02191091954022989 0.022090517241379337
0 0.34832974137931033 0.6651400862068966 0.01921695402298851 0.044181034482758674
0 0.37616738505747127 0.734375 0.02460488505747127 0.046336206896551824
0 0.41693606321839083 0.8724407327586208 0.012392241379310331 0.03151939655172409
0 0.5946479885057472 0.7373383620689655 0.015445402298850497 0.025862068965517238
0 0.6305675287356322 0.806573275862069 0.03699712643678166 0.03125
0 0.6038074712643677 0.5036368534482759 0.023347701149425304 0.027209051724137956
0 0.1791487068965517 0.18480603448275862 0.03717672413793102 0.030711206896551713
0 0.6252693965517242 0.6126077586206897 0.015265804597701105 0.03933189655172409
0 0.38936781609195403 0.7474407327586207 0.011135057471264365 0.03690732758620685
0 0.16675646551724138 0.2126885775862069 0.03969109195402298 0.02074353448275862
0 0.49793462643678166 0.7330280172413792 0.007363505747126464 0.028017241379310387
0 0.5242456896551724 0.8154633620689655 0.016163793103448287 0.04633620689655171
0 0.5900682471264367 0.689520474137931 0.023527298850574696 0.03259698275862066
0 0.1775323275862069 0.23060344827586207 0.035739942528735635 0.032866379310344807
0 0.6114403735632183 0.7117456896551724 0.015984195402298895 0.03286637931034486
0 0.3779633620689655 0.7761314655172413 0.014547413793103425 0.03556034482758619
0 0.5170617816091954 0.9705010775862069 0.021192528735632155 0.05522629310344829
0 0.6633441091954022 0.7662984913793103 0.021012931034482762 0.03205818965517249
0 0.5208333333333334 0.76953125 0.012212643678160884 0.03313577586206895
0 0.22126436781609196 0.3716325431034483 0.016163793103448287 0.04606681034482757
0 0.35407686781609193 0.4925915948275862 0.037176724137930994 0.051454741379310276
0 0.701867816091954 0.7632004310344828 0.028376436781609282 0.0393318965517242
0 0.5721084770114943 0.7699353448275863 0.024245689655172376 0.026939655172413812
0 0.3380028735632184 0.501885775862069 0.023347701149425304 0.05226293103448282
0 0.6331716954022988 0.7431303879310345 0.020653735632183978 0.028825431034482762
0 0.5623204022988506 0.7803071120689655 0.017600574712643646 0.04445043103448276
0 0.5695043103448276 0.814520474137931 0.018318965517241437 0.029903017241379337
0 0.6434087643678161 0.7130926724137931 0.01418821839080453 0.04148706896551724
0 0.587823275862069 0.622979525862069 0.024425287356321768 0.03852370689655171
0 0.5701329022988506 0.6147629310344828 0.013469827586206962 0.038254310344827624
