0 0.47261135057471265 0.5154903017241379 0.012751436781609171 0.015355603448275912
0 0.42061781609195403 0.5323275862068966 0.010057471264367845 0.014008620689655138
0 0.46210488505747127 0.5422952586206897 0.012931034482758619 0.01778017241379304
0 0.48617097701149425 0.615167025862069 0.014008620689655138 0.02505387931034475
0 0.4228627873563218 0.7625269396551724 0.016702586206896575 0.018049568965517238
0 0.47216235632183906 0.7877155172413793 0.011494252873563204 0.02155172413793105
0 0.43516522988505746 0.857489224137931 0.015804597701149448 0.0237068965517242
0 0.4301364942528736 0.5436422413793103 0.014367816091953978 0.018857758620689613
0 0.4614762931034483 0.8376885775862069 0.012751436781609171 0.02128232758620696
0 0.5133800287356322 0.6029094827586207 0.014188218390804641 0.020474137931034475
0 0.41531968390804597 0.5924030172413792 0.010596264367816077 0.014008620689655138
0 0.44656968390804597 0.6333512931034483 0.014188218390804586 0.01778017241379315
0 0.4183728448275862 0.7438038793103449 0.016343390804597735 0.0193965517241379
0 0.4624640804597701 0.5246497844827587 0.012571839080459779 0.020204741379310387
0 0.43776939655172414 0.8215247844827587 0.01706178160919536 0.0234375
0 0.5435524425287357 0.7370689655172413 0.011314655172413812 0.018857758620689613
0 0.4348060344827586 0.7699353448275862 0.0118534482758621 0.0193965517241379
0 0.4339978448275862 0.7233297413793103 0.013469827586206906 0.019935344827586188
0 0.5088002873563219 0.6181303879310345 0.010775862068965525 0.0153556034482758
0 0.5478627873563218 0.5720635775862069 0.013829022988505746 0.018588362068965525
0 0.4240301724137931 0.6720096982758621 0.00969827586206895 0.016433189655172376
0 0.4489942528735632 0.7648168103448276 0.014008620689655193 0.018318965517241437
0 0.4493534482758621 0.7416487068965517 0.015445402298850552 0.024245689655172376
0 0.4951508620689655 0.537042025862069 0.013290229885057459 0.018588362068965525
0 0.516882183908046 0.533135775862069 0.015804597701149392 0.022090517241379337
0 0.4467492816091954 0.5447198275862069 0.01634339080459768 0.021012931034482762
0 0.4937140804597701 0.5608836206896552 0.012931034482758563 0.018318965517241437
0 0.45554956896551724 0.8643588362068966 0.011673850574712596 0.020204741379310387
0 0.4501616379310345 0.8292025862068966 0.011314655172413812 0.01778017241379315
0 0.4447737068965517 0.8797144396551724 0.01598419540229884 0.020743534482758563
0 0.5554058908045977 0.5212823275862069 0.014547413793103425 0.01939655172413801
0 0.4689295977011494 0.6395474137931034 0.01149425287356326 0.019935344827586188
0 0.4493534482758621 0.8111530172413793 0.011135057471264365 0.018318965517241326
0 0.5220007183908046 0.6763200431034482 0.013110632183908066 0.019127155172413812
0 0.4575251436781609 0.8181573275862069 0.011314655172413757 0.017241379310344862
0 0.43211206896551724 0.744207974137931 0.012212643678160884 0.023976293103448287
0 0.421875 0.5774515086206897 0.0118534482758621 0.016971982758620663
0 0.5516343390804598 0.5855334051724138 0.010955459770114917 0.0153556034482758
0 0.43938577586206895 0.6002155172413793 0.011314655172413812 0.016702586206896575
0 0.4474676724137931 0.5216864224137931 0.011314655172413812 0.015355603448275912
0 0.40391522988505746 0.6237877155172413 0.013290229885057459 0.021821120689655138
0 0.5681573275862069 0.49932650862068967 0.013469827586206962 0.018049568965517238
0 0.5404992816091954 0.7156519396551724 0.01634339080459768 0.0234375
0 0.4732399425287356 0.8368803879310345 0.011135057471264365 0.022359913793103425
0 0.46686422413793105 0.7085129310344828 0.013829022988505746 0.024784482758620774
0 0.4171156609195402 0.5460668103448276 0.010596264367816077 0.016163793103448287
0 0.4723419540229885 0.6555765086206896 0.012571839080459779 0.01751077586206895
0 0.4306752873563219 0.6839978448275862 0.014727011494252873 0.018857758620689724
0 0.42160560344827586 0.7855603448275862 0.013829022988505746 0.022629310344827624
0 0.4535739942528736 0.7922952586206897 0.012751436781609227 0.018318965517241437
0 0.4301364942528736 0.5603448275862069 0.012931034482758619 0.016702586206896464
0 0.43417744252873564 0.7908135775862069 0.012392241379310387 0.022898706896551713
0 0.43525502873563215 0.625 0.010596264367816077 0.0199353448275863
0 0.45483117816091956 0.7192887931034483 0.012751436781609227 0.0193965517241379
0 0.46300287356321834 0.8025323275862069 0.012931034482758619 0.018318965517241437
0 0.5326867816091954 0.6690463362068966 0.011494252873563204 0.018049568965517238
0 0.5652837643678161 0.5841864224137931 0.013829022988505746 0.020743534482758563
0 0.4055316091954023 0.5992726293103449 0.01005747126436779 0.018588362068965525
0 0.5085308908045978 0.5782596982758621 0.008800287356321879 0.018588362068965525
0 0.45186781609195403 0.6042564655172413 0.00969827586206895 0.015086206896551713
0 0.4801544540229885 0.48989762931034486 0.011673850574712596 0.015355603448275856
0 0.4305854885057471 0.6061422413793104 0.011314655172413812 0.02155172413793105
0 0.47036637931034486 0.5855334051724138 0.01149425287356326 0.020743534482758674
0 0.44558189655172414 0.6631196120689655 0.0118534482758621 0.014816810344827624
0 0.4336386494252874 0.6651400862068966 0.011673850574712652 0.01778017241379315
0 0.4445941091954023 0.6189385775862069 0.011314655172413757 0.018049568965517238
0 0.5383441091954022 0.5887661637931034 0.012751436781609171 0.020204741379310387
0 0.5141882183908046 0.7999730603448276 0.012931034482758563 0.028286637931034475
0 0.5192169540229885 0.44692887931034486 0.014367816091954033 0.019935344827586243
0 0.5358297413793104 0.6204202586206897 0.010955459770114917 0.016163793103448287
0 0.5273886494252873 0.4552801724137931 0.011314655172413812 0.015086206896551713
0 0.4992816091954023 0.5777209051724138 0.009339080459770166 0.018588362068965525
0 0.5220007183908046 0.5845905172413793 0.013469827586206962 0.015625
0 0.4611170977011494 0.6907327586206897 0.013469827586206906 0.018857758620689613
0 0.4306752873563219 0.5228987068965517 0.010416666666666685 0.014008620689655249
0 0.5173311781609196 0.56640625 0.011673850574712707 0.014816810344827624
0 0.44558189655172414 0.8473868534482758 0.014367816091954033 0.020204741379310387
0 0.5377155172413792 0.6577316810344828 0.012571839080459779 0.020743534482758674
0 0.4494432471264368 0.5821659482758621 0.008800287356321823 0.017241379310344862
0 0.4151400862068966 0.6623114224137931 0.013469827586206906 0.022359913793103536
0 0.45932112068965514 0.6433189655172413 0.012751436781609227 0.01778017241379304
0 0.45707614942528735 0.5860721982758621 0.010775862068965525 0.02128232758620685
0 0.4426185344827586 0.7844827586206896 0.012392241379310387 0.020474137931034475
0 0.44333692528735635 0.6834590517241379 0.012392241379310331 0.019935344827586188
0 0.44656968390804597 0.5052532327586207 0.010237068965517238 0.018049568965517293
0 0.5237966954022988 0.47912176724137934 0.01490660919540232 0.018049568965517293
0 0.5783045977011494 0.5107758620689655 0.012571839080459779 0.018318965517241326
0 0.47458692528735635 0.607354525862069 0.012392241379310331 0.02182112068965525
0 0.4384877873563218 0.5320581896551724 0.011314655172413812 0.016163793103448287
0 0.4607579022988506 0.5091594827586207 0.012392241379310331 0.01346982758620685
0 0.5261314655172413 0.6919450431034483 0.012751436781609171 0.0196659482758621
0 0.47826867816091956 0.5670797413793103 0.012931034482758619 0.018318965517241437
0 0.4639906609195402 0.7326239224137931 0.013110632183908066 0.02128232758620696
0 0.5248742816091954 0.8116918103448276 0.013469827586206962 0.023706896551724088
0 0.4932650862068966 0.6030441810344828 0.010596264367816077 0.0153556034482758
0 0.4639906609195402 0.6729525862068966 0.011673850574712652 0.021012931034482762
0 0.41989942528735635 0.8302801724137931 0.017241379310344807 0.016163793103448287
0 0.5328663793103449 0.7380118534482758 0.013290229885057459 0.01966594827586199
0 0.5123922413793103 0.7025862068965517 0.012212643678160995 0.020474137931034475
0 0.4808728448275862 0.5044450431034483 0.012751436781609227 0.015355603448275856
0 0.5123024425287357 0.7287176724137931 0.011673850574712596 0.020474137931034475
0 0.3947557471264368 0.6138200431034482 0.015445402298850552 0.018049568965517238
0 0.4409123563218391 0.5625 0.011135057471264365 0.0199353448275863
0 0.4406429597701149 0.7098599137931034 0.012392241379310331 0.018857758620689613
0 0.5278376436781609 0.7114762931034483 0.0118534482758621 0.01778017241379315
0 0.44971264367816094 0.701104525862069 0.013290229885057459 0.018049568965517238
0 0.5193965517241379 0.5511853448275862 0.007183908045977017 0.015625
0 0.5289152298850575 0.7547144396551724 0.013290229885057459 0.022898706896551713
0 0.5379849137931034 0.7720905172413792 0.014547413793103425 0.022090517241379337
0 0.5516343390804598 0.6065463362068966 0.012751436781609282 0.02559267241379315
0 0.5434626436781609 0.7555226293103448 0.013290229885057459 0.019127155172413812
0 0.4369612068965517 0.8364762931034483 0.013290229885057459 0.015625
0 0.4524066091954023 0.6736260775862069 0.01221264367816094 0.019127155172413812
0 0.4680316091954023 0.8178879310344828 0.01149425287356326 0.015625
0 0.4637212643678161 0.7755926724137931 0.014367816091954033 0.020474137931034475
0 0.5224497126436782 0.7225215517241379 0.012571839080459779 0.025862068965517238
0 0.41630747126436785 0.5619612068965518 0.00933908045977011 0.016163793103448287
0 0.4254669540229885 0.8045528017241379 0.012931034482758619 0.01751077586206895
0 0.5327765804597702 0.4815463362068966 0.009159482758620663 0.017510775862069006
0 0.5343031609195402 0.4995959051724138 0.010057471264367734 0.0158943965517242
0 0.5590876436781609 0.5035021551724138 0.01113505747126442 0.016163793103448232
0 0.5766882183908046 0.5259967672413792 0.012571839080459779 0.015355603448275912
0 0.5795617816091954 0.540948275862069 0.014367816091954033 0.018318965517241326
0 0.5289152298850575 0.5164331896551724 0.010775862068965525 0.018318965517241437
0 0.49057112068965514 0.5 0.007363505747126464 0.015086206896551768
0 0.4875179597701149 0.48855064655172414 0.006645114942528785 0.014278017241379337
0 0.4738685344827586 0.49299568965517243 0.0055675287356321546 0.016163793103448287
0 0.45635775862068967 0.4990571120689655 0.00897988505747127 0.010506465517241381
0 0.4426185344827586 0.4983836206896552 0.008800287356321879 0.010237068965517238
0 0.45456178160919536 0.5575161637931034 0.00933908045977011 0.0158943965517242
0 0.46434985632183906 0.5521282327586208 0.010237068965517238 0.014278017241379337
0 0.45959051724137934 0.5649245689655172 0.009698275862069006 0.016702586206896575
0 0.4503412356321839 0.5680226293103449 0.009518678160919558 0.01751077586206895
0 0.4382183908045977 0.5778556034482758 0.01005747126436779 0.019935344827586188
0 0.4307650862068966 0.5851293103448276 0.008081896551724144 0.018318965517241437
0 0.41127873563218387 0.5777209051724138 0.01005747126436779 0.01751077586206895
0 0.4208872126436781 0.6070851293103448 0.008800287356321823 0.019127155172413812
0 0.4613864942528736 0.6081627155172413 0.01005747126436779 0.016433189655172487
0 0.46291307471264365 0.5944234913793103 0.008081896551724144 0.016433189655172487
0 0.45707614942528735 0.6171875 0.010775862068965525 0.01346982758620685
0 0.4587823275862069 0.6264816810344828 0.010237068965517238 0.014816810344827624
0 0.46614583333333337 0.6232489224137931 0.009159482758620718 0.016971982758620663
0 0.4760237068965517 0.6283674568965517 0.0062859195402298895 0.012661637931034475
0 0.4724317528735632 0.6235183189655172 0.007363505747126464 0.012122844827586299
0 0.4109195402298851 0.6057381465517242 0.007543103448275856 0.013739224137930939
0 0.42322198275862066 0.6198814655172413 0.005926724137930994 0.012392241379310387
0 0.4228627873563219 0.5903825431034483 0.007363505747126464 0.01373922413793105
0 0.4057112068965517 0.5509159482758621 0.008261494252873591 0.01346982758620685
0 0.40948275862068967 0.5571120689655172 0.0053879310344827624 0.0118534482758621
0 0.4685704022988506 0.5691002155172413 0.007902298850574752 0.013739224137930939
0 0.47844827586206895 0.5804148706896551 0.00933908045977011 0.0115840517241379
0 0.49057112068965514 0.5809536637931034 0.008800287356321823 0.014278017241379337
0 0.5030531609195402 0.5964439655172413 0.008979885057471326 0.016163793103448287
0 0.5034123563218391 0.6076239224137931 0.006106321839080442 0.009428879310344862
0 0.49955100574712646 0.611260775862069 0.008800287356321879 0.015086206896551713
0 0.4920079022988506 0.5906519396551724 0.012751436781609227 0.014278017241379337
0 0.5136494252873562 0.5875538793103448 0.01041666666666663 0.012931034482758563
0 0.5251436781609196 0.5994073275862069 0.011135057471264309 0.015086206896551713
0 0.5298132183908046 0.6081627155172413 0.009339080459770055 0.020743534482758563
0 0.5248742816091954 0.6161099137931034 0.009159482758620663 0.017241379310344862
0 0.5199353448275862 0.6233836206896552 0.008620689655172376 0.01778017241379304
0 0.5440912356321839 0.5991379310344828 0.008800287356321879 0.016163793103448176
0 0.47844827586206895 0.5173760775862069 0.008261494252873536 0.014278017241379337
0 0.47853807471264365 0.5282866379310345 0.009877873563218398 0.016163793103448287
0 0.47054597701149425 0.5467403017241379 0.0053879310344827624 0.016971982758620663
0 0.48688936781609193 0.5367726293103448 0.01005747126436779 0.015894396551724088
0 0.48563218390804597 0.5207435344827587 0.00969827586206895 0.014547413793103536
0 0.49084051724137934 0.5185883620689655 0.006106321839080497 0.01778017241379315
0 0.4947916666666667 0.5220905172413792 0.00897988505747127 0.014008620689655138
0 0.5419360632183908 0.6324084051724138 0.008441091954022983 0.020743534482758674
0 0.5435524425287357 0.6131465517241379 0.006645114942528729 0.014008620689655138
0 0.5607938218390804 0.6088362068965517 0.007363505747126409 0.014547413793103425
0 0.561871408045977 0.6240571120689655 0.008800287356321768 0.020204741379310276
0 0.5736350574712643 0.6259428879310345 0.01113505747126442 0.0191271551724137
0 0.4770114942528736 0.544854525862069 0.007543103448275856 0.0158943965517242
0 0.4823096264367816 0.5549568965517242 0.018139367816091934 0.016702586206896464
0 0.4431573275862069 0.6477640086206897 0.009518678160919558 0.018049568965517238
0 0.41549928160919536 0.6239224137931034 0.010596264367816077 0.008620689655172376
0 0.4135237068965517 0.6136853448275862 0.008800287356321823 0.010775862068965525
0 0.44288793103448276 0.5872844827586207 0.010057471264367845 0.012931034482758674
0 0.4680316091954023 0.60546875 0.0046695402298850275 0.020743534482758674
0 0.5110452586206896 0.6571928879310345 0.010955459770114917 0.0153556034482758
0 0.5448994252873562 0.6672952586206897 0.009339080459770055 0.014008620689655138
0 0.5424748563218391 0.6786099137931034 0.008441091954022983 0.014008620689655138
0 0.5518139367816092 0.6889816810344827 0.012033045977011492 0.018049568965517238
0 0.5405890804597702 0.6945043103448276 0.013649425287356354 0.017241379310344862
0 0.5504669540229885 0.6982758620689655 0.007183908045977017 0.01346982758620685
0 0.5134698275862069 0.7633351293103448 0.00969827586206895 0.014278017241379337
0 0.5181393678160919 0.7790948275862069 0.009339080459770166 0.012392241379310387
0 0.4694683908045977 0.7485183189655172 0.010775862068965525 0.01751077586206895
0 0.4639906609195402 0.7626616379310345 0.010596264367816077 0.01346982758620685
0 0.452496408045977 0.779364224137931 0.007722701149425304 0.014547413793103425
0 0.4401939655172414 0.755792025862069 0.0118534482758621 0.016971982758620663
0 0.4568067528735632 0.7532327586206896 0.010237068965517238 0.014547413793103425
0 0.4761135057471264 0.810479525862069 0.005387931034482707 0.014278017241379337
0 0.5233477011494253 0.7945851293103449 0.011135057471264309 0.016433189655172376
0 0.5247844827586207 0.7727640086206897 0.005028735632183867 0.011045258620689613
0 0.5120330459770115 0.7411099137931034 0.00969827586206895 0.010237068965517238
0 0.45061063218390807 0.650323275862069 0.007543103448275856 0.018318965517241326
0 0.5087104885057472 0.5626346982758621 0.009877873563218453 0.012661637931034475
0 0.5055675287356323 0.552667025862069 0.010057471264367845 0.012661637931034475
0 0.5123922413793103 0.55078125 0.00826149425287348 0.016971982758620774
0 0.46210488505747127 0.8525053879310345 0.00969827586206895 0.01751077586206895
0 0.47045617816091956 0.8499461206896552 0.007722701149425304 0.014008620689655138
0 0.460308908045977 0.6540948275862069 0.010775862068965525 0.00969827586206895
