0 0.7120150862068966 0.5668103448275862 0.029633620689655138 0.050107758620689724
0 0.4105603448275862 0.5435075431034483 0.025862068965517238 0.03744612068965525
0 0.45968031609195403 0.6589439655172413 0.023527298850574696 0.03286637931034486
0 0.3551544540229885 0.6256734913793103 0.024245689655172376 0.030980603448275912
0 0.569683908045977 0.849676724137931 0.0237068965517242 0.03286637931034475
0 0.6910021551724137 0.6532866379310345 0.01490660919540232 0.03717672413793105
0 0.45096982758620685 0.8207165948275862 0.02262931034482757 0.03313577586206895
0 0.6403556034482758 0.41608297413793105 0.024245689655172487 0.03636853448275862
0 0.7280890804597702 0.43952047413793105 0.026221264367816022 0.037984913793103425
0 0.7551185344827587 0.6651400862068966 0.02244971264367812 0.03125
0 0.3522808908045977 0.4870689655172413 0.017061781609195414 0.02640086206896547
0 0.3715876436781609 0.591864224137931 0.020833333333333315 0.03340517241379315
0 0.4766522988505747 0.07731681034482758 0.023347701149425304 0.03502155172413793
0 0.6105423850574713 0.5102370689655172 0.028556034482758674 0.04471982758620685
0 0.6050646551724138 0.8650323275862069 0.02298850574712641 0.05064655172413801
0 0.4359734195402299 0.49474676724137934 0.022090517241379337 0.03205818965517243
0 0.662805316091954 0.6181303879310345 0.022449712643678232 0.0428340517241379
0 0.47629310344827586 0.7619881465517242 0.025143678160919558 0.03529094827586199
0 0.4812320402298851 0.44760237068965514 0.028196839080459724 0.04337284482758624
0 0.4437859195402299 0.923895474137931 0.024066091954022983 0.036368534482758674
0 0.36916307471264365 0.5107758620689655 0.021731321839080497 0.03663793103448271
0 0.3564116379310345 0.5766433189655172 0.021012931034482762 0.0428340517241379
0 0.5776760057471264 0.21390086206896552 0.023168103448275912 0.03232758620689655
0 0.44719827586206895 0.8568157327586208 0.024066091954022983 0.03475215517241381
0 0.33432112068965514 0.5998114224137931 0.027478448275862044 0.03529094827586199
0 0.41442169540229884 0.3838900862068966 0.022808908045977017 0.037176724137930994
0 0.4262751436781609 0.01697198275862069 0.02352729885057475 0.03394396551724138
0 0.6261673850574713 0.46066810344827586 0.031070402298850608 0.04364224137931039
0 0.6643318965517242 0.7898706896551724 0.029454022988505746 0.04903017241379304
0 0.44369612068965514 0.5965786637931034 0.018498563218390773 0.030441810344827624
0 0.4022090517241379 0.029903017241379313 0.027478448275862044 0.03340517241379311
0 0.6544540229885057 0.31842672413793105 0.03520114942528729 0.038793103448275856
0 0.5930316091954023 0.6064116379310345 0.027298850574712707 0.03717672413793105
0 0.4295079022988506 0.8393049568965517 0.023886494252873536 0.029903017241379226
0 0.6570581896551724 0.5715247844827587 0.026400862068965525 0.04929956896551724
0 0.4678520114942529 0.7268318965517242 0.030890804597701105 0.03663793103448276
0 0.6889367816091954 0.3974946120689655 0.026939655172413812 0.04498922413793105
0 0.6355962643678161 0.21241918103448276 0.023706896551724088 0.030980603448275856
0 0.7122844827586207 0.4201239224137931 0.026580459770114917 0.0390625
0 0.36054238505747127 0.5396012931034483 0.021012931034482762 0.033943965517241326
0 0.5849497126436782 0.6965247844827587 0.021910919540229945 0.04822198275862066
0 0.4227729885057471 0.5922683189655172 0.026221264367816133 0.0390625
0 0.5558548850574713 0.078125 0.03125 0.03556034482758621
0 0.584051724137931 0.3747306034482759 0.02837643678160917 0.039331896551724144
0 0.7890625 0.5773168103448276 0.036817528735632266 0.04364224137931039
0 0.40068247126436785 0.6159752155172413 0.018678160919540276 0.030980603448275912
0 0.4301364942528736 0.7540409482758621 0.027658045977011547 0.03556034482758619
0 0.5530711206896552 0.11961206896551724 0.018857758620689613 0.033405172413793094
0 0.5150862068965517 0.5051185344827587 0.02981321839080464 0.05926724137931039
0 0.3707794540229885 0.4737338362068966 0.030352011494252873 0.037446120689655193
0 0.3468929597701149 0.666082974137931 0.030352011494252873 0.0428340517241379
0 0.7517061781609196 0.5771821120689655 0.029992816091954033 0.05630387931034475
0 0.5887212643678161 0.6414331896551724 0.02765804597701149 0.03717672413793105
0 0.6453843390804598 0.4542025862068966 0.0199353448275863 0.03771551724137928
0 0.6155711206896552 0.40800107758620685 0.02819683908045978 0.04229525862068967
0 0.5284662356321839 0.3840247844827586 0.02747844827586199 0.04445043103448276
0 0.6012931034482758 0.6664870689655172 0.026939655172413812 0.0355603448275863
0 0.4776400862068966 0.36651400862068967 0.02855603448275862 0.040140086206896575
0 0.4650682471264368 0.9012661637931034 0.019576149425287348 0.028286637931034475
0 0.7041127873563219 0.36516702586206895 0.02891522988505746 0.04337284482758619
0 0.5779454022988506 0.7692618534482758 0.019037356321839116 0.04175646551724144
0 0.4649784482758621 0.4344019396551724 0.02801724137931033 0.05199353448275862
0 0.5837823275862069 0.4139278017241379 0.03502155172413801 0.04229525862068967
0 0.6402658045977012 0.4929956896551724 0.02083333333333337 0.0350215517241379
0 0.4189116379310345 0.8739224137931034 0.025682471264367845 0.03556034482758619
0 0.6298491379310345 0.7766702586206897 0.028017241379310276 0.05387931034482751
0 0.5500179597701149 0.37311422413793105 0.030711206896551713 0.039331896551724144
0 0.5985093390804598 0.21888469827586207 0.021372126436781658 0.034213362068965525
0 0.7639188218390804 0.6107219827586207 0.022449712643678232 0.038254310344827624
0 0.6948635057471264 0.5981950431034483 0.026939655172413812 0.04121767241379315
0 0.6183548850574713 0.21713362068965517 0.02155172413793105 0.033405172413793094
0 0.40238864942528735 0.6931573275862069 0.027837643678160884 0.04364224137931039
0 0.6245510057471264 0.6016971982758621 0.0274784482758621 0.04229525862068961
0 0.6667564655172413 0.5192618534482759 0.031070402298850497 0.04175646551724138
0 0.37886135057471265 0.6751077586206897 0.022808908045977017 0.03933189655172409
0 0.47108477011494254 0.4990571120689655 0.01903735632183906 0.04498922413793105
0 0.4853627873563218 0.8644935344827587 0.019935344827586188 0.03340517241379304
0 0.3864942528735632 0.7463631465517242 0.022988505747126464 0.03529094827586199
0 0.5389727011494253 0.11233836206896552 0.024425287356321768 0.03394396551724138
0 0.6078484195402298 0.8173491379310345 0.023527298850574696 0.0355603448275863
0 0.3829022988505747 0.6144935344827587 0.020833333333333315 0.03178879310344829
0 0.6866918103448276 0.548895474137931 0.027837643678160995 0.05630387931034475
0 0.3444683908045977 0.5553609913793103 0.020474137931034475 0.03475215517241381
0 0.5648347701149425 0.4925915948275862 0.02981321839080464 0.0584590517241379
0 0.48841594827586204 0.49744073275862066 0.027119252873563204 0.04983836206896547
0 0.4327406609195402 0.5352909482758621 0.018139367816091934 0.030711206896551713
0 0.39601293103448276 0.8188308189655172 0.02298850574712641 0.040140086206896575
0 0.4891343390804598 0.6194773706896552 0.017780172413793094 0.03475215517241381
0 0.5838721264367817 0.2404364224137931 0.023347701149425304 0.030980603448275884
0 0.4454022988505747 0.7248114224137931 0.01867816091954022 0.03205818965517249
0 0.6394576149425287 0.6488415948275862 0.03142959770114939 0.0466056034482758
0 0.6511314655172413 0.7474407327586208 0.02747844827586199 0.03852370689655171
0 0.4436961206896552 0.6474946120689655 0.01921695402298851 0.04121767241379315
0 0.595007183908046 0.7327586206896551 0.022629310344827624 0.039870689655172376
0 0.430316091954023 0.9729256465517242 0.028017241379310387 0.03744612068965514
0 0.34339080459770116 0.24542025862068967 0.026580459770114917 0.032327586206896575
0 0.36952227011494254 0.6450700431034483 0.01921695402298851 0.02936422413793105
0 0.3979885057471264 0.4769665948275862 0.023706896551724144 0.03313577586206895
0 0.5971623563218391 0.2755926724137931 0.022629310344827624 0.03556034482758619
0 0.6346084770114943 0.3521012931034483 0.028196839080459668 0.04094827586206895
0 0.6757363505747127 0.6388739224137931 0.022090517241379337 0.03529094827586199
0 0.4703663793103448 0.8434806034482758 0.02227011494252873 0.030711206896551713
0 0.7281788793103448 0.681573275862069 0.02676005747126442 0.04633620689655171
0 0.39394755747126436 0.5805495689655172 0.02244971264367812 0.0355603448275863
0 0.7470366379310345 0.6396821120689655 0.027837643678160884 0.041756465517241326
0 0.421875 0.47804418103448276 0.022629310344827624 0.034213362068965525
0 0.5767780172413792 0.5188577586206897 0.02819683908045978 0.04256465517241381
0 0.4718031609195402 0.9698275862068966 0.024425287356321823 0.04849137931034486
0 0.3871228448275862 0.5080818965517241 0.020653735632183923 0.04418103448275862
0 0.46075790229885055 0.8724407327586207 0.022808908045977017 0.032058189655172376
0 0.3637751436781609 0.22077047413793105 0.02352729885057475 0.033674568965517265
0 0.6644216954022989 0.4761584051724138 0.029992816091954033 0.04768318965517243
0 0.5953663793103448 0.5545528017241379 0.029454022988505746 0.05738146551724144
0 0.44818606321839083 0.1701239224137931 0.020294540229885027 0.028825431034482762
0 0.6227550287356323 0.7110721982758621 0.027119252873563204 0.04121767241379315
0 0.49353448275862066 0.533270474137931 0.026221264367816077 0.034213362068965525
0 0.44243893678160917 0.07623922413793104 0.023886494252873536 0.031788793103448267
0 0.4567169540229885 0.6848060344827587 0.02083333333333337 0.02747844827586199
0 0.4383979885057471 0.5668103448275863 0.02011494252873558 0.03178879310344829
0 0.38047772988505746 0.1853448275862069 0.021372126436781602 0.032866379310344834
0 0.5417564655172413 0.021821120689655176 0.029992816091953922 0.039331896551724144
0 0.6135057471264368 0.7528286637931034 0.032327586206896575 0.0471443965517242
0 0.491558908045977 0.15732758620689655 0.024425287356321823 0.036099137931034475
0 0.5519037356321839 0.4519127155172414 0.031609195402298895 0.05253232758620685
0 0.7086925287356323 0.6495150862068966 0.025862068965517238 0.039870689655172376
0 0.3963721264367816 0.6515355603448276 0.026580459770114917 0.03690732758620696
0 0.3995150862068966 0.7788254310344827 0.023886494252873536 0.03663793103448276
0 0.5957255747126436 0.47885237068965514 0.02981321839080464 0.040678879310344807
0 0.4822198275862069 0.9416756465517241 0.0193965517241379 0.043911637931034475
0 0.5521731321839081 0.23679956896551724 0.0274784482758621 0.038793103448275884
0 0.7385955459770115 0.4838362068965517 0.03142959770114939 0.04849137931034475
0 0.7084231321839081 0.5072737068965517 0.029633620689655138 0.0431034482758621
0 0.4696479885057471 0.5732758620689655 0.02298850574712641 0.036099137931034475
0 0.3829920977011494 0.5466056034482758 0.02568247126436779 0.03663793103448276
0 0.4616558908045977 0.619207974137931 0.02460488505747127 0.03852370689655171
0 0.6582255747126438 0.6969288793103449 0.018318965517241437 0.0350215517241379
0 0.4598599137931034 0.9313038793103448 0.022449712643678177 0.03178879310344829
0 0.45429238505747127 0.75390625 0.020294540229885083 0.0315193965517242
0 0.4104705459770115 0.2567349137931034 0.02496408045977011 0.03771551724137931
0 0.3625179597701149 0.7594288793103448 0.01921695402298851 0.05334051724137934
0 0.6649604885057472 0.4183728448275862 0.02747844827586199 0.04364224137931033
0 0.5683369252873562 0.2654903017241379 0.02244971264367812 0.037446120689655193
0 0.4588721264367816 0.4913793103448276 0.024066091954022983 0.048491379310344807
0 0.5685165229885057 0.5724676724137931 0.0231681034482758 0.036099137931034475
0 0.3864942528735632 0.4524515086206896 0.019396551724137956 0.02667025862068967
0 0.7112966954022988 0.4678071120689655 0.02819683908045978 0.04229525862068967
0 0.4454022988505747 0.4714439655172414 0.02262931034482757 0.03178879310344829
0 0.7340158045977012 0.5284213362068966 0.03196839080459768 0.04229525862068961
0 0.6415229885057472 0.7044719827586208 0.019037356321839005 0.03556034482758619
0 0.4023886494252874 0.7283135775862069 0.019576149425287348 0.03259698275862066
0 0.5653735632183907 0.8908943965517242 0.02083333333333337 0.04849137931034486
0 0.46991738505747127 0.7952586206896551 0.02604166666666663 0.03125
0 0.6018318965517241 0.7068965517241379 0.02765804597701149 0.0431034482758621
0 0.5555854885057472 0.40476831896551724 0.024964080459770055 0.0390625
0 0.6586745689655172 0.3743265086206896 0.03214798850574718 0.04229525862068967
0 0.5834231321839081 0.8011853448275862 0.025682471264367845 0.034482758620689724
0 0.6199712643678161 0.6430495689655172 0.021910919540229945 0.04471982758620685
0 0.4405531609195402 0.7904094827586208 0.026580459770114917 0.04256465517241381
0 0.4093929597701149 0.8349946120689655 0.019576149425287348 0.0315193965517242
0 0.4931752873563218 0.11880387931034483 0.02227011494252873 0.03394396551724138
0 0.3754489942528736 0.7198275862068966 0.02209051724137928 0.047952586206896575
0 0.529364224137931 0.13631465517241378 0.021012931034482762 0.033405172413793094
0 0.5819863505747126 0.4568965517241379 0.026400862068965525 0.03825431034482757
0 0.7234195402298851 0.6021012931034483 0.02837643678160917 0.057650862068965525
0 0.4262751436781609 0.6375269396551724 0.02209051724137928 0.049838362068965525
0 0.6898347701149425 0.4881465517241379 0.024066091954022983 0.04471982758620685
0 0.4609375 0.4053071120689655 0.03250718390804597 0.04337284482758619
0 0.4162176724137931 0.6861530172413792 0.012751436781609171 0.029633620689655138
0 0.6222162356321839 0.8220635775862069 0.024964080459770055 0.049838362068965525
0 0.4374102011494253 0.6734913793103448 0.020294540229885027 0.024784482758620663
0 0.4418103448275862 0.7028556034482758 0.02155172413793105 0.03178879310344829
0 0.3869432471264368 0.07596982758620689 0.04005028735632182 0.02855603448275862
0 0.6443965517241379 0.6767241379310345 0.03125 0.0269396551724137
0 0.5325969827586207 0.41716056034482757 0.026400862068965525 0.027747844827586188
0 0.6079382183908046 0.4370959051724138 0.013290229885057459 0.02074353448275862
0 0.5732758620689655 0.6293103448275862 0.015445402298850608 0.047952586206896575
0 0.46345186781609193 0.5398706896551724 0.020653735632183923 0.024784482758620663
0 0.6146731321839081 0.5654633620689655 0.02460488505747127 0.05657327586206895
0 0.44270833333333337 0.619073275862069 0.01831896551724138 0.01778017241379315
0 0.42645474137931033 0.5169719827586207 0.026400862068965525 0.018318965517241326
0 0.563757183908046 0.6087015086206897 0.016882183908045967 0.03205818965517249
0 0.4225933908045977 0.6899245689655172 0.014367816091954033 0.05657327586206895
0 0.6357758620689655 0.5519935344827587 0.019037356321839116 0.05495689655172409
0 0.5959051724137931 0.7716864224137931 0.01867816091954022 0.03582974137931039
0 0.41585847701149425 0.5132004310344828 0.014188218390804641 0.0231681034482758
0 0.5314295977011494 0.4877424568965517 0.01867816091954022 0.04822198275862072
0 0.41540948275862066 0.7419181034482758 0.030531609195402265 0.032327586206896464
0 0.3934087643678161 0.043372844827586216 0.029992816091954033 0.04795258620689656
0 0.4469288793103448 0.537176724137931 0.013829022988505746 0.026939655172413812
0 0.6695402298850575 0.44369612068965514 0.02155172413793105 0.019396551724137956
0 0.47467672413793105 0.6873653017241379 0.013649425287356298 0.030980603448275912
0 0.4113685344827586 0.6636584051724137 0.010596264367816133 0.04067887931034486
0 0.5598958333333333 0.021821120689655173 0.027119252873563204 0.040948275862068964
0 0.5343929597701149 0.5311153017241379 0.012751436781609171 0.043911637931034475
0 0.41945043103448276 0.5639816810344828 0.021012931034482762 0.024515086206896575
0 0.5651939655172413 0.8009159482758621 0.015445402298850497 0.024784482758620663
0 0.6250897988505747 0.5122575431034483 0.020653735632183867 0.05307112068965525
0 0.4922772988505747 0.5765086206896552 0.011494252873563204 0.029633620689655138
0 0.5121228448275863 0.5422952586206897 0.017420977011494254 0.018857758620689613
0 0.4093031609195402 0.6138200431034483 0.01831896551724138 0.04876077586206895
0 0.4691989942528736 0.7063577586206897 0.021731321839080497 0.01939655172413801
0 0.563757183908046 0.8302801724137931 0.012571839080459779 0.030711206896551713
0 0.4763829022988506 0.81640625 0.02209051724137928 0.029903017241379226
0 0.4799748563218391 0.6563846982758621 0.014906609195402265 0.04121767241379315
0 0.4498922413793104 0.13954741379310345 0.02191091954022989 0.029094827586206906
0 0.6013829022988506 0.44948814655172414 0.022090517241379337 0.026670258620689613
0 0.4889547413793104 0.7377424568965517 0.010596264367816077 0.02936422413793105
0 0.45815373563218387 0.5860721982758621 0.019396551724137956 0.030441810344827624
0 0.4138829022988506 0.17564655172413793 0.026041666666666685 0.03663793103448276
0 0.5784841954022988 0.841864224137931 0.021192528735632155 0.04094827586206895
0 0.6922593390804598 0.45393318965517243 0.0199353448275863 0.02532327586206895
0 0.4277119252873563 0.8165409482758621 0.02460488505747127 0.02532327586206895
0 0.6723239942528736 0.5631734913793103 0.011314655172413812 0.030441810344827513
0 0.6104525862068966 0.7860991379310345 0.015445402298850608 0.0231681034482758
0 0.4420797413793104 0.2318157327586207 0.017061781609195414 0.02613146551724138
0 0.3819145114942529 0.763604525862069 0.01849856321839083 0.0158943965517242
0 0.4052622126436781 0.8407866379310345 0.01598419540229884 0.056034482758620774
0 0.4492636494252874 0.8908943965517242 0.019576149425287348 0.02532327586206906
0 0.45599856321839083 0.9827586206896551 0.02119252873563221 0.030172413793103425
0 0.39188218390804597 0.39641702586206895 0.02155172413793105 0.030980603448275856
0 0.6770833333333333 0.5922683189655173 0.013649425287356354 0.028825431034482762
0 0.4854525862068966 0.7830010775862069 0.014008620689655193 0.02936422413793105
0 0.37634698275862066 0.4230872844827586 0.023168103448275856 0.040140086206896575
0 0.4907507183908046 0.8147898706896551 0.006645114942528729 0.03313577586206895
0 0.6943247126436782 0.6240571120689655 0.031609195402298895 0.0234375
0 0.4864403735632184 0.8942618534482759 0.020294540229885083 0.028286637931034475
0 0.4353448275862069 0.8917025862068966 0.013649425287356354 0.0231681034482758
0 0.6672952586206897 0.6624461206896551 0.019935344827586188 0.0274784482758621
0 0.6163793103448276 0.2408405172413793 0.019755747126436796 0.023706896551724144
