0 0.5472341954022988 0.5734105603448276 0.018318965517241437 0.030980603448275912
0 0.46381106321839083 0.2862338362068966 0.030352011494252873 0.037446120689655193
0 0.6409841954022988 0.4379040948275862 0.025502873563218453 0.06007543103448276
0 0.6413433908045978 0.49784482758620685 0.02442528735632188 0.05172413793103442
0 0.7529633620689655 0.44396551724137934 0.02532327586206895 0.04148706896551729
0 0.5778556034482758 0.640625 0.02460488505747127 0.034482758620689724
0 0.2504489942528736 0.5849946120689655 0.02424568965517243 0.0433728448275863
0 0.2958872126436781 0.47413793103448276 0.027478448275862044 0.0431034482758621
0 0.6303879310344827 0.5618265086206897 0.025862068965517238 0.04283405172413801
0 0.7384159482758621 0.4181034482758621 0.025682471264367845 0.03771551724137928
0 0.5193067528735633 0.34738685344827586 0.02819683908045978 0.04929956896551724
0 0.3239044540229885 0.5709859913793103 0.019576149425287404 0.03744612068965514
0 0.6041666666666666 0.5383890086206897 0.024066091954022983 0.05253232758620696
0 0.6274245689655172 0.3588362068965517 0.026400862068965525 0.03556034482758619
0 0.42771192528735635 0.7412446120689655 0.037176724137930994 0.05253232758620685
0 0.31420617816091956 0.4020743534482759 0.03178879310344829 0.05738146551724138
0 0.3195043103448276 0.615301724137931 0.027298850574712652 0.04525862068965525
0 0.6560704022988506 0.5676185344827587 0.025502873563218453 0.04094827586206906
0 0.40903376436781613 0.7891971982758621 0.02783764367816094 0.05630387931034486
0 0.6662176724137931 0.7196928879310345 0.029633620689655138 0.02936422413793105
0 0.6347880747126438 0.3235452586206896 0.02819683908045978 0.039331896551724144
0 0.5659123563218391 0.49582435344827586 0.02981321839080453 0.04229525862068961
0 0.5864762931034483 0.3003771551724138 0.026400862068965525 0.04094827586206895
0 0.40651939655172414 0.5431034482758621 0.034662356321839116 0.04525862068965514
0 0.4260057471264368 0.650457974137931 0.029454022988505746 0.037984913793103425
0 0.41082974137931033 0.4880118534482759 0.029992816091954033 0.07031250000000006
0 0.22737068965517243 0.4529903017241379 0.03699712643678163 0.04552801724137928
0 0.3779633620689655 0.57421875 0.03178879310344829 0.054148706896551824
0 0.39197198275862066 0.2834051724137931 0.02496408045977011 0.03717672413793105
0 0.2697557471264368 0.40853987068965514 0.03160919540229884 0.04175646551724138
0 0.6875 0.37863685344827586 0.028017241379310276 0.03852370689655171
0 0.7119252873563219 0.3673221982758621 0.025143678160919558 0.037446120689655193
0 0.37302442528735635 0.41864224137931033 0.02334770114942525 0.045797413793103425
0 0.4816810344827586 0.36691810344827586 0.02442528735632188 0.03448275862068961
0 0.5911458333333334 0.6716056034482758 0.018139367816091934 0.04471982758620696
0 0.7351831896551724 0.3226023706896552 0.026400862068965525 0.03852370689655171
0 0.3833512931034483 0.5041756465517241 0.031070402298850552 0.04606681034482757
0 0.6176364942528736 0.23019935344827586 0.02981321839080464 0.04014008620689655
0 0.34554597701149425 0.6127424568965517 0.025143678160919558 0.03744612068965525
0 0.7019576149425287 0.33405172413793105 0.02604166666666674 0.04364224137931033
0 0.43175287356321834 0.4071928879310345 0.027298850574712652 0.05037715517241381
0 0.2358117816091954 0.5536099137931034 0.033405172413793094 0.05226293103448276
0 0.6825610632183907 0.5300377155172413 0.02244971264367812 0.034213362068965414
0 0.3563218390804598 0.39682112068965514 0.028735632183908066 0.04579741379310348
0 0.6069504310344828 0.599542025862069 0.026400862068965525 0.03690732758620685
0 0.27900502873563215 0.6039870689655172 0.03178879310344823 0.043642241379310276
0 0.3133081896551724 0.7007004310344828 0.03142959770114945 0.057650862068965525
0 0.779992816091954 0.4497575431034483 0.03053160919540221 0.037446120689655193
0 0.5600754310344828 0.2570043103448276 0.03358477011494254 0.035021551724137956
0 0.6370330459770115 0.7039331896551724 0.025143678160919558 0.04525862068965514
0 0.5863864942528736 0.5092941810344828 0.025502873563218342 0.04175646551724138
0 0.33198635057471265 0.4978448275862069 0.027837643678160884 0.04525862068965514
0 0.5979705459770115 0.36853448275862066 0.02963362068965525 0.04741379310344823
0 0.3630567528735632 0.22508081896551724 0.027119252873563204 0.04552801724137931
0 0.6029094827586208 0.6299838362068966 0.02442528735632188 0.029903017241379337
0 0.26338002873563215 0.45514547413793105 0.03394396551724138 0.042834051724137956
0 0.4306752873563219 0.7856950431034482 0.023706896551724144 0.03475215517241381
0 0.4170258620689655 0.6138200431034483 0.02442528735632188 0.04121767241379315
0 0.6611889367816093 0.3876616379310345 0.023527298850574696 0.033405172413793094
0 0.5704920977011494 0.2742456896551724 0.029992816091954033 0.03987068965517243
0 0.2917564655172414 0.662176724137931 0.037535919540229834 0.05280172413793105
0 0.3740122126436781 0.619073275862069 0.029633620689655193 0.0350215517241379
0 0.5783943965517242 0.552801724137931 0.021731321839080553 0.03556034482758619
0 0.5616918103448276 0.607354525862069 0.024245689655172487 0.04498922413793105
0 0.6114403735632183 0.2922952586206896 0.023527298850574696 0.03394396551724138
0 0.4016702586206896 0.5824353448275862 0.02424568965517243 0.0431034482758621
0 0.6234734195402298 0.517510775862069 0.022808908045977017 0.034482758620689724
0 0.7541307471264368 0.5115840517241379 0.0237068965517242 0.036099137931034475
0 0.5489403735632183 0.3705549568965517 0.021731321839080553 0.036907327586206906
0 0.6582255747126436 0.2823275862068966 0.02298850574712641 0.038793103448275856
0 0.6895653735632183 0.4754849137931034 0.027119252873563204 0.03556034482758624
0 0.6360452586206897 0.6594827586206897 0.027119252873563204 0.03933189655172409
0 0.6493354885057472 0.2549838362068966 0.02388649425287348 0.027209051724137928
0 0.2521551724137931 0.4987877155172413 0.029454022988505746 0.04606681034482757
0 0.5476831896551724 0.47844827586206895 0.027119252873563204 0.039331896551724144
0 0.4800646551724138 0.3157327586206896 0.03556034482758624 0.038793103448275856
0 0.3117816091954023 0.33216594827586204 0.027298850574712652 0.03663793103448276
0 0.5104166666666666 0.4397898706896552 0.03591954022988503 0.04929956896551724
0 0.39313936781609193 0.7149784482758621 0.03484195402298851 0.0506465517241379
0 0.4829382183908046 0.46511314655172414 0.03699712643678155 0.0584590517241379
0 0.4890445402298851 0.2782866379310345 0.024425287356321823 0.0350215517241379
0 0.6029094827586207 0.32448814655172414 0.024066091954022983 0.037984913793103425
0 0.6698096264367817 0.23828125 0.02747844827586199 0.040678879310344834
0 0.3406070402298851 0.7143049568965518 0.031070402298850552 0.05037715517241381
0 0.5405890804597702 0.41015625 0.025143678160919447 0.04067887931034486
0 0.39610272988505746 0.6248653017241379 0.020294540229885083 0.0390625
0 0.3983477011494253 0.34375 0.025502873563218398 0.039870689655172376
0 0.5630387931034483 0.5290948275862069 0.02155172413793105 0.02747844827586199
0 0.7845725574712643 0.4933997844827586 0.030711206896551713 0.05199353448275856
0 0.33387212643678166 0.36530172413793105 0.02801724137931033 0.04633620689655171
0 0.5641163793103448 0.4525862068965517 0.02442528735632188 0.042025862068965525
0 0.36386494252873564 0.3565463362068966 0.02909482758620685 0.04337284482758624
0 0.3430316091954023 0.7486530172413793 0.03556034482758624 0.0350215517241379
0 0.3485093390804598 0.5713900862068966 0.02819683908045978 0.05010775862068961
0 0.6329022988505747 0.39614762931034486 0.031609195402298784 0.042834051724137956
0 0.5202047413793103 0.31276939655172414 0.023168103448275912 0.026400862068965525
0 0.5008979885057472 0.39210668103448276 0.030890804597701105 0.04876077586206895
0 0.6971084770114943 0.28448275862068967 0.02101293103448265 0.032327586206896575
0 0.3291127873563219 0.6546336206896552 0.02424568965517243 0.03879310344827591
0 0.6161099137931034 0.6846713362068966 0.024245689655172376 0.03582974137931039
0 0.30630387931034486 0.7513469827586208 0.030352011494252873 0.04040948275862066
0 0.5726472701149425 0.3838900862068966 0.02388649425287359 0.035021551724137956
0 0.7422772988505747 0.3655711206896552 0.03340517241379315 0.036099137931034475
0 0.7599676724137931 0.3560075431034483 0.024964080459770055 0.0390625
0 0.6626257183908046 0.49366918103448276 0.027119252873563204 0.04175646551724138
0 0.30028735632183906 0.36126077586206895 0.02765804597701149 0.032866379310344807
0 0.7144396551724137 0.3068426724137931 0.024784482758620663 0.03556034482758619
0 0.30181393678160917 0.5936153017241379 0.02424568965517243 0.0428340517241379
0 0.4559087643678161 0.44598599137931033 0.02891522988505746 0.04445043103448276
0 0.6389188218390804 0.28744612068965514 0.027119252873563204 0.03771551724137928
0 0.6126077586206896 0.43521012931034486 0.025143678160919558 0.03636853448275862
0 0.579382183908046 0.5893049568965517 0.024784482758620774 0.037984913793103425
0 0.712194683908046 0.4044989224137931 0.026400862068965525 0.03960129310344829
0 0.44504310344827586 0.3290678879310345 0.029454022988505746 0.04067887931034486
0 0.6843570402298851 0.29916487068965514 0.02676005747126431 0.03475215517241376
0 0.3833512931034483 0.7825969827586208 0.030711206896551713 0.04849137931034486
0 0.3089978448275862 0.5439116379310345 0.029274425287356298 0.0549568965517242
0 0.7393139367816093 0.47521551724137934 0.023527298850574696 0.05818965517241376
0 0.5922234195402298 0.40409482758620685 0.02244971264367812 0.03448275862068967
0 0.36108117816091956 0.6596174568965517 0.03178879310344829 0.0627693965517242
0 0.2745150862068966 0.5561691810344828 0.03178879310344823 0.057381465517241326
0 0.6265265804597702 0.25915948275862066 0.02244971264367812 0.03448275862068967
0 0.5328663793103449 0.24838362068965517 0.028735632183908066 0.03448275862068967
0 0.3479705459770115 0.44342672413793105 0.031070402298850608 0.061422413793103425
0 0.5686961206896551 0.34900323275862066 0.026400862068965525 0.03852370689655177
0 0.5903376436781609 0.4482758620689655 0.024784482758620663 0.054956896551724144
0 0.5441810344827587 0.5400053879310345 0.030172413793103536 0.03690732758620685
0 0.7747844827586208 0.3935883620689655 0.02442528735632188 0.038254310344827624
0 0.44405531609195403 0.48060344827586204 0.0350215517241379 0.05226293103448276
0 0.6210488505747127 0.6500538793103449 0.02083333333333337 0.0350215517241379
0 0.39295977011494254 0.4162176724137931 0.023347701149425304 0.0431034482758621
0 0.6048850574712644 0.7091864224137931 0.02765804597701149 0.03852370689655171
0 0.6170977011494253 0.4775053879310345 0.027298850574712707 0.046066810344827624
0 0.685614224137931 0.5548221982758621 0.030352011494252817 0.030980603448275912
0 0.49102011494252873 0.3351293103448276 0.031968390804597735 0.04795258620689652
0 0.258441091954023 0.6341594827586208 0.0341235632183908 0.05926724137931039
0 0.6937859195402298 0.611395474137931 0.02837643678160917 0.04337284482758619
0 0.3198635057471264 0.4610721982758621 0.024425287356321823 0.03259698275862072
0 0.725305316091954 0.4579741379310345 0.020294540229885083 0.049030172413793094
0 0.4491738505747126 0.36462823275862066 0.03448275862068967 0.04822198275862072
0 0.3541666666666667 0.5114493534482758 0.02765804597701149 0.04714439655172409
0 0.4331896551724138 0.5843211206896551 0.017241379310344807 0.0431034482758621
0 0.2892420977011494 0.517510775862069 0.03214798850574713 0.04418103448275862
0 0.7587104885057472 0.4776400862068966 0.019576149425287404 0.03556034482758624
0 0.5526221264367817 0.3197737068965517 0.027298850574712596 0.03556034482758619
0 0.6575969827586208 0.32610452586206895 0.02460488505747127 0.03582974137931033
0 0.5362787356321839 0.2897359913793104 0.023706896551724088 0.036907327586206906
0 0.5925826149425287 0.2429956896551724 0.025682471264367734 0.048491379310344807
0 0.655621408045977 0.3561422413793104 0.02388649425287359 0.029633620689655193
0 0.679058908045977 0.4178340517241379 0.023347701149425193 0.037176724137930994
0 0.6030890804597702 0.6644665948275862 0.021192528735632155 0.03313577586206895
0 0.6956716954022988 0.4369612068965517 0.030711206896551713 0.03987068965517243
0 0.5782147988505747 0.7027209051724137 0.01706178160919536 0.03852370689655171
0 0.6602909482758621 0.6986799568965517 0.025682471264367845 0.036368534482758674
0 0.43426724137931033 0.6961206896551724 0.028735632183908066 0.04525862068965514
0 0.7274604885057472 0.51171875 0.019576149425287404 0.03690732758620685
0 0.7560165229885057 0.39870689655172414 0.029274425287356243 0.03771551724137934
0 0.6906429597701149 0.513604525862069 0.02891522988505746 0.040140086206896575
0 0.3948455459770115 0.3793103448275862 0.029274425287356354 0.029633620689655193
0 0.6909123563218391 0.6970635775862069 0.033045977011494254 0.034213362068965525
0 0.3740122126436781 0.4560883620689655 0.019576149425287348 0.026400862068965525
0 0.5633081896551724 0.6536907327586208 0.02604166666666663 0.03367456896551724
0 0.6666666666666666 0.6095096982758621 0.025143678160919558 0.05253232758620685
0 0.3855962643678161 0.24851831896551724 0.026580459770114917 0.040678879310344834
0 0.5027837643678161 0.47898706896551724 0.015265804597701105 0.05226293103448282
0 0.6186242816091954 0.5739493534482758 0.02388649425287348 0.025053879310344862
0 0.593121408045977 0.7256196120689655 0.020653735632183867 0.048221982758620774
0 0.26598419540229884 0.6193426724137931 0.017600574712643646 0.028556034482758563
0 0.5739044540229885 0.6791487068965517 0.017420977011494254 0.018857758620689724
0 0.5239762931034483 0.37702047413793105 0.021731321839080442 0.021282327586206906
0 0.6528376436781609 0.5945581896551724 0.016163793103448287 0.01778017241379304
0 0.3140265804597701 0.5247844827586207 0.034662356321839116 0.05657327586206895
0 0.23392600574712644 0.48666487068965514 0.02783764367816094 0.021821120689655193
0 0.42151580459770116 0.5759698275862069 0.017600574712643646 0.02747844827586199
0 0.5646551724137931 0.5620959051724138 0.013649425287356354 0.041756465517241326
0 0.6584051724137931 0.521551724137931 0.03125 0.026939655172413812
0 0.38047772988505746 0.3492726293103448 0.021012931034482762 0.04445043103448276
0 0.688757183908046 0.5785290948275862 0.025862068965517238 0.024515086206896575
0 0.5566630747126436 0.2931034482758621 0.018139367816091934 0.023168103448275856
0 0.3848778735632184 0.6469558189655172 0.019755747126436796 0.02505387931034475
0 0.5985093390804598 0.5533405172413793 0.015265804597701216 0.03717672413793105
0 0.4451329022988506 0.5140086206896552 0.03142959770114945 0.028017241379310387
0 0.6170079022988506 0.3805226293103448 0.01634339080459768 0.028825431034482762
0 0.7295258620689655 0.3514278017241379 0.019037356321839116 0.017510775862069006
0 0.6197916666666667 0.3252963362068966 0.010057471264367845 0.033135775862069006
0 0.6551724137931034 0.46511314655172414 0.02442528735632188 0.03259698275862066
0 0.37302442528735635 0.7000269396551724 0.01975574712643674 0.02559267241379304
0 0.6102729885057472 0.4032866379310345 0.015086206896551713 0.026400862068965525
0 0.5834231321839081 0.611260775862069 0.0231681034482758 0.03717672413793105
0 0.344378591954023 0.5377155172413792 0.02532327586206895 0.029633620689655138
0 0.4067887931034483 0.41540948275862066 0.015804597701149448 0.05334051724137928
0 0.5222701149425287 0.40436422413793105 0.013649425287356243 0.03663793103448276
0 0.6632543103448276 0.42901400862068967 0.020474137931034475 0.03852370689655171
0 0.22054597701149425 0.5304418103448276 0.030172413793103425 0.06573275862068961
0 0.5265804597701149 0.45514547413793105 0.016522988505747183 0.03205818965517243
0 0.5757902298850575 0.3134428879310345 0.018318965517241326 0.03259698275862066
0 0.4680316091954023 0.48962823275862066 0.016163793103448287 0.03421336206896547
0 0.5466056034482758 0.2677801724137931 0.013110632183907955 0.0350215517241379
0 0.6419719827586208 0.7377424568965518 0.015984195402298895 0.023976293103448287
0 0.43193247126436785 0.5405441810344828 0.018678160919540276 0.029903017241379226
0 0.6678340517241379 0.537176724137931 0.017420977011494254 0.02909482758620685
0 0.3865840517241379 0.6670258620689655 0.017061781609195414 0.02963362068965525
0 0.6390086206896551 0.5335398706896551 0.016882183908045967 0.022359913793103425
0 0.6736709770114943 0.32610452586206895 0.016882183908045967 0.03852370689655171
0 0.25377155172413796 0.5356950431034483 0.030172413793103453 0.032596982758620774
0 0.3536278735632184 0.7016433189655172 0.02442528735632188 0.051993534482758674
0 0.6813038793103448 0.35573814655172414 0.028556034482758563 0.022359913793103425
0 0.5274784482758621 0.27357219827586204 0.022629310344827624 0.0234375
0 0.5176903735632183 0.47467672413793105 0.014547413793103536 0.019396551724137956
0 0.4181932471264368 0.3762122844827586 0.026400862068965525 0.0352909482758621
0 0.6750179597701149 0.4567618534482759 0.020294540229885083 0.03636853448275862
0 0.5993175287356322 0.4719827586206896 0.02765804597701149 0.033405172413793094
0 0.2927442528735632 0.6263469827586207 0.03053160919540232 0.02155172413793105
0 0.5607938218390804 0.41540948275862066 0.029633620689655138 0.05226293103448271
0 0.6851652298850575 0.3352640086206896 0.012931034482758674 0.03044181034482757
0 0.5529813218390804 0.43952047413793105 0.02011494252873569 0.025592672413793094
0 0.5791127873563218 0.4676724137931034 0.015265804597701105 0.03663793103448276
0 0.5660919540229885 0.2338362068965517 0.025143678160919558 0.01831896551724138
0 0.23033405172413796 0.5871497844827587 0.016702586206896547 0.03367456896551724
0 0.7801724137931034 0.43036099137931033 0.02981321839080464 0.01751077586206895
0 0.7160560344827587 0.47117456896551724 0.02155172413793094 0.06842672413793105
0 0.4495330459770115 0.41540948275862066 0.020114942528735635 0.04956896551724138
0 0.3826329022988506 0.4626885775862069 0.021372126436781602 0.040140086206896575
0 0.6064116379310345 0.26589439655172414 0.018857758620689724 0.0274784482758621
0 0.5369073275862069 0.4403286637931034 0.021731321839080442 0.025053879310344807
0 0.32417385057471265 0.4338631465517241 0.02298850574712641 0.04175646551724138
0 0.3019935344827586 0.41796875 0.020653735632183867 0.0390625
0 0.28717672413793105 0.45083512931034486 0.022988505747126464 0.040678879310344807
0 0.3494073275862069 0.4776400862068966 0.0274784482758621 0.027478448275862044
