0 0.3292025862068966 0.3098060344827586 0.01831896551724138 0.026939655172413812
0 0.5114044540229885 0.7316810344827587 0.018139367816091934 0.036099137931034586
0 0.3485093390804598 0.7590247844827587 0.01885775862068967 0.028286637931034586
0 0.33773347701149425 0.7287176724137931 0.02244971264367812 0.03556034482758619
0 0.30998563218390807 0.5456627155172413 0.020114942528735635 0.02559267241379304
0 0.2891522988505747 0.4567618534482759 0.014367816091954033 0.025592672413793094
0 0.4473778735632184 0.29148706896551724 0.020474137931034475 0.03178879310344829
0 0.4261853448275862 0.36961206896551724 0.016163793103448287 0.03340517241379315
0 0.40490301724137934 0.6342941810344828 0.021012931034482707 0.03744612068965525
0 0.28412356321839083 0.48760775862068967 0.01831896551724138 0.03394396551724144
0 0.34662356321839083 0.6365840517241379 0.02227011494252873 0.029633620689655138
0 0.4161278735632184 0.34536637931034486 0.02155172413793105 0.02424568965517243
0 0.37526939655172414 0.4943426724137931 0.018139367816091934 0.03286637931034486
0 0.35757902298850575 0.36947737068965514 0.016163793103448287 0.025053879310344807
0 0.5773168103448276 0.25942887931034486 0.020653735632183978 0.02855603448275862
0 0.41011135057471265 0.4362877155172414 0.016702586206896575 0.03367456896551724
0 0.4031070402298851 0.5067349137931034 0.020294540229885027 0.026400862068965525
0 0.3140265804597701 0.41796875 0.015265804597701105 0.028286637931034475
0 0.4061602011494253 0.6751077586206897 0.017420977011494254 0.024784482758620663
0 0.36072198275862066 0.7319504310344828 0.02280890804597696 0.0350215517241379
0 0.4188218390804598 0.4443696120689655 0.011135057471264365 0.02936422413793105
0 0.5216415229885057 0.6602909482758621 0.0231681034482758 0.03394396551724144
0 0.2770294540229885 0.44719827586206895 0.01706178160919536 0.029633620689655193
0 0.5311602011494253 0.6283674568965517 0.020653735632183867 0.02936422413793105
0 0.3441989942528736 0.40045797413793105 0.0174209770114942 0.02667025862068967
0 0.29876077586206895 0.3161368534482759 0.017061781609195414 0.025592672413793094
0 0.35811781609195403 0.6998922413793103 0.01795977011494254 0.028017241379310387
0 0.3904454022988506 0.7936422413793103 0.01903735632183906 0.02909482758620696
0 0.39340876436781613 0.4365571120689655 0.01598419540229884 0.027747844827586188
0 0.39322916666666663 0.8763469827586207 0.02568247126436779 0.03125
0 0.4963182471264368 0.7143049568965517 0.018139367816091934 0.036368534482758674
0 0.3698814655172414 0.5933459051724137 0.023168103448275912 0.028825431034482762
0 0.48257902298850575 0.6884428879310345 0.015086206896551713 0.0277478448275863
0 0.5496587643678161 0.35304418103448276 0.01849856321839083 0.026670258620689613
0 0.5381645114942528 0.5212823275862069 0.02388649425287348 0.03502155172413801
0 0.32785560344827586 0.4431573275862069 0.01921695402298851 0.026939655172413812
0 0.4616558908045977 0.22386853448275862 0.015625 0.02532327586206895
0 0.3706896551724138 0.33135775862068967 0.015445402298850552 0.026939655172413812
0 0.5174209770114943 0.39655172413793105 0.016163793103448176 0.027478448275862044
0 0.5581896551724138 0.23814655172413793 0.019037356321839116 0.027478448275862044
0 0.38784123563218387 0.6648706896551724 0.023168103448275856 0.03125
0 0.28663793103448276 0.3872575431034483 0.014367816091954033 0.028286637931034475
0 0.36844468390804597 0.6233836206896552 0.01849856321839083 0.02909482758620696
0 0.5915050287356322 0.2687230603448276 0.020653735632183867 0.03259698275862072
0 0.3910739942528736 0.759832974137931 0.017061781609195414 0.026131465517241326
0 0.3260596264367816 0.40422952586206895 0.016702586206896575 0.02990301724137928
0 0.43875718390804597 0.39628232758620685 0.016882183908045967 0.02424568965517243
0 0.2855603448275862 0.3332435344827586 0.017241379310344807 0.024245689655172376
0 0.35012571839080464 0.46066810344827586 0.017780172413793094 0.024784482758620663
0 0.28286637931034486 0.3592403017241379 0.02191091954022989 0.025053879310344807
0 0.47476652298850575 0.7357219827586207 0.022808908045977017 0.038254310344827624
0 0.3475215517241379 0.6712015086206897 0.020114942528735635 0.03852370689655171
0 0.4495330459770115 0.41244612068965514 0.02227011494252873 0.02801724137931033
0 0.5092492816091954 0.4734644396551724 0.019935344827586188 0.027209051724137956
0 0.5792923850574713 0.3123653017241379 0.018498563218390718 0.02828663793103453
0 0.4730603448275862 0.4070581896551724 0.016163793103448287 0.03394396551724138
0 0.44504310344827586 0.1771282327586207 0.0193965517241379 0.027209051724137956
0 0.35811781609195403 0.5672144396551724 0.01903735632183906 0.029903017241379337
0 0.5308010057471264 0.5967133620689655 0.01921695402298851 0.02963362068965525
0 0.3563218390804598 0.3050915948275862 0.019037356321839116 0.03205818965517243
0 0.41927083333333337 0.41608297413793105 0.017780172413793094 0.025053879310344807
0 0.375 0.7811153017241379 0.023347701149425304 0.029903017241379337
0 0.38047772988505746 0.6877693965517242 0.017780172413793094 0.026939655172413812
0 0.390625 0.36584051724137934 0.02083333333333337 0.026939655172413757
0 0.2846623563218391 0.41325431034482757 0.016522988505747127 0.02532327586206895
0 0.3353987068965517 0.47817887931034486 0.01598419540229884 0.033405172413793094
0 0.47117456896551724 0.7984913793103449 0.018857758620689613 0.04094827586206895
0 0.5957255747126438 0.30266702586206895 0.02011494252873558 0.02667025862068967
0 0.3036997126436781 0.3767510775862069 0.01903735632183906 0.028286637931034475
0 0.30271192528735635 0.4776400862068966 0.01526580459770116 0.023706896551724144
0 0.40795617816091956 0.7411099137931034 0.015625 0.03178879310344829
0 0.5246048850574713 0.4880118534482758 0.01724137931034475 0.02451508620689652
0 0.3548850574712644 0.4403286637931034 0.016522988505747127 0.025592672413793094
0 0.40292744252873564 0.7702047413793103 0.020294540229885083 0.028017241379310387
0 0.468121408045977 0.6994881465517242 0.015625 0.03151939655172409
0 0.4995510057471264 0.3370150862068966 0.019935344827586243 0.02801724137931033
0 0.32210847701149425 0.3760775862068966 0.01849856321839083 0.026400862068965525
0 0.3907147988505747 0.4832974137931034 0.019576149425287348 0.02855603448275862
0 0.5171515804597702 0.5288254310344828 0.021731321839080553 0.0269396551724137
0 0.2684087643678161 0.4753502155172413 0.017420977011494254 0.02613146551724138
0 0.4836566091954023 0.3698814655172414 0.017600574712643702 0.029633620689655138
0 0.3243534482758621 0.67578125 0.024425287356321823 0.037984913793103425
0 0.3741020114942529 0.3737877155172413 0.016163793103448287 0.02613146551724138
0 0.37517959770114945 0.7169989224137931 0.02227011494252873 0.029903017241379337
0 0.41154813218390807 0.798895474137931 0.017780172413793094 0.03475215517241381
0 0.2999281609195402 0.3510237068965517 0.02227011494252873 0.0274784482758621
0 0.3741020114942529 0.8098060344827587 0.02011494252873558 0.026939655172413812
0 0.3472521551724138 0.2801724137931034 0.021731321839080497 0.02424568965517243
0 0.3973599137931034 0.3112877155172414 0.017061781609195414 0.024515086206896575
0 0.37167744252873564 0.4379040948275862 0.01778017241379315 0.027747844827586243
0 0.49964080459770116 0.587957974137931 0.01867816091954022 0.0315193965517242
0 0.47198275862068967 0.6379310344827587 0.01795977011494254 0.026939655172413812
0 0.3707794540229885 0.5453933189655172 0.020653735632183867 0.02936422413793105
0 0.506555316091954 0.6980064655172413 0.019576149425287348 0.02909482758620696
0 0.32165948275862066 0.3438846982758621 0.019396551724137956 0.02613146551724138
0 0.313128591954023 0.4560883620689655 0.017780172413793094 0.039331896551724144
0 0.4953304597701149 0.533270474137931 0.01903735632183906 0.03313577586206895
0 0.31492456896551724 0.3287984913793104 0.01778017241379315 0.025053879310344807
0 0.46264367816091956 0.19140625 0.01795977011494254 0.027747844827586188
0 0.5475933908045978 0.38914331896551724 0.017241379310344862 0.02613146551724138
0 0.48895474137931033 0.41864224137931033 0.017420977011494254 0.026939655172413812
0 0.4870689655172414 0.6550377155172413 0.021192528735632155 0.029903017241379337
0 0.35389727011494254 0.5106411637931034 0.01634339080459768 0.02667025862068967
0 0.37616738505747127 0.8436153017241379 0.01921695402298851 0.03582974137931039
0 0.3639547413793104 0.6713362068965517 0.017061781609195414 0.02963362068965525
0 0.46991738505747127 0.4303609913793104 0.017061781609195414 0.019665948275862044
0 0.4769216954022989 0.2213092672413793 0.01598419540229884 0.028286637931034475
0 0.3871228448275862 0.6221713362068966 0.020653735632183923 0.0352909482758621
0 0.1299389367816092 0.5521282327586208 0.0199353448275862 0.030980603448275912
0 0.36054238505747127 0.4073275862068966 0.018139367816091934 0.03771551724137928
0 0.3400682471264368 0.37971443965517243 0.018139367816091934 0.023976293103448287
0 0.5195761494252873 0.5689655172413792 0.02011494252873558 0.030711206896551713
0 0.3890984195402299 0.45918642241379315 0.018139367816091934 0.021282327586206906
0 0.5031429597701149 0.4951508620689655 0.01921695402298851 0.028556034482758674
0 0.3562320402298851 0.4838362068965517 0.02209051724137928 0.026400862068965525
0 0.47692169540229884 0.5967133620689655 0.01921695402298851 0.028017241379310276
0 0.36970186781609193 0.45568426724137934 0.017420977011494254 0.022898706896551768
0 0.3817349137931034 0.25929418103448276 0.021372126436781602 0.02667025862068964
0 0.3243534482758621 0.28259698275862066 0.01975574712643674 0.02855603448275862
0 0.3901760057471264 0.8228717672413793 0.021731321839080497 0.02936422413793105
0 0.4053520114942529 0.8480603448275862 0.016163793103448287 0.030172413793103425
0 0.507183908045977 0.6330818965517242 0.020833333333333315 0.03663793103448276
0 0.34177442528735635 0.5385237068965517 0.016882183908046022 0.02532327586206895
0 0.5069145114942528 0.5575161637931034 0.017780172413793094 0.026131465517241326
0 0.45968031609195403 0.3988415948275862 0.017780172413793094 0.025053879310344807
0 0.5126616379310345 0.6047952586206896 0.020294540229885083 0.030172413793103425
0 0.4850933908045977 0.2482489224137931 0.019396551724137956 0.02990301724137931
0 0.3682650862068966 0.7807112068965517 0.018498563218390773 0.03125
0 0.4963182471264368 0.6804956896551724 0.017061781609195414 0.02532327586206895
0 0.29292385057471265 0.4334590517241379 0.016163793103448287 0.023168103448275856
0 0.3764367816091954 0.23908943965517243 0.019755747126436796 0.02936422413793105
0 0.3368354885057471 0.5747575431034483 0.024245689655172376 0.0309806034482758
0 0.40508261494252873 0.7009698275862069 0.01849856321839083 0.02532327586206895
0 0.5714798850574713 0.41648706896551724 0.01724137931034475 0.030172413793103425
0 0.39304956896551724 0.5703125 0.01849856321839083 0.028017241379310276
0 0.3557830459770115 0.6104525862068966 0.0193965517241379 0.0274784482758621
0 0.3366558908045977 0.6943696120689655 0.021012931034482762 0.026131465517241326
0 0.39511494252873564 0.7279094827586207 0.0193965517241379 0.03125
0 0.4853627873563219 0.509698275862069 0.023168103448275856 0.029633620689655193
0 0.3666487068965517 0.28259698275862066 0.01598419540229884 0.025323275862069006
0 0.3012751436781609 0.40759698275862066 0.01670258620689652 0.02801724137931033
0 0.39304956896551724 0.5375808189655172 0.020294540229885083 0.03313577586206895
0 0.32686781609195403 0.5523976293103448 0.016163793103448287 0.027747844827586188
0 0.3828125 0.4012661637931034 0.01921695402298851 0.03582974137931033
0 0.39313936781609193 0.23195043103448276 0.015445402298850552 0.023706896551724144
0 0.3978987068965517 0.25134698275862066 0.017780172413793094 0.02424568965517243
0 0.40463362068965514 0.28367456896551724 0.012931034482758619 0.022629310344827624
0 0.3354885057471264 0.2704741379310345 0.015804597701149448 0.024245689655172376
0 0.3140265804597701 0.27599676724137934 0.010955459770114917 0.019665948275862044
0 0.3552442528735632 0.33459051724137934 0.019755747126436796 0.02424568965517243
0 0.3389008620689655 0.3353987068965517 0.015086206896551713 0.017780172413793094
0 0.34536637931034486 0.35964439655172414 0.014727011494252873 0.021012931034482762
0 0.3625179597701149 0.3514278017241379 0.014188218390804586 0.023976293103448232
0 0.3832614942528736 0.3025323275862069 0.017241379310344807 0.02532327586206895
0 0.37895114942528735 0.28380926724137934 0.00969827586206895 0.02667025862068967
0 0.3921515804597701 0.2860991379310345 0.015625 0.024784482758620663
0 0.4149604885057471 0.28286637931034486 0.012751436781609171 0.019935344827586243
0 0.4198096264367816 0.3045528017241379 0.022808908045977017 0.023976293103448232
0 0.41289511494252873 0.3112877155172413 0.017241379310344862 0.02074353448275862
0 0.38505747126436785 0.3282596982758621 0.014008620689655193 0.021282327586206906
0 0.3947557471264368 0.3402478448275862 0.025143678160919558 0.029094827586206906
0 0.32579022988505746 0.35573814655172414 0.019755747126436796 0.018588362068965525
0 0.27469468390804597 0.3499461206896552 0.012033045977011492 0.021012931034482762
0 0.2738864942528736 0.3717672413793104 0.00933908045977011 0.019396551724137956
0 0.37311422413793105 0.41931573275862066 0.013829022988505746 0.021821120689655193
0 0.3047772988505747 0.4290140086206896 0.014008620689655193 0.015355603448275856
0 0.30289152298850575 0.4542025862068966 0.011314655172413812 0.033405172413793094
0 0.2619432471264368 0.4637661637931034 0.01490660919540232 0.023976293103448232
0 0.32695761494252873 0.46026400862068967 0.011314655172413812 0.007273706896551713
0 0.3836206896551724 0.5099676724137931 0.014727011494252873 0.022090517241379337
0 0.36889367816091956 0.513739224137931 0.016163793103448287 0.03394396551724138
0 0.36126077586206895 0.5346174568965517 0.021012931034482762 0.0272090517241379
0 0.3159123563218391 0.5277478448275863 0.020114942528735635 0.019935344827586188
0 0.3171695402298851 0.5630387931034483 0.01005747126436779 0.010775862068965525
0 0.3204920977011494 0.5747575431034483 0.013110632183908011 0.012661637931034475
0 0.3720366379310345 0.6474946120689655 0.01921695402298851 0.02505387931034475
0 0.3916127873563219 0.7056842672413792 0.013469827586206906 0.015894396551724088
0 0.3819145114942529 0.7428609913793103 0.015625 0.018049568965517238
0 0.4758441091954023 0.7584859913793104 0.019935344827586243 0.022359913793103425
0 0.4848239942528736 0.7152478448275862 0.010237068965517293 0.0237068965517242
0 0.4714439655172414 0.6671605603448276 0.015804597701149392 0.03205818965517249
0 0.4797952586206896 0.6162446120689655 0.017061781609195414 0.023976293103448287
0 0.4656968390804598 0.6123383620689655 0.00969827586206895 0.030711206896551713
0 0.4639008620689655 0.5831088362068966 0.007902298850574696 0.02936422413793105
0 0.4728807471264368 0.5530711206896552 0.019396551724137956 0.025862068965517238
0 0.47808908045977017 0.5751616379310345 0.01831896551724138 0.03286637931034475
0 0.5207435344827587 0.505792025862069 0.018857758620689613 0.03044181034482757
0 0.49093031609195403 0.5709859913793103 0.01490660919540232 0.021821120689655138
0 0.5297234195402298 0.5661368534482758 0.019935344827586188 0.03636853448275856
0 0.4052622126436781 0.5988685344827587 0.020294540229885027 0.03663793103448276
0 0.38020833333333337 0.583917025862069 0.02262931034482757 0.026131465517241326
0 0.4084051724137931 0.5342133620689655 0.0118534482758621 0.02963362068965525
0 0.37697557471264365 0.5626346982758621 0.016163793103448232 0.024515086206896575
0 0.4806034482758621 0.48666487068965514 0.01221264367816094 0.019127155172413757
0 0.47072557471264365 0.509563577586207 0.014727011494252873 0.027209051724137956
0 0.5294540229885057 0.5452586206896551 0.010775862068965525 0.015625
0 0.37473060344827586 0.4698275862068966 0.016702586206896575 0.017780172413793094
0 0.42744252873563215 0.4401939655172414 0.00933908045977011 0.03340517241379315
0 0.43776939655172414 0.4248383620689655 0.012751436781609171 0.02532327586206895
0 0.4533045977011494 0.4307650862068966 0.01221264367816094 0.026939655172413757
0 0.48177083333333337 0.4346713362068966 0.010955459770114973 0.019665948275862044
0 0.501257183908046 0.4044989224137931 0.015804597701149392 0.018588362068965525
0 0.5282866379310345 0.41769935344827586 0.014188218390804641 0.040140086206896575
0 0.5309806034482759 0.4446390086206896 0.012033045977011492 0.03636853448275862
0 0.5457076149425287 0.4523168103448276 0.012392241379310276 0.033405172413793094
0 0.5427442528735632 0.4141971982758621 0.014367816091954033 0.03475215517241376
0 0.5007183908045977 0.42039331896551724 0.010775862068965525 0.01751077586206895
0 0.48518318965517243 0.3983028017241379 0.015625 0.025592672413793094
0 0.49658764367816094 0.38415948275862066 0.015086206896551713 0.025323275862069006
0 0.3848778735632184 0.43507543103448276 0.011494252873563204 0.030711206896551713
0 0.33369252873563215 0.41217672413793105 0.014008620689655193 0.023706896551724144
0 0.4162176724137931 0.38200431034482757 0.015625 0.026939655172413812
0 0.4208872126436781 0.39614762931034486 0.018498563218390773 0.02235991379310348
0 0.39807830459770116 0.4106950431034483 0.020294540229885083 0.025592672413793094
0 0.4065193965517241 0.4620150862068966 0.009877873563218398 0.019396551724137956
0 0.39969468390804597 0.4575700431034483 0.009877873563218398 0.019127155172413812
0 0.4686602011494253 0.43965517241379315 0.013829022988505746 0.02262931034482757
0 0.4522270114942529 0.3779633620689655 0.017600574712643646 0.02155172413793105
0 0.43633261494252873 0.34577047413793105 0.017061781609195414 0.0234375
0 0.4329202586206896 0.32623922413793105 0.017061781609195414 0.019935344827586188
0 0.45653735632183906 0.3160021551724138 0.01795977011494254 0.023706896551724144
0 0.45456178160919536 0.3403825431034483 0.012931034482758619 0.02936422413793105
0 0.44782686781609193 0.3521012931034483 0.011314655172413757 0.019935344827586188
0 0.44279813218390807 0.32287176724137934 0.01526580459770116 0.031519396551724144
0 0.4613864942528736 0.3545258620689655 0.016163793103448232 0.022090517241379337
0 0.5116738505747126 0.3545258620689655 0.02155172413793105 0.025862068965517238
0 0.5235272988505747 0.3627424568965517 0.02155172413793105 0.012661637931034475
0 0.5077227011494253 0.3801185344827587 0.01041666666666674 0.01831896551724138
0 0.5220007183908046 0.3860452586206896 0.019576149425287404 0.029633620689655193
0 0.4708153735632184 0.37809806034482757 0.01490660919540232 0.022898706896551713
0 0.4395653735632184 0.3701508620689655 0.016702586206896575 0.03556034482758619
0 0.5458872126436782 0.2287176724137931 0.013469827586206962 0.021012931034482762
0 0.5603448275862069 0.26373922413793105 0.014367816091954033 0.02478448275862072
0 0.5664511494252873 0.28677262931034486 0.02442528735632188 0.02613146551724138
0 0.5850395114942528 0.22817887931034483 0.013829022988505746 0.026400862068965525
0 0.5645653735632183 0.22292564655172414 0.021012931034482762 0.018588362068965525
0 0.5291846264367817 0.25538793103448276 0.019576149425287404 0.01885775862068964
0 0.47988505747126436 0.27545797413793105 0.02155172413793105 0.03205818965517243
0 0.3942169540229885 0.38537176724137934 0.014367816091954033 0.015894396551724144
0 0.40777658045977017 0.328125 0.011673850574712652 0.015086206896551713
