0 0.4969468390804598 0.74609375 0.024066091954022983 0.0347521551724137
0 0.3552442528735632 0.6477640086206897 0.020114942528735635 0.04552801724137934
0 0.3193247126436782 0.37244073275862066 0.024066091954022983 0.03475215517241376
0 0.3671875 0.8362068965517241 0.02388649425287359 0.03125
0 0.3477909482758621 0.8100754310344828 0.02496408045977011 0.0355603448275863
0 0.35344827586206895 0.4251077586206896 0.02478448275862072 0.04364224137931033
0 0.31384698275862066 0.6166487068965517 0.023886494252873536 0.034482758620689724
0 0.29525862068965514 0.9455818965517242 0.025143678160919503 0.03933189655172409
0 0.2960668103448276 0.37473060344827586 0.02424568965517243 0.03717672413793105
0 0.47009698275862066 0.5391971982758621 0.02352729885057475 0.030441810344827624
0 0.5101472701149425 0.6227101293103448 0.02352729885057464 0.03259698275862066
0 0.3276760057471264 0.5545528017241379 0.02640086206896547 0.03313577586206895
0 0.3380926724137931 0.38671875 0.023527298850574696 0.03582974137931039
0 0.414691091954023 0.5211476293103449 0.02442528735632188 0.04983836206896558
0 0.5479525862068966 0.4894935344827586 0.02837643678160917 0.04148706896551724
0 0.4916487068965517 0.7058189655172413 0.02532327586206895 0.04310344827586199
0 0.5652837643678161 0.4568965517241379 0.03035201149425293 0.033405172413793094
0 0.5703125 0.4854525862068966 0.021372126436781658 0.03125
0 0.2693965517241379 0.8989762931034483 0.027298850574712652 0.05657327586206895
0 0.27379669540229884 0.96875 0.0274784482758621 0.037715517241379226
0 0.4771012931034483 0.3985721982758621 0.027119252873563204 0.03421336206896547
0 0.32776580459770116 0.9339978448275863 0.028735632183908066 0.03771551724137934
0 0.2887033045977011 0.6157058189655172 0.023168103448275856 0.0352909482758621
0 0.29858117816091956 0.5365032327586207 0.022449712643678177 0.046066810344827624
0 0.24039152298850575 0.6163793103448276 0.023527298850574696 0.03556034482758619
0 0.36754669540229884 0.568426724137931 0.020294540229885083 0.0431034482758621
0 0.5255926724137931 0.6487068965517242 0.021012931034482762 0.030711206896551713
0 0.524694683908046 0.8581627155172413 0.0274784482758621 0.04445043103448276
0 0.2328484195402299 0.5286907327586207 0.022449712643678177 0.047683189655172376
0 0.5066451149425287 0.8969558189655173 0.028376436781609227 0.04445043103448276
0 0.29911997126436785 0.8429418103448276 0.023886494252873536 0.03987068965517249
0 0.3717672413793104 0.5127963362068966 0.02262931034482757 0.0390625
0 0.3671875 0.8635506465517241 0.022808908045977017 0.028286637931034475
0 0.5043103448275862 0.47790948275862066 0.025143678160919503 0.03609913793103453
0 0.3239044540229885 0.7157866379310345 0.03286637931034486 0.04471982758620685
0 0.4889547413793104 0.4313038793103448 0.022808908045977072 0.03178879310344829
0 0.24533045977011494 0.4482758620689655 0.023706896551724144 0.03448275862068967
0 0.43615301724137934 0.5061961206896551 0.025323275862069006 0.03825431034482757
0 0.31070402298850575 0.908270474137931 0.025143678160919558 0.0428340517241379
0 0.3624281609195402 0.2820581896551724 0.025862068965517238 0.039331896551724144
0 0.4715337643678161 0.931707974137931 0.01634339080459768 0.03690732758620685
0 0.21336206896551724 0.48976293103448276 0.03484195402298851 0.0350215517241379
0 0.5656429597701149 0.5451239224137931 0.01849856321839083 0.03313577586206895
0 0.5516343390804598 0.5045797413793104 0.028556034482758674 0.03394396551724138
0 0.45492097701149425 0.4865301724137931 0.021192528735632155 0.03340517241379304
0 0.5008979885057472 0.19544719827586207 0.02442528735632188 0.034213362068965525
0 0.2798132183908046 0.35223599137931033 0.024066091954022983 0.0390625
0 0.34770114942528735 0.265625 0.02298850574712641 0.039331896551724116
0 0.37787356321839083 0.2704741379310345 0.02227011494252873 0.032327586206896575
0 0.37167744252873564 0.6472252155172413 0.023527298850574696 0.03960129310344829
0 0.31214080459770116 0.580145474137931 0.02155172413793105 0.0390625
0 0.4823096264367816 0.6685075431034483 0.026400862068965525 0.037984913793103425
0 0.27056393678160917 0.6363146551724137 0.023168103448275856 0.03556034482758619
0 0.3315373563218391 0.4970366379310345 0.03017241379310348 0.0431034482758621
0 0.4275323275862069 0.24595905172413793 0.027837643678160884 0.033405172413793094
0 0.6001257183908046 0.31088362068965514 0.023527298850574696 0.02801724137931033
0 0.3603627873563219 0.31896551724137934 0.02496408045977011 0.03556034482758624
0 0.36135057471264365 0.9893588362068966 0.025502873563218398 0.02128232758620685
0 0.3076508620689655 0.5107758620689655 0.02442528735632188 0.05657327586206895
0 0.28250718390804597 0.4974407327586207 0.02227011494252873 0.04067887931034486
0 0.38882902298850575 0.9284752155172413 0.02155172413793105 0.04498922413793094
0 0.35021551724137934 0.6864224137931034 0.022988505747126464 0.03448275862068961
0 0.2541307471264368 0.80078125 0.03484195402298851 0.0466056034482758
0 0.3514727011494253 0.9027478448275862 0.025502873563218398 0.0506465517241379
0 0.31645114942528735 0.798895474137931 0.032327586206896575 0.0471443965517242
0 0.3500359195402299 0.5727370689655172 0.024066091954022983 0.04525862068965525
0 0.34258261494252873 0.7719558189655172 0.026760057471264365 0.048221982758620774
0 0.2772090517241379 0.3902209051724138 0.019935344827586243 0.03259698275862072
0 0.2762212643678161 0.734375 0.023347701149425304 0.03340517241379315
0 0.3328843390804598 0.8422683189655172 0.02532327586206895 0.0352909482758621
0 0.24622844827586204 0.9263200431034483 0.024066091954022956 0.035829741379310276
0 0.6080280172413792 0.2804418103448276 0.02819683908045978 0.032866379310344807
0 0.30926724137931033 0.7314116379310345 0.02765804597701149 0.038254310344827624
0 0.413433908045977 0.36462823275862066 0.0193965517241379 0.03259698275862072
0 0.33063936781609193 0.8780980603448276 0.025862068965517238 0.037984913793103425
0 0.25251436781609193 0.623114224137931 0.025502873563218398 0.03717672413793105
0 0.29723419540229884 0.4376346982758621 0.024784482758620663 0.03475215517241376
0 0.39179238505747127 0.5105064655172413 0.019576149425287348 0.03663793103448276
0 0.4067887931034483 0.24178340517241378 0.01903735632183906 0.031519396551724144
0 0.5245150862068966 0.4950161637931034 0.019935344827586188 0.0309806034482758
0 0.31447557471264365 0.45959051724137934 0.02262931034482757 0.03556034482758624
0 0.39385775862068967 0.3782327586206896 0.025862068965517238 0.03394396551724138
0 0.3182471264367816 0.41163793103448276 0.024066091954022983 0.039870689655172376
0 0.3977191091954023 0.4715786637931034 0.022808908045977017 0.044989224137930994
0 0.42807112068965514 0.39587823275862066 0.03142959770114945 0.03367456896551729
0 0.5220905172413793 0.5249191810344828 0.02298850574712641 0.032058189655172376
0 0.49389367816091956 0.3584321120689655 0.026221264367816133 0.03582974137931033
0 0.24667744252873564 0.5883620689655172 0.023527298850574696 0.0269396551724137
0 0.2936422413793104 0.4080010775862069 0.026221264367816077 0.0352909482758621
0 0.3245330459770115 0.3220635775862069 0.024066091954022983 0.034213362068965525
0 0.47368893678160917 0.7570043103448276 0.023168103448275856 0.03340517241379304
0 0.5114942528735632 0.5576508620689655 0.018318965517241326 0.032327586206896575
0 0.22512571839080459 0.8894127155172413 0.02137212643678163 0.03529094827586199
0 0.5198455459770115 0.24515086206896552 0.026400862068965525 0.03879310344827583
0 0.30136494252873564 0.33768857758620685 0.02442528735632188 0.03582974137931033
0 0.33620689655172414 0.7032596982758621 0.022629310344827624 0.03636853448275856
0 0.49775502873563215 0.5278825431034482 0.029633620689655193 0.03960129310344829
0 0.4876077586206896 0.8430765086206897 0.027298850574712652 0.06115301724137934
0 0.3693426724137931 0.9221443965517242 0.021731321839080442 0.03663793103448276
0 0.3001077586206896 0.6361799568965518 0.019396551724137956 0.028825431034482762
0 0.5580100574712643 0.23801185344827586 0.03663793103448276 0.037984913793103425
0 0.27209051724137934 0.8506196120689655 0.026221264367816077 0.04067887931034475
0 0.43211206896551724 0.4535290948275862 0.0193965517241379 0.02936422413793105
0 0.5028735632183908 0.12042025862068964 0.022629310344827624 0.03663793103448275
0 0.45339439655172414 0.41487068965517243 0.02532327586206895 0.036099137931034475
0 0.4926364942528736 0.5614224137931034 0.01975574712643674 0.03178879310344829
0 0.45833333333333337 0.4540678879310345 0.02262931034482757 0.04229525862068967
0 0.37338362068965514 0.6070851293103449 0.02873563218390801 0.0352909482758621
0 0.24524066091954022 0.8331088362068966 0.036817528735632155 0.0352909482758621
0 0.4813218390804598 0.4620150862068966 0.023706896551724144 0.04148706896551724
0 0.5272090517241379 0.8151939655172413 0.023527298850574696 0.03771551724137934
0 0.42016882183908044 0.4290140086206896 0.02496408045977011 0.041217672413793094
0 0.2515265804597701 0.4791217672413793 0.023527298850574696 0.04337284482758619
0 0.3932291666666667 0.328125 0.02891522988505746 0.03879310344827591
0 0.3406070402298851 0.3393049568965517 0.02280890804597696 0.03582974137931033
0 0.3910739942528736 0.29229525862068967 0.02496408045977011 0.032327586206896575
0 0.3078304597701149 0.8732489224137931 0.01831896551724138 0.028286637931034475
0 0.2530531609195402 0.9614762931034483 0.02298850574712641 0.038254310344827624
0 0.3345007183908046 0.45501077586206895 0.022090517241379337 0.03825431034482757
0 0.5178699712643678 0.1478987068965517 0.02532327586206895 0.03448275862068964
0 0.47431752873563215 0.5111799568965517 0.023706896551724144 0.035829741379310276
0 0.4870689655172414 0.787042025862069 0.02442528735632188 0.040140086206896575
0 0.3380926724137931 0.9725215517241379 0.020294540229885083 0.038254310344827624
0 0.24488146551724138 0.8820043103448276 0.026760057471264337 0.04956896551724144
0 0.28511135057471265 0.8054956896551724 0.026400862068965525 0.0587284482758621
0 0.5275682471264368 0.5486260775862069 0.021372126436781658 0.03744612068965514
0 0.5164331896551724 0.7734375 0.02604166666666663 0.038254310344827624
0 0.5416666666666666 0.5342133620689655 0.016882183908045967 0.034482758620689724
0 0.29454022988505746 0.7622575431034483 0.026221264367816077 0.04121767241379315
0 0.36485272988505746 0.9573006465517242 0.02855603448275862 0.03852370689655171
0 0.3307291666666667 0.41931573275862066 0.022808908045977017 0.035290948275862044
0 0.3670977011494253 0.38671875 0.029454022988505746 0.034213362068965525
0 0.4140625 0.3103448275862069 0.023168103448275912 0.03717672413793105
0 0.5026939655172413 0.818292025862069 0.027298850574712596 0.0390625
0 0.4374102011494253 0.3527747844827586 0.020294540229885027 0.03367456896551724
0 0.3602729885057471 0.7281788793103448 0.028735632183908066 0.04849137931034486
0 0.5188577586206897 0.6779364224137931 0.024784482758620663 0.03475215517241381
0 0.274066091954023 0.4649784482758621 0.02155172413793105 0.03394396551724138
0 0.31887571839080464 0.7532327586206897 0.023168103448275856 0.03178879310344829
0 0.31797772988505746 0.9713092672413793 0.029633620689655193 0.041756465517241326
0 0.28789511494252873 0.6663523706896552 0.03196839080459768 0.03852370689655171
0 0.29822198275862066 0.9905711206896552 0.02424568965517243 0.018857758620689613
0 0.26786997126436785 0.4313038793103448 0.02496408045977011 0.03663793103448276
0 0.5224497126436782 0.7152478448275863 0.030890804597701105 0.03771551724137934
0 0.517510775862069 0.2074353448275862 0.021372126436781658 0.03448275862068964
0 0.4924568965517241 0.33755387931034486 0.031249999999999944 0.027478448275862044
0 0.3999640804597701 0.4337284482758621 0.023347701149425304 0.035021551724137956
0 0.31645114942528735 0.671875 0.024784482758620663 0.039870689655172376
0 0.3355783045977011 0.6495150862068966 0.02855603448275862 0.0393318965517242
0 0.4269037356321839 0.27990301724137934 0.03591954022988508 0.03448275862068967
0 0.22108477011494254 0.5101023706896551 0.023706896551724116 0.03421336206896547
0 0.2886135057471264 0.8873922413793104 0.026939655172413757 0.047952586206896575
0 0.2521551724137931 0.35358297413793105 0.02729885057471268 0.035290948275862044
0 0.3552442528735632 0.5228987068965517 0.02262931034482757 0.03125
0 0.5028735632183907 0.6538254310344828 0.027298850574712596 0.037715517241379226
0 0.6033584770114943 0.34738685344827586 0.02388649425287359 0.03852370689655171
0 0.5566630747126436 0.29485452586206895 0.03142959770114939 0.025592672413793094
0 0.5044001436781609 0.2839439655172414 0.022090517241379337 0.03717672413793105
0 0.5674389367816093 0.3705549568965517 0.029633620689655138 0.04337284482758619
0 0.4999102011494253 0.39089439655172414 0.014906609195402265 0.0274784482758621
0 0.4859015804597701 0.3927801724137931 0.019935344827586188 0.04525862068965514
0 0.42834051724137934 0.22804418103448276 0.026939655172413757 0.015355603448275856
0 0.4454022988505747 0.2626616379310345 0.011494252873563204 0.024784482758620663
0 0.4102909482758621 0.2638739224137931 0.019576149425287348 0.01751077586206895
0 0.39242097701149425 0.27411099137931033 0.010057471264367845 0.018049568965517238
0 0.4533943965517241 0.34375 0.023168103448275856 0.03663793103448276
0 0.4494432471264368 0.3631465517241379 0.017420977011494254 0.026939655172413757
0 0.39762931034482757 0.3996497844827586 0.024066091954022983 0.03259698275862066
0 0.37697557471264365 0.41096443965517243 0.016163793103448232 0.028825431034482762
0 0.3657507183908046 0.3643588362068966 0.02891522988505746 0.01697198275862072
0 0.26535560344827586 0.3828125 0.01490660919540232 0.029633620689655138
0 0.2520653735632184 0.38900862068965514 0.013829022988505746 0.03394396551724138
0 0.24317528735632185 0.39816810344827586 0.014008620689655193 0.03556034482758619
0 0.26230244252873564 0.4096174568965517 0.02532327586206895 0.03636853448275862
0 0.3916127873563219 0.3603178879310345 0.035021551724137956 0.025053879310344862
0 0.3669181034482759 0.4334590517241379 0.016522988505747127 0.04256465517241376
0 0.3582974137931034 0.4620150862068966 0.02227011494252873 0.03663793103448276
0 0.3740122126436781 0.46672952586206895 0.026760057471264365 0.053071120689655193
0 0.3820941091954023 0.48989762931034486 0.01885775862068967 0.02990301724137928
0 0.38415948275862066 0.42578125 0.015804597701149448 0.028825431034482762
0 0.29489942528735635 0.4655172413793104 0.020114942528735635 0.02801724137931033
0 0.2605064655172414 0.49582435344827586 0.021731321839080442 0.03744612068965514
0 0.25592672413793105 0.5119881465517241 0.02765804597701152 0.018588362068965525
0 0.2564655172413793 0.5286907327586208 0.019755747126436768 0.019127155172413812
0 0.2731681034482759 0.517510775862069 0.007543103448275856 0.019935344827586188
0 0.3295617816091954 0.5243803879310345 0.02227011494252873 0.022898706896551713
0 0.3510237068965517 0.49811422413793105 0.018139367816091934 0.04633620689655166
0 0.24811422413793105 0.42268318965517243 0.015625000000000028 0.021012931034482762
0 0.22781968390804597 0.4659213362068966 0.01921695402298851 0.023976293103448232
0 0.41585847701149425 0.45891702586206895 0.01346982758620685 0.019665948275862044
0 0.43992456896551724 0.4240301724137931 0.014188218390804641 0.026939655172413812
0 0.43157327586206895 0.4696928879310345 0.03196839080459768 0.03960129310344829
0 0.4437859195402299 0.52734375 0.02083333333333337 0.0153556034482758
0 0.46246408045977017 0.505792025862069 0.03520114942528735 0.04067887931034475
0 0.4151400862068966 0.5460668103448276 0.019935344827586243 0.018857758620689613
0 0.36853448275862066 0.5406788793103448 0.013290229885057514 0.023168103448275912
0 0.35030531609195403 0.5389278017241379 0.02496408045977011 0.03259698275862066
0 0.3944863505747126 0.5334051724137931 0.017061781609195414 0.01939655172413801
0 0.4559087643678161 0.5381196120689655 0.012751436781609171 0.03960129310344829
0 0.5563936781609196 0.5250538793103448 0.024784482758620663 0.024784482758620663
0 0.500628591954023 0.5079471982758621 0.020653735632183867 0.016971982758620663
0 0.42744252873563215 0.3123653017241379 0.012931034482758619 0.03582974137931033
0 0.4405531609195402 0.31182650862068967 0.012931034482758619 0.03313577586206895
0 0.4191810344827586 0.34119073275862066 0.019037356321839116 0.025592672413793094
0 0.5505567528735633 0.5497036637931034 0.011314655172413812 0.022898706896551713
0 0.5345725574712643 0.5661368534482758 0.019935344827586188 0.03313577586206906
0 0.5375359195402298 0.6959859913793103 0.019755747126436796 0.05037715517241381
0 0.5348419540229885 0.7318157327586207 0.027298850574712707 0.02559267241379315
0 0.4635416666666667 0.697332974137931 0.023347701149425304 0.03744612068965525
0 0.4727909482758621 0.7283135775862069 0.025323275862069006 0.026131465517241437
0 0.3757183908045977 0.7218480603448276 0.014727011494252873 0.05037715517241381
0 0.3895474137931034 0.7726293103448276 0.01831896551724138 0.029633620689655138
0 0.38604525862068967 0.7840786637931034 0.021012931034482762 0.03582974137931039
0 0.2650862068965517 0.7687230603448276 0.029454022988505746 0.02559267241379304
0 0.2911278735632184 0.9217403017241379 0.016163793103448287 0.0234375
0 0.3829920977011494 0.9711745689655173 0.02209051724137928 0.03663793103448276
0 0.40032327586206895 0.97265625 0.014008620689655193 0.051454741379310276
0 0.38514727011494254 0.8844288793103448 0.016702586206896575 0.04256465517241381
0 0.31447557471264365 0.8257004310344828 0.020833333333333315 0.018857758620689724
0 0.33351293103448276 0.7475754310344828 0.016163793103448287 0.033943965517241326
0 0.47476652298850575 0.9752155172413793 0.011673850574712596 0.049568965517241326
0 0.5228987068965517 0.7630657327586207 0.025682471264367734 0.05684267241379315
0 0.4678520114942529 0.7893318965517242 0.016163793103448287 0.030711206896551713
0 0.3468031609195402 0.5872844827586207 0.029094827586206906 0.04471982758620685
0 0.3259698275862069 0.5903825431034483 0.011494252873563204 0.04067887931034475
0 0.3322557471264368 0.6122036637931034 0.013649425287356298 0.04121767241379315
0 0.2911278735632184 0.6942349137931034 0.017600574712643646 0.024784482758620663
0 0.4617456896551724 0.37109375 0.012931034482758619 0.024515086206896575
0 0.4808728448275862 0.5553609913793103 0.012392241379310331 0.03475215517241381
