0 0.3843390804597701 0.5847252155172413 0.026580459770114917 0.04498922413793094
0 0.6404454022988506 0.6380657327586208 0.02765804597701149 0.03960129310344829
0 0.5207435344827587 0.28098060344827586 0.02819683908045978 0.042025862068965525
0 0.5854885057471264 0.7377424568965517 0.02442528735632188 0.04121767241379315
0 0.6756465517241379 0.4660560344827586 0.025143678160919558 0.036099137931034475
0 0.500628591954023 0.2543103448275862 0.027837643678160884 0.04040948275862072
0 0.6211386494252873 0.7743803879310345 0.02388649425287348 0.0428340517241379
0 0.5536099137931034 0.3962823275862069 0.02676005747126431 0.057650862068965525
0 0.650323275862069 0.7334321120689655 0.03699712643678166 0.048221982758620774
0 0.6130567528735633 0.7281788793103448 0.03178879310344829 0.05010775862068961
0 0.5745330459770115 0.9698275862068966 0.025143678160919558 0.04525862068965514
0 0.45088002873563215 0.43184267241379315 0.02640086206896547 0.038793103448275856
0 0.695941091954023 0.5052532327586207 0.028376436781609282 0.05199353448275862
0 0.6010237068965517 0.6849407327586208 0.03358477011494254 0.05145474137931039
0 0.40948275862068967 0.6578663793103448 0.03412356321839083 0.05010775862068961
0 0.6429597701149425 0.8023976293103448 0.03196839080459768 0.04929956896551724
0 0.6224856321839081 0.15948275862068967 0.029454022988505746 0.042564655172413784
0 0.6226652298850575 0.4564924568965517 0.027298850574712707 0.04175646551724138
0 0.33755387931034486 0.9710398706896552 0.032866379310344807 0.05684267241379304
0 0.7241379310344827 0.4705010775862069 0.02227011494252873 0.04929956896551724
0 0.43965517241379315 0.8697467672413793 0.03160919540229884 0.051993534482758674
0 0.4404633620689655 0.4053071120689655 0.030352011494252873 0.06330818965517238
0 0.4559087643678161 0.19113685344827586 0.03178879310344829 0.0390625
0 0.5309806034482758 0.4682112068965517 0.030711206896551713 0.04040948275862066
0 0.6489762931034483 0.21982758620689657 0.02604166666666674 0.04040948275862069
0 0.4525862068965517 0.5188577586206896 0.021192528735632155 0.04418103448275862
0 0.38442887931034486 0.6813038793103448 0.031070402298850552 0.05010775862068961
0 0.3896372126436781 0.37109375 0.02783764367816094 0.061691810344827624
0 0.39718031609195403 0.7322198275862069 0.03825431034482757 0.05064655172413801
0 0.47449712643678166 0.4097521551724138 0.029094827586206906 0.05280172413793105
0 0.4220545977011494 0.9108297413793103 0.030531609195402265 0.04256465517241381
0 0.3781429597701149 0.9117726293103449 0.028915229885057514 0.049838362068965525
0 0.5753412356321839 0.32974137931034486 0.029992816091954033 0.039331896551724144
0 0.4150502873563218 0.7241379310344828 0.02765804597701149 0.04849137931034475
0 0.6382902298850575 0.09509698275862069 0.030890804597701216 0.042564655172413784
0 0.41531968390804597 0.2724946120689655 0.03466235632183906 0.04337284482758619
0 0.45348419540229884 0.5691002155172413 0.026580459770114917 0.0546875
0 0.5680675287356322 0.9303609913793103 0.0193965517241379 0.03367456896551724
0 0.7605064655172413 0.3126346982758621 0.029633620689655138 0.040678879310344807
0 0.40176005747126436 0.5475484913793103 0.03448275862068961 0.04229525862068961
0 0.3717672413793104 0.31842672413793105 0.032686781609195414 0.04741379310344829
0 0.35416666666666663 0.7820581896551724 0.03232758620689652 0.05280172413793105
0 0.4028376436781609 0.6011584051724138 0.020833333333333315 0.0546875
0 0.30603448275862066 0.9575700431034483 0.03376436781609199 0.061691810344827624
0 0.5625 0.6586745689655172 0.02011494252873569 0.0393318965517242
0 0.6101831896551724 0.8997844827586208 0.03430316091954022 0.06411637931034486
0 0.3194145114942529 0.31829202586206895 0.022808908045977017 0.03960129310344829
0 0.5113146551724138 0.14655172413793105 0.03017241379310348 0.039331896551724116
0 0.6179956896551724 0.06196120689655173 0.026939655172413812 0.04364224137931034
0 0.49245689655172414 0.29943426724137934 0.025862068965517238 0.0390625
0 0.4302262931034483 0.5708512931034483 0.02783764367816094 0.051724137931034475
0 0.3320761494252874 0.4971713362068966 0.020114942528735635 0.03367456896551718
0 0.42223419540229884 0.3515625 0.025143678160919558 0.04256465517241381
0 0.4390265804597701 0.6615032327586207 0.027837643678160884 0.0584590517241379
0 0.6250897988505748 0.85546875 0.03178879310344829 0.05253232758620685
0 0.3094468390804598 0.8980334051724138 0.04849137931034486 0.046066810344827624
0 0.46210488505747127 0.23100754310344826 0.029094827586206906 0.046605603448275856
0 0.6458333333333333 0.1713362068965517 0.025502873563218453 0.04418103448275862
0 0.3551544540229885 0.4575700431034483 0.02891522988505746 0.06600215517241381
0 0.5263110632183907 0.4084051724137931 0.02604166666666663 0.04040948275862066
0 0.5909662356321839 0.7900053879310345 0.02747844827586199 0.04121767241379315
0 0.3563218390804598 0.6235183189655172 0.02837643678160917 0.046066810344827624
0 0.6336206896551724 0.9524515086206897 0.03663793103448276 0.05792025862068961
0 0.4650682471264368 0.9397898706896552 0.022090517241379337 0.03636853448275856
0 0.4814116379310345 0.44504310344827586 0.03250718390804597 0.032327586206896575
0 0.6660380747126438 0.4337284482758621 0.028556034482758563 0.04364224137931033
0 0.37221623563218387 0.21861530172413793 0.02783764367816094 0.04229525862068967
0 0.41235632183908044 0.7781519396551724 0.026939655172413812 0.05145474137931039
0 0.3942169540229885 0.24488146551724138 0.029454022988505746 0.036099137931034475
0 0.4184626436781609 0.3879310344827586 0.02873563218390801 0.045797413793103425
0 0.3958333333333333 0.8424030172413793 0.03663793103448276 0.053879310344827624
0 0.4955998563218391 0.39816810344827586 0.023168103448275856 0.032327586206896575
0 0.6285919540229885 0.6717403017241379 0.03125 0.04552801724137934
0 0.2960668103448276 0.3025323275862069 0.031070402298850552 0.04256465517241381
0 0.3094468390804598 0.3739224137931034 0.02801724137931033 0.043103448275862044
0 0.2605064655172414 0.4757543103448276 0.030711206896551713 0.03987068965517243
0 0.5967133620689655 0.4737338362068966 0.03573994252873569 0.04822198275862072
0 0.36494252873563215 0.5206088362068966 0.02801724137931033 0.06061422413793105
0 0.4995510057471264 0.3609913793103448 0.031070402298850552 0.046875
0 0.36593031609195403 0.39426185344827586 0.02783764367816094 0.04552801724137934
0 0.5069145114942528 0.4933997844827586 0.02819683908045978 0.05522629310344829
0 0.7335668103448276 0.3991109913793104 0.023168103448275912 0.03636853448275862
0 0.3054956896551724 0.44894935344827586 0.022988505747126464 0.04552801724137934
0 0.2808010057471264 0.5049838362068966 0.029992816091953978 0.062230603448275856
0 0.44719827586206895 0.3433459051724138 0.02478448275862072 0.037446120689655193
0 0.30747126436781613 0.6755118534482758 0.022988505747126464 0.02720905172413801
0 0.3323455459770115 0.45164331896551724 0.022808908045977017 0.0546875
0 0.4330998563218391 0.7099946120689655 0.026760057471264365 0.04445043103448276
0 0.6347880747126436 0.4857219827586207 0.026400862068965525 0.04741379310344829
0 0.3312679597701149 0.6375269396551724 0.028196839080459724 0.04552801724137934
0 0.6330818965517242 0.27141702586206895 0.023706896551724088 0.0460668103448276
0 0.4296875 0.49609375 0.028556034482758674 0.0390625
0 0.3988864942528736 0.8855064655172413 0.027658045977011547 0.03394396551724144
0 0.6546336206896552 0.9035560344827587 0.03268678160919547 0.05603448275862066
0 0.3987068965517241 0.4927262931034483 0.025502873563218398 0.0431034482758621
0 0.6620869252873562 0.6352370689655172 0.021372126436781547 0.037715517241379226
0 0.44279813218390807 0.16258081896551724 0.02460488505747127 0.031519396551724144
0 0.35739942528735635 0.8811961206896552 0.03089080459770116 0.04471982758620696
0 0.5272090517241379 0.24286099137931033 0.022808908045977017 0.03960129310344826
0 0.5561242816091954 0.4504310344827586 0.02676005747126442 0.04633620689655171
0 0.584680316091954 0.3597790948275862 0.024964080459770166 0.03852370689655171
0 0.4639906609195402 0.6703933189655172 0.026400862068965525 0.053609913793103425
0 0.5440912356321839 0.3471174568965517 0.029992816091954033 0.04606681034482757
0 0.39349856321839083 0.513739224137931 0.029813218390804586 0.0393318965517242
0 0.3712284482758621 0.8366109913793103 0.02262931034482757 0.06330818965517249
0 0.5928520114942528 0.9100215517241379 0.02442528735632188 0.047952586206896575
0 0.42789152298850575 0.5222252155172413 0.03178879310344829 0.04283405172413801
0 0.3953843390804598 0.40207435344827586 0.026760057471264365 0.034213362068965525
0 0.29085847701149425 0.4268588362068966 0.02855603448275862 0.04929956896551724
0 0.34500718390804597 0.8405172413793103 0.03160919540229884 0.07004310344827591
0 0.7667025862068966 0.27101293103448276 0.032327586206896575 0.038793103448275856
0 0.41693606321839083 0.45851293103448276 0.029633620689655193 0.04633620689655171
0 0.6500538793103449 0.6974676724137931 0.027837643678160884 0.03178879310344829
0 0.48688936781609193 0.2126885775862069 0.025502873563218398 0.043372844827586216
0 0.34770114942528735 0.6787446120689655 0.04022988505747127 0.0471443965517242
0 0.34186422413793105 0.9205280172413792 0.029633620689655193 0.04849137931034486
0 0.4401939655172413 0.9446390086206897 0.020114942528735635 0.03151939655172409
0 0.4288793103448276 0.6027747844827587 0.03089080459770116 0.03475215517241381
0 0.34258261494252873 0.40651939655172414 0.023168103448275856 0.032327586206896575
0 0.6320941091954022 0.5386584051724137 0.019935344827586188 0.03475215517241381
0 0.6204202586206897 0.5084859913793103 0.02604166666666663 0.04229525862068961
0 0.31007543103448276 0.5040409482758621 0.021731321839080442 0.04040948275862066
0 0.5335847701149425 0.1839978448275862 0.018318965517241326 0.0382543103448276
0 0.44504310344827586 0.9753502155172413 0.03125 0.04929956896551724
0 0.4304956896551724 0.8192349137931034 0.03160919540229884 0.05926724137931039
0 0.38784123563218387 0.627020474137931 0.02783764367816094 0.04067887931034475
0 0.44818606321839083 0.7611799568965517 0.03466235632183906 0.06438577586206895
0 0.38676364942528735 0.7769396551724138 0.031070402298850608 0.04471982758620685
0 0.6213182471264368 0.4144665948275862 0.02388649425287359 0.03960129310344829
0 0.5447198275862069 0.49851831896551724 0.02765804597701149 0.040678879310344807
0 0.6067708333333334 0.8217941810344828 0.03250718390804597 0.0503771551724137
0 0.576239224137931 0.5123922413793103 0.026400862068965525 0.03340517241379304
0 0.45914152298850575 0.90234375 0.026400862068965525 0.04067887931034475
0 0.47207255747126436 0.36099137931034486 0.02891522988505746 0.048491379310344807
0 0.4345366379310345 0.32058189655172414 0.02496408045977011 0.03771551724137934
0 0.6961206896551724 0.4337284482758621 0.03053160919540232 0.04040948275862072
0 0.6602909482758621 0.6722790948275863 0.02676005747126442 0.03744612068965514
0 0.31851652298850575 0.41082974137931033 0.025682471264367845 0.042025862068965525
0 0.6700790229885057 0.7532327586206897 0.030172413793103425 0.03879310344827591
0 0.37365301724137934 0.7469019396551724 0.032866379310344807 0.04768318965517249
0 0.3780531609195402 0.2739762931034483 0.03089080459770116 0.0431034482758621
0 0.3077406609195402 0.654229525862069 0.022090517241379337 0.0272090517241379
0 0.6875897988505747 0.39453125 0.03717672413793105 0.04121767241379315
0 0.6052442528735632 0.529229525862069 0.028017241379310276 0.046066810344827624
0 0.6019216954022988 0.3719019396551724 0.019576149425287404 0.04014008620689652
0 0.5830639367816093 0.4358836206896552 0.02604166666666663 0.03125
0 0.5098778735632183 0.32570043103448276 0.042744252873563204 0.0431034482758621
0 0.7398527298850575 0.548895474137931 0.020653735632183867 0.03367456896551724
0 0.3629669540229885 0.962957974137931 0.031609195402298895 0.0584590517241379
0 0.5702227011494253 0.8212553879310345 0.024425287356321768 0.037984913793103425
0 0.6497844827586207 0.5192618534482758 0.026221264367816133 0.04552801724137934
0 0.3435704022988506 0.36705280172413796 0.03017241379310348 0.04929956896551724
0 0.46336206896551724 0.6186691810344828 0.03663793103448276 0.047683189655172376
0 0.4014906609195402 0.32879849137931033 0.031070402298850608 0.05522629310344829
0 0.33450071839080464 0.3275862068965517 0.026760057471264365 0.04633620689655171
0 0.4608477011494253 0.3134428879310345 0.03089080459770116 0.03852370689655171
0 0.28295617816091956 0.9727909482758621 0.02209051724137928 0.03933189655172409
0 0.563757183908046 0.537176724137931 0.028376436781609282 0.04849137931034475
0 0.3819145114942529 0.44140625 0.03250718390804597 0.04876077586206895
0 0.3444683908045977 0.23922413793103448 0.02873563218390801 0.04148706896551724
0 0.4823994252873563 0.4822198275862069 0.033045977011494254 0.04956896551724144
0 0.45851293103448276 0.2809806034482759 0.033045977011494254 0.044719827586206906
0 0.4209770114942529 0.1779364224137931 0.02981321839080464 0.049838362068965525
0 0.5788433908045978 0.3996497844827586 0.028017241379310387 0.04822198275862066
0 0.41945043103448276 0.22198275862068967 0.027837643678160884 0.04310344827586207
0 0.41747485632183906 0.9523168103448276 0.030711206896551713 0.046875
0 0.5135596264367817 0.18817349137931033 0.03250718390804602 0.043372844827586216
0 0.6716056034482759 0.5032327586206897 0.01921695402298851 0.03394396551724144
0 0.3358477011494253 0.28098060344827586 0.03053160919540232 0.04633620689655171
0 0.6550826149425287 0.47790948275862066 0.022090517241379226 0.04148706896551729
0 0.3942169540229885 0.982489224137931 0.03125 0.0350215517241379
0 0.608117816091954 0.33432112068965514 0.022629310344827624 0.040948275862069006
0 0.5842313218390804 0.8484644396551724 0.02227011494252873 0.0390625
0 0.3057650862068966 0.8366109913793103 0.04436063218390801 0.06007543103448276
0 0.4140625 0.30105064655172414 0.029992816091954033 0.027747844827586188
0 0.3088182471264368 0.6147629310344828 0.03142959770114945 0.04471982758620685
0 0.3880208333333333 0.9519127155172413 0.021731321839080442 0.03475215517241381
0 0.6004849137931034 0.2894665948275862 0.03358477011494254 0.04822198275862072
0 0.656878591954023 0.8516971982758621 0.02891522988505746 0.04822198275862066
0 0.5276580459770115 0.4353448275862069 0.03520114942528729 0.03178879310344829
0 0.6813038793103448 0.5630387931034483 0.025682471264367845 0.0549568965517242
0 0.4458512931034483 0.4683459051724138 0.0274784482758621 0.04606681034482757
0 0.31770833333333337 0.2652209051724138 0.02191091954022989 0.04014008620689652
0 0.4024784482758621 0.16648706896551724 0.01903735632183906 0.046875
0 0.48832614942528735 0.15827047413793105 0.02083333333333337 0.043372844827586216
0 0.5301724137931034 0.15342133620689655 0.013649425287356354 0.03044181034482757
0 0.3584770114942529 0.2739762931034483 0.019755747126436796 0.03987068965517243
0 0.3562320402298851 0.3192349137931034 0.01454741379310348 0.048491379310344807
0 0.3673670977011494 0.35021551724137934 0.03178879310344823 0.012392241379310331
0 0.2888829022988506 0.4063846982758621 0.03214798850574713 0.033135775862069006
0 0.25556752873563215 0.4620150862068966 0.041666666666666685 0.035021551724137956
0 0.3073814655172413 0.5910560344827587 0.02855603448275862 0.024784482758620663
0 0.2990301724137931 0.6236530172413793 0.03196839080459768 0.0431034482758621
0 0.37248563218390807 0.6448006465517241 0.03807471264367818 0.034213362068965525
0 0.4073275862068966 0.6904633620689655 0.02478448275862072 0.024784482758620774
0 0.3661099137931034 0.7117456896551724 0.020294540229885027 0.03771551724137934
0 0.47072557471264365 0.7653556034482758 0.021551724137930994 0.05657327586206906
0 0.46901939655172414 0.9772359913793103 0.01490660919540232 0.04337284482758619
0 0.42016882183908044 0.8518318965517242 0.015625 0.024784482758620663
0 0.6014727011494253 0.9415409482758621 0.03125 0.018857758620689613
0 0.5660919540229885 0.859375 0.013649425287356243 0.033943965517241326
0 0.5902478448275862 0.9920528017241379 0.03142959770114939 0.015894396551724088
0 0.6583153735632183 0.7983566810344828 0.028556034482758563 0.06330818965517238
0 0.6770833333333334 0.7334321120689655 0.030172413793103425 0.0627693965517242
0 0.5713002873563219 0.7823275862068966 0.0193965517241379 0.039870689655172376
0 0.47207255747126436 0.5475484913793103 0.01778017241379315 0.025053879310344862
0 0.4682112068965517 0.5210129310344828 0.012931034482758619 0.03340517241379315
0 0.48661997126436785 0.5086206896551724 0.021012931034482707 0.028017241379310387
0 0.49075071839080464 0.5304418103448276 0.022808908045977072 0.03394396551724144
0 0.5113146551724137 0.5208782327586207 0.024784482758620663 0.0428340517241379
0 0.5741738505747127 0.4760237068965517 0.021192528735632155 0.04256465517241381
0 0.6091056034482758 0.39924568965517243 0.027119252873563204 0.03556034482758619
0 0.7080639367816092 0.4649784482758621 0.022808908045977017 0.02262931034482757
0 0.6898347701149425 0.4717133620689655 0.01795977011494254 0.039331896551724144
0 0.5321479885057472 0.3643588362068966 0.026939655172413812 0.03636853448275862
0 0.5520833333333334 0.2842133620689655 0.030172413793103425 0.0431034482758621
0 0.5423850574712643 0.29849137931034486 0.026580459770115028 0.037176724137930994
0 0.5418462643678161 0.2572737068965517 0.014727011494252928 0.029094827586206906
0 0.5025143678160919 0.2244073275862069 0.021551724137930994 0.04094827586206898
0 0.47826867816091956 0.2532327586206896 0.02155172413793105 0.02855603448275862
0 0.43552442528735635 0.2809806034482759 0.012931034482758619 0.038793103448275856
0 0.5910560344827587 0.328125 0.024066091954023094 0.047952586206896575
0 0.7011494252873562 0.2858297413793104 0.044899425287356354 0.038793103448275856
0 0.764367816091954 0.3588362068965517 0.03663793103448276 0.054956896551724144
0 0.712823275862069 0.2545797413793104 0.029454022988505746 0.03448275862068967
0 0.5999461206896552 0.28205818965517243 0.04400143678160917 0.042025862068965525
0 0.5064655172413793 0.4024784482758621 0.013649425287356298 0.02801724137931033
0 0.5569324712643677 0.48841594827586204 0.016163793103448287 0.030711206896551713
0 0.5947377873563218 0.5327316810344828 0.01849856321839083 0.053609913793103425
0 0.763739224137931 0.4069234913793104 0.0274784482758621 0.04606681034482757
0 0.4602191091954023 0.4714439655172413 0.01885775862068967 0.062499999999999944
0 0.42322198275862066 0.4212015086206896 0.02424568965517243 0.042834051724137956
0 0.30756106321839083 0.47413793103448276 0.032866379310344807 0.038254310344827624
0 0.6403556034482758 0.5766433189655172 0.02676005747126442 0.057920258620689724
0 0.7309626436781609 0.5786637931034482 0.02765804597701149 0.03556034482758619
