0 0.4234913793103448 0.5740840517241379 0.025862068965517238 0.04364224137931039
0 0.30989583333333337 0.43938577586206895 0.03142959770114945 0.03448275862068967
0 0.5030531609195402 0.5297683189655172 0.026221264367816077 0.0352909482758621
0 0.22746048850574713 0.2974137931034483 0.023527298850574696 0.03394396551724138
0 0.6367636494252874 0.5492995689655172 0.03358477011494254 0.030172413793103425
0 0.5676185344827587 0.6636584051724137 0.019935344827586188 0.03367456896551724
0 0.5727370689655172 0.4841056034482759 0.02011494252873569 0.02855603448275862
0 0.5269396551724137 0.6088362068965517 0.026939655172413812 0.034482758620689724
0 0.31375718390804597 0.45703125 0.02765804597701149 0.030980603448275912
0 0.5623204022988506 0.5422952586206897 0.03125 0.03663793103448276
0 0.4709051724137931 0.6539601293103448 0.02227011494252873 0.03367456896551724
0 0.3563218390804598 0.6555765086206897 0.023347701149425304 0.03367456896551724
0 0.5470545977011494 0.6318696120689655 0.02011494252873558 0.029903017241379226
0 0.6341594827586207 0.8263739224137931 0.022629310344827624 0.04606681034482751
0 0.6067708333333334 0.6060075431034483 0.01921695402298851 0.0428340517241379
0 0.48608117816091956 0.625 0.023168103448275856 0.0506465517241379
0 0.5680675287356322 0.7478448275862069 0.020474137931034475 0.03178879310344829
0 0.3949353448275862 0.5387931034482758 0.02801724137931033 0.04471982758620696
0 0.6746587643678161 0.7584859913793103 0.030711206896551713 0.03475215517241381
0 0.34626436781609193 0.5030980603448276 0.02191091954022989 0.030441810344827513
0 0.29849137931034486 0.6900592672413792 0.02801724137931033 0.05899784482758619
0 0.43345905172413796 0.4810075431034483 0.021012931034482762 0.05414870689655166
0 0.6744791666666666 0.8541217672413793 0.026400862068965525 0.03690732758620685
0 0.2435344827586207 0.4074622844827586 0.023706896551724144 0.032058189655172376
0 0.3994252873563219 0.23410560344827586 0.024425287356321823 0.03933189655172417
0 0.6204202586206897 0.7351831896551724 0.022090517241379337 0.03825431034482751
0 0.2905890804597701 0.30307112068965514 0.02227011494252873 0.03448275862068967
0 0.5382543103448276 0.6997575431034482 0.02227011494252873 0.03475215517241381
0 0.4770114942528736 0.5075431034482759 0.02801724137931033 0.040948275862069006
0 0.24443247126436782 0.2768049568965517 0.02191091954022989 0.03259698275862066
0 0.42932830459770116 0.5241109913793103 0.019935344827586188 0.03529094827586199
0 0.5301724137931034 0.5882273706896551 0.03448275862068961 0.03313577586206895
0 0.5945581896551724 0.7642780172413793 0.02244971264367812 0.03125
0 0.5524425287356322 0.6705280172413792 0.02155172413793105 0.03286637931034486
0 0.6452047413793103 0.615167025862069 0.025682471264367845 0.034213362068965525
0 0.3670977011494253 0.5203394396551724 0.029454022988505746 0.037984913793103425
0 0.5876436781609196 0.5078125 0.02083333333333326 0.030711206896551768
0 0.6373024425287357 0.7195581896551724 0.020653735632183978 0.032327586206896575
0 0.584051724137931 0.6846713362068966 0.019755747126436796 0.03259698275862066
0 0.5028735632183908 0.8212553879310345 0.02334770114942525 0.0471443965517242
0 0.22485632183908044 0.25525323275862066 0.02478448275862069 0.036907327586206906
0 0.6561602011494253 0.7319504310344828 0.021372126436781658 0.030711206896551824
0 0.5013469827586208 0.6313308189655172 0.02676005747126442 0.04067887931034475
0 0.26706178160919536 0.39453125 0.02191091954022989 0.03259698275862066
0 0.3723060344827586 0.7015086206896552 0.02155172413793105 0.030711206896551713
0 0.2808010057471264 0.5191271551724138 0.025323275862069006 0.032327586206896575
0 0.5630387931034483 0.7758620689655172 0.021192528735632266 0.036099137931034475
0 0.23186063218390804 0.18763469827586207 0.025862068965517238 0.04175646551724138
0 0.4445043103448276 0.5919989224137931 0.026221264367816077 0.06384698275862066
0 0.646551724137931 0.6610991379310345 0.022629310344827624 0.0355603448275863
0 0.38137571839080464 0.49757543103448276 0.029274425287356298 0.03771551724137928
0 0.23599137931034483 0.37715517241379315 0.02801724137931033 0.033405172413793094
0 0.4744073275862069 0.46672952586206895 0.025682471264367845 0.036907327586206906
0 0.6602011494252873 0.8285290948275863 0.025502873563218453 0.03852370689655171
0 0.3537176724137931 0.6866918103448276 0.017420977011494254 0.030172413793103425
0 0.2927442528735632 0.6419719827586208 0.019396551724137956 0.03771551724137934
0 0.2008800287356322 0.29876077586206895 0.023886494252873564 0.03448275862068967
0 0.3311781609195402 0.4814116379310345 0.03663793103448276 0.042025862068965525
0 0.4698275862068966 0.544854525862069 0.024066091954022983 0.035829741379310276
0 0.6512212643678161 0.5778556034482758 0.024066091954022983 0.03178879310344829
0 0.6082076149425287 0.7890625 0.022090517241379226 0.0350215517241379
0 0.27900502873563215 0.6039870689655172 0.029633620689655193 0.043642241379310276
0 0.32650862068965514 0.5642510775862069 0.023706896551724144 0.030980603448275912
0 0.3521012931034483 0.5808189655172413 0.02532327586206895 0.05118534482758619
0 0.3019935344827586 0.2703394396551724 0.021731321839080442 0.02990301724137928
0 0.3941271551724138 0.29620150862068967 0.01921695402298851 0.02936422413793105
0 0.6205998563218391 0.5893049568965517 0.020653735632183978 0.034213362068965525
0 0.555944683908046 0.5123922413793103 0.02532327586206895 0.029633620689655138
0 0.33019037356321834 0.5950969827586208 0.019576149425287348 0.026939655172413812
0 0.2698455459770115 0.35762392241379315 0.023527298850574696 0.03582974137931033
0 0.5239762931034483 0.5109105603448276 0.02388649425287359 0.03421336206896558
0 0.297503591954023 0.7494612068965517 0.029633620689655138 0.0506465517241379
0 0.5413074712643678 0.49016702586206895 0.02155172413793105 0.032058189655172376
0 0.2948096264367816 0.40544181034482757 0.034662356321839116 0.04094827586206895
0 0.3171695402298851 0.29067887931034486 0.021551724137930994 0.029633620689655193
0 0.5303520114942528 0.5456627155172413 0.023706896551724088 0.0390625
0 0.6272449712643678 0.7959321120689655 0.02388649425287359 0.037984913793103425
0 0.3296515804597701 0.68359375 0.029274425287356354 0.055226293103448176
0 0.48518318965517243 0.7184806034482758 0.019935344827586188 0.03178879310344829
0 0.23760775862068967 0.4742726293103448 0.020833333333333343 0.034213362068965525
0 0.5118534482758621 0.7342403017241379 0.02011494252873558 0.034213362068965525
0 0.6563397988505748 0.7922952586206896 0.023527298850574696 0.030172413793103425
0 0.3865840517241379 0.45851293103448276 0.026041666666666685 0.038793103448275856
0 0.6582255747126438 0.6969288793103448 0.018318965517241437 0.03340517241379304
0 0.5054777298850575 0.5639816810344828 0.021012931034482818 0.034213362068965525
0 0.4718031609195402 0.8743265086206896 0.024425287356321823 0.043911637931034475
0 0.4951508620689655 0.7544450431034483 0.022270114942528674 0.0315193965517242
0 0.5935704022988506 0.4764278017241379 0.02011494252873558 0.03044181034482757
0 0.5510057471264368 0.5929418103448276 0.02083333333333326 0.04903017241379304
0 0.6070402298850575 0.6943696120689655 0.021192528735632266 0.03313577586206895
0 0.5176005747126438 0.6551724137931034 0.031609195402298895 0.0544181034482758
0 0.5870150862068966 0.7986260775862069 0.019935344827586188 0.03690732758620696
0 0.3076508620689655 0.5860721982758621 0.026580459770114917 0.03960129310344829
0 0.3758979885057471 0.66796875 0.021192528735632155 0.03690732758620685
0 0.33261494252873564 0.5379849137931034 0.025502873563218342 0.036099137931034475
0 0.5748024425287357 0.6087015086206897 0.02676005747126442 0.04175646551724144
0 0.4884159482758621 0.7922952586206897 0.023168103448275856 0.04148706896551724
0 0.36072198275862066 0.5490301724137931 0.025323275862069006 0.04040948275862066
0 0.3260596264367816 0.7439385775862069 0.027837643678160884 0.05630387931034486
0 0.26849856321839083 0.5608836206896552 0.02334770114942525 0.04148706896551724
0 0.6011135057471264 0.5199353448275862 0.020474137931034475 0.02909482758620685
0 0.45079022988505746 0.4765625 0.026221264367816077 0.054418103448275856
0 0.26167385057471265 0.29835668103448276 0.02155172413793105 0.03259698275862066
0 0.609375 0.548760775862069 0.02155172413793105 0.033943965517241326
0 0.28403376436781613 0.4814116379310345 0.02496408045977011 0.039870689655172376
0 0.3896372126436782 0.5703125 0.022808908045977017 0.03286637931034475
0 0.358746408045977 0.2803071120689655 0.023527298850574696 0.0352909482758621
0 0.6707076149425287 0.7889278017241379 0.016702586206896575 0.03313577586206895
0 0.4092133620689655 0.5290948275862069 0.019576149425287348 0.03502155172413801
0 0.47117456896551724 0.8285290948275862 0.02388649425287359 0.034213362068965525
0 0.6131465517241379 0.7535021551724138 0.022629310344827624 0.03340517241379315
0 0.34096623563218387 0.44329202586206895 0.02496408045977011 0.035290948275862044
0 0.2939116379310345 0.5484913793103448 0.025682471264367845 0.05334051724137934
0 0.610003591954023 0.6567887931034483 0.0199353448275863 0.03286637931034475
0 0.4108297413793104 0.4381734913793104 0.02855603448275862 0.04229525862068967
0 0.4494432471264368 0.525323275862069 0.027119252873563204 0.04471982758620685
0 0.40454382183908044 0.48302801724137934 0.02891522988505746 0.04956896551724138
0 0.6390984195402298 0.7493265086206896 0.021012931034482762 0.028286637931034475
0 0.665948275862069 0.6716056034482758 0.0193965517241379 0.028017241379310387
0 0.6029992816091954 0.6485721982758621 0.019576149425287404 0.03259698275862066
0 0.2798132183908046 0.17120150862068967 0.025143678160919558 0.04283405172413793
0 0.3406968390804598 0.3107489224137931 0.02155172413793105 0.0352909482758621
0 0.6331716954022988 0.6755118534482758 0.021372126436781547 0.03151939655172409
0 0.5575610632183908 0.45730064655172414 0.020294540229885083 0.026670258620689613
0 0.5048491379310345 0.4911099137931034 0.022270114942528785 0.039331896551724144
0 0.5686063218390804 0.7106681034482758 0.021910919540229834 0.03340517241379304
0 0.5199353448275862 0.7699353448275862 0.026580459770114917 0.0393318965517242
0 0.2582614942528736 0.4387122844827586 0.022270114942528757 0.04337284482758619
0 0.5292744252873564 0.4582435344827586 0.02155172413793105 0.03448275862068961
0 0.6285021551724138 0.6382004310344828 0.021731321839080442 0.031788793103448176
0 0.264996408045977 0.4929956896551724 0.01921695402298851 0.03609913793103442
0 0.27747844827586204 0.6710668103448276 0.024066091954022983 0.03987068965517249
0 0.6507722701149425 0.8721713362068966 0.020653735632183867 0.05145474137931039
0 0.22638290229885058 0.22427262931034483 0.03250718390804597 0.031519396551724144
0 0.4891343390804598 0.6842672413793104 0.02352729885057464 0.04094827586206895
0 0.3133081896551724 0.5102370689655172 0.021372126436781602 0.03663793103448282
0 0.31510416666666663 0.6437230603448276 0.027478448275862044 0.04229525862068961
0 0.40885416666666663 0.27141702586206895 0.02855603448275862 0.03582974137931033
0 0.5495689655172413 0.7318157327586207 0.02155172413793094 0.04498922413793105
0 0.20545977011494254 0.21592133620689655 0.027298850574712624 0.028825431034482762
0 0.49084051724137934 0.47494612068965514 0.013290229885057514 0.02855603448275862
0 0.4603987068965517 0.5841864224137931 0.014547413793103425 0.05037715517241381
0 0.47772988505747127 0.7412446120689655 0.014367816091954033 0.041756465517241326
0 0.5395114942528736 0.7448814655172413 0.011494252873563204 0.028017241379310387
0 0.4089439655172414 0.560614224137931 0.015445402298850608 0.026939655172413812
0 0.5319683908045977 0.5708512931034482 0.024066091954022983 0.016163793103448287
0 0.6142241379310345 0.4989224137931034 0.016522988505747183 0.02909482758620685
0 0.1994432471264368 0.2421875 0.021012931034482735 0.01778017241379312
0 0.599676724137931 0.7297952586206897 0.018318965517241326 0.03987068965517249
0 0.5290948275862069 0.7196928879310345 0.02083333333333337 0.03744612068965525
0 0.5626795977011494 0.6245959051724138 0.00969827586206895 0.02128232758620685
0 0.47781968390804597 0.6057381465517242 0.02532327586206895 0.05522629310344829
0 0.5830639367816092 0.7372036637931034 0.009877873563218342 0.0309806034482758
0 0.6200610632183907 0.5243803879310345 0.01490660919540232 0.030441810344827624
0 0.4983836206896552 0.7020474137931034 0.00897988505747127 0.03178879310344829
0 0.2052801724137931 0.2640086206896552 0.02873563218390804 0.025862068965517238
0 0.5809985632183907 0.7633351293103448 0.010057471264367845 0.030980603448275912
0 0.31429597701149425 0.2544450431034483 0.02011494252873558 0.03367456896551724
0 0.5661817528735632 0.5063308189655172 0.022449712643678232 0.02559267241379315
0 0.5826149425287357 0.5455280172413792 0.018318965517241437 0.04040948275862066
0 0.5104166666666667 0.6985452586206896 0.01652298850574707 0.032327586206896575
0 0.5415768678160919 0.7658943965517241 0.0231681034482758 0.036099137931034475
0 0.5968031609195402 0.5701778017241379 0.016522988505747183 0.04229525862068961
0 0.5344827586206897 0.6565193965517241 0.01652298850574707 0.051724137931034475
0 0.38101652298850575 0.2956627155172414 0.01778017241379315 0.04876077586206895
0 0.32147988505747127 0.34913793103448276 0.014367816091954033 0.030711206896551713
0 0.626257183908046 0.6994881465517242 0.016522988505747183 0.02936422413793094
0 0.5884518678160919 0.583917025862069 0.016702586206896575 0.036368534482758674
0 0.5808189655172413 0.6384698275862069 0.021910919540229945 0.015625
0 0.5760596264367817 0.6430495689655172 0.019935344827586188 0.028556034482758674
0 0.29885057471264365 0.46726831896551724 0.018678160919540276 0.030441810344827624
0 0.6341594827586208 0.5810883620689655 0.023347701149425304 0.03286637931034475
0 0.3003771551724138 0.4904364224137931 0.014906609195402265 0.02559267241379304
0 0.5463362068965517 0.46268857758620685 0.012931034482758674 0.02667025862068967
0 0.5741738505747127 0.5773168103448276 0.016163793103448287 0.03178879310344829
0 0.3661997126436782 0.5950969827586207 0.01867816091954022 0.024245689655172376
0 0.6771731321839081 0.7103987068965517 0.02532327586206895 0.0350215517241379
0 0.6787895114942528 0.7396282327586208 0.022808908045976906 0.03475215517241381
0 0.37051005747126436 0.5569773706896552 0.02083333333333337 0.04175646551724144
0 0.6051544540229885 0.8302801724137931 0.022449712643678232 0.04310344827586199
0 0.3891882183908046 0.6015625 0.026580459770114917 0.0350215517241379
0 0.49398347701149425 0.900457974137931 0.022808908045977017 0.0509159482758621
0 0.4103807471264368 0.5868803879310345 0.016522988505747127 0.03313577586206895
0 0.4248383620689655 0.6042564655172413 0.01490660919540232 0.024245689655172487
0 0.3358477011494253 0.6072198275862069 0.02191091954022989 0.016163793103448287
0 0.3667385057471264 0.6174568965517242 0.01903735632183906 0.02532327586206906
0 0.34635416666666663 0.6209590517241379 0.019935344827586243 0.023706896551724088
0 0.31043462643678166 0.6122036637931034 0.030352011494252873 0.02128232758620685
0 0.2801724137931034 0.6391433189655172 0.013649425287356298 0.02182112068965525
0 0.3468929597701149 0.6423760775862069 0.019935344827586243 0.022898706896551713
0 0.3292025862068966 0.6345635775862069 0.016163793103448232 0.04876077586206895
0 0.2961566091954023 0.7800377155172413 0.02334770114942525 0.019127155172413812
0 0.34662356321839083 0.7192887931034483 0.016163793103448232 0.0387931034482758
0 0.3586566091954023 0.7015086206896552 0.012931034482758619 0.02909482758620696
0 0.3855064655172414 0.7217133620689655 0.02244971264367812 0.0350215517241379
0 0.37275502873563215 0.7610452586206897 0.020294540229885027 0.03340517241379304
0 0.3771551724137931 0.7931034482758621 0.010057471264367845 0.030711206896551713
0 0.3688038793103448 0.7306034482758621 0.01921695402298851 0.0274784482758621
