0 0.4099317528735632 0.8508890086206897 0.02532327586206895 0.03475215517241381
0 0.4142420977011494 0.7428609913793103 0.025323275862069006 0.03582974137931039
0 0.4878771551724138 0.05334051724137931 0.02424568965517243 0.03663793103448276
0 0.6153915229885057 0.7535021551724137 0.02963362068965525 0.04040948275862066
0 0.3088182471264368 0.16042564655172414 0.029992816091954033 0.034752155172413784
0 0.7483836206896552 0.576239224137931 0.031609195402298895 0.0549568965517242
0 0.7014188218390804 0.4080010775862069 0.02819683908045978 0.037984913793103425
0 0.6504130747126438 0.5701778017241379 0.028556034482758563 0.03313577586206895
0 0.4415409482758621 0.771417025862069 0.019935344827586243 0.036368534482758674
0 0.587823275862069 0.2466325431034483 0.024784482758620663 0.043372844827586216
0 0.5669899425287357 0.5444504310344828 0.025862068965517238 0.034482758620689724
0 0.6942349137931034 0.4457165948275862 0.021372126436781658 0.02667025862068967
0 0.5423850574712644 0.02087823275862069 0.024066091954022983 0.03529094827586207
0 0.5386135057471264 0.7724946120689655 0.02298850574712641 0.04067887931034475
0 0.6611889367816092 0.5047144396551724 0.02891522988505746 0.04014008620689652
0 0.36018318965517243 0.4139278017241379 0.02460488505747127 0.037446120689655193
0 0.40463362068965514 0.7758620689655172 0.029094827586206906 0.0355603448275863
0 0.31366738505747127 0.5853987068965518 0.01921695402298851 0.030711206896551713
0 0.40364583333333337 0.6223060344827587 0.026041666666666685 0.03394396551724144
0 0.5267600574712643 0.06074892241379311 0.022629310344827513 0.03798491379310345
0 0.3323455459770115 0.7916217672413793 0.021731321839080442 0.032058189655172376
0 0.4402837643678161 0.3760775862068966 0.030711206896551713 0.05226293103448276
0 0.5837823275862069 0.46228448275862066 0.021012931034482762 0.02855603448275862
0 0.3201329022988506 0.6198814655172413 0.025323275862069006 0.03825431034482751
0 0.3285739942528736 0.43884698275862066 0.023886494252873536 0.033405172413793094
0 0.4395653735632184 0.8793103448275863 0.021731321839080442 0.03556034482758619
0 0.29157686781609193 0.595770474137931 0.02819683908045978 0.035829741379310276
0 0.7098599137931034 0.4991918103448276 0.030352011494252817 0.04364224137931033
0 0.38155531609195403 0.6641971982758621 0.01921695402298851 0.029903017241379337
0 0.3944863505747126 0.7253502155172413 0.023168103448275856 0.034213362068965414
0 0.42447916666666663 0.4314385775862069 0.032866379310344807 0.0509159482758621
0 0.31016522988505746 0.5032327586206897 0.02262931034482757 0.04148706896551724
0 0.38478807471264365 0.4213362068965517 0.02496408045977011 0.03663793103448276
0 0.6651400862068966 0.4605334051724138 0.029633620689655138 0.042834051724137956
0 0.29400143678160917 0.6922144396551724 0.021551724137930994 0.04067887931034486
0 0.40912356321839083 0.8829471982758621 0.025143678160919503 0.03151939655172409
0 0.6567887931034483 0.6290409482758621 0.02981321839080464 0.04256465517241381
0 0.5647449712643677 0.5831088362068966 0.025682471264367845 0.040140086206896575
0 0.7219827586206897 0.40167025862068967 0.022629310344827513 0.03556034482758619
0 0.43669181034482757 0.06546336206896552 0.02532327586206895 0.03178879310344827
0 0.5699533045977011 0.7392241379310345 0.03358477011494254 0.0431034482758621
0 0.7113864942528736 0.3464439655172414 0.03053160919540232 0.0431034482758621
0 0.45896192528735635 0.30994073275862066 0.029274425287356298 0.04606681034482757
0 0.615930316091954 0.4855872844827586 0.02963362068965525 0.05037715517241381
0 0.35335847701149425 0.8941271551724138 0.02532327586206895 0.033943965517241326
0 0.3666487068965517 0.8589709051724138 0.01885775862068967 0.026670258620689724
0 0.37724497126436785 0.7914870689655172 0.023886494252873536 0.03125
0 0.5563936781609196 0.4447737068965517 0.03268678160919536 0.05334051724137934
0 0.37266522988505746 0.5905172413793103 0.025862068965517238 0.04525862068965514
0 0.43184267241379315 0.8615301724137931 0.022449712643678177 0.042025862068965525
0 0.689385775862069 0.5945581896551724 0.02676005747126431 0.03879310344827591
0 0.297503591954023 0.4812769396551724 0.02388649425287359 0.03636853448275862
0 0.38981681034482757 0.10250538793103448 0.02460488505747127 0.04067887931034482
0 0.4261853448275862 0.4944773706896552 0.025143678160919503 0.03475215517241381
0 0.5352909482758621 0.4132543103448276 0.03430316091954022 0.04956896551724138
0 0.6901041666666667 0.4709051724137931 0.023527298850574696 0.032327586206896575
0 0.5633081896551724 0.5113146551724138 0.02676005747126442 0.04256465517241376
0 0.37473060344827586 0.94921875 0.02532327586206895 0.0503771551724137
0 0.5332255747126436 0.45891702586206895 0.01795977011494254 0.040678879310344807
0 0.3364762931034483 0.8345905172413793 0.02855603448275862 0.03717672413793105
0 0.5853987068965517 0.767645474137931 0.031070402298850608 0.05522629310344829
0 0.3706896551724138 0.8257004310344828 0.026221264367816077 0.034482758620689724
0 0.311871408045977 0.6624461206896551 0.0274784482758621 0.047952586206896575
0 0.42843031609195403 0.6259428879310345 0.02532327586206895 0.043911637931034475
0 0.5491199712643678 0.038389008620689655 0.029992816091954033 0.033135775862068964
0 0.5977909482758621 0.5773168103448276 0.029274425287356354 0.047952586206896575
0 0.5344827586206897 0.5992726293103448 0.02011494252873558 0.04552801724137934
0 0.6988146551724138 0.6508620689655172 0.026580459770114917 0.039870689655172376
0 0.2957974137931034 0.42429956896551724 0.02765804597701149 0.0350215517241379
0 0.7345545977011494 0.5249191810344828 0.03412356321839083 0.042295258620689724
0 0.555316091954023 0.3631465517241379 0.03125 0.04256465517241376
0 0.6636135057471264 0.3562769396551724 0.03053160919540232 0.04229525862068967
0 0.6175466954022988 0.634832974137931 0.03178879310344829 0.04552801724137934
0 0.3709590517241379 0.9067887931034483 0.02352729885057475 0.034482758620689724
0 0.3983477011494253 0.6499191810344828 0.024066091954022983 0.026670258620689724
0 0.7114762931034483 0.5620959051724137 0.029992816091954033 0.04929956896551724
0 0.6157507183908046 0.5366379310344828 0.02676005747126442 0.044181034482758674
0 0.5587284482758621 0.794989224137931 0.024784482758620663 0.050107758620689724
0 0.7572737068965517 0.6193426724137931 0.02388649425287359 0.029633620689655138
0 0.4525862068965517 0.4308997844827586 0.02765804597701149 0.04876077586206895
0 0.3820043103448276 0.8480603448275862 0.022988505747126464 0.034482758620689724
0 0.4522270114942529 0.5390625 0.021192528735632155 0.0355603448275863
0 0.5178699712643678 0.48195043103448276 0.020653735632183867 0.038793103448275856
0 0.34132543103448276 0.5994073275862069 0.02819683908045978 0.04364224137931039
0 0.6209590517241379 0.568292025862069 0.021731321839080442 0.029903017241379337
0 0.3681752873563219 0.7163254310344828 0.029094827586206906 0.037715517241379226
0 0.7178520114942528 0.6051993534482758 0.02837643678160917 0.04552801724137934
0 0.31393678160919536 0.701104525862069 0.027298850574712652 0.03475215517241381
0 0.3969109195402299 0.4457165948275862 0.023347701149425304 0.031519396551724144
0 0.5620510057471264 0.6887122844827587 0.031070402298850608 0.04121767241379304
0 0.5135596264367817 0.3415948275862069 0.02783764367816094 0.045797413793103425
0 0.39035560344827586 0.18628771551724138 0.02532327586206895 0.037446120689655193
0 0.4281609195402299 0.8033405172413793 0.023347701149425304 0.0431034482758621
0 0.5969827586206897 0.6722790948275862 0.02442528735632188 0.0352909482758621
0 0.5819863505747127 0.16783405172413793 0.025682471264367845 0.03448275862068967
0 0.6384698275862069 0.603582974137931 0.025502873563218453 0.041756465517241326
0 0.5607040229885057 0.2299299568965517 0.024784482758620774 0.043911637931034475
0 0.5885416666666666 0.37755926724137934 0.03484195402298851 0.04552801724137928
0 0.5227191091954022 0.38806573275862066 0.022090517241379337 0.029364224137930994
0 0.3005567528735632 0.5595366379310345 0.02424568965517243 0.03340517241379315
0 0.47252155172413796 0.4331896551724138 0.03125 0.05010775862068967
0 0.3464439655172414 0.5220905172413793 0.023706896551724088 0.036099137931034475
0 0.7140804597701149 0.4579741379310345 0.02765804597701149 0.03556034482758619
0 0.38038793103448276 0.8798491379310345 0.019755747126436796 0.028556034482758674
0 0.4112787356321839 0.6989493534482758 0.033764367816091934 0.03582974137931039
0 0.4375 0.720635775862069 0.024784482758620663 0.0393318965517242
0 0.40957255747126436 0.5847252155172413 0.02532327586206895 0.037984913793103536
0 0.537805316091954 0.3444234913793104 0.02819683908045978 0.042834051724137956
0 0.3188757183908046 0.7692618534482758 0.025682471264367845 0.03529094827586199
0 0.375628591954023 0.5418911637931034 0.027119252873563204 0.04067887931034486
0 0.34123563218390807 0.64453125 0.02765804597701149 0.04498922413793105
0 0.5923132183908046 0.6255387931034483 0.026939655172413812 0.050107758620689724
0 0.4360632183908046 0.34590517241379315 0.03484195402298851 0.03987068965517243
0 0.7076149425287357 0.6918103448275862 0.02837643678160917 0.045797413793103425
0 0.28125 0.5247844827586208 0.033764367816091934 0.03286637931034486
0 0.3871228448275862 0.689520474137931 0.021372126436781602 0.034213362068965525
0 0.4999102011494253 0.4480064655172414 0.03214798850574718 0.061422413793103425
0 0.45932112068965514 0.3865840517241379 0.02855603448275862 0.038793103448275856
0 0.35389727011494254 0.10587284482758622 0.02388649425287359 0.03663793103448275
0 0.6454741379310345 0.5378502155172413 0.028376436781609282 0.05145474137931039
0 0.5517241379310345 0.6138200431034483 0.028735632183908066 0.040140086206896575
0 0.7341056034482758 0.6480334051724138 0.029274425287356354 0.043911637931034475
0 0.3323455459770115 0.9379040948275863 0.03142959770114939 0.03475215517241381
0 0.4249281609195402 0.9057112068965517 0.023706896551724144 0.03717672413793105
0 0.3983477011494253 0.8220635775862069 0.02478448275862072 0.03205818965517249
0 0.39673132183908044 0.5538793103448276 0.01795977011494254 0.03286637931034486
0 0.3734734195402299 0.7571390086206897 0.02891522988505746 0.04337284482758619
0 0.554058908045977 0.18763469827586207 0.029454022988505746 0.03960129310344829
0 0.4678520114942529 0.47400323275862066 0.026939655172413812 0.03582974137931033
0 0.6203304597701149 0.3849676724137931 0.02909482758620685 0.0431034482758621
0 0.3411458333333333 0.3406519396551724 0.021731321839080442 0.030980603448275856
0 0.34132543103448276 0.48248922413793105 0.02496408045977011 0.03771551724137928
0 0.6104525862068966 0.6922144396551724 0.0193965517241379 0.034213362068965525
0 0.6879489942528736 0.5440463362068966 0.03035201149425293 0.057381465517241326
0 0.6443965517241379 0.3209859913793104 0.03268678160919536 0.04175646551724138
0 0.5360093390804598 0.5452586206896551 0.025682471264367734 0.039870689655172376
0 0.7293462643678161 0.42995689655172414 0.02837643678160917 0.03771551724137934
0 0.6064116379310345 0.3459051724137931 0.027837643678160884 0.04040948275862066
0 0.5833333333333333 0.3380926724137931 0.025502873563218453 0.03717672413793105
0 0.32309626436781613 0.7319504310344828 0.026221264367816077 0.03717672413793105
0 0.5824353448275862 0.42335668103448276 0.02981321839080464 0.04337284482758619
0 0.3513829022988506 0.7738415948275863 0.023168103448275856 0.027747844827586188
0 0.5437320402298851 0.8304148706896552 0.024964080459770166 0.03960129310344829
0 0.6370330459770115 0.7878502155172413 0.033764367816091934 0.04929956896551724
0 0.7395833333333334 0.48019935344827586 0.03125 0.04822198275862066
0 0.5848599137931034 0.19814116379310345 0.025682471264367845 0.03044181034482757
0 0.4224137931034483 0.6566540948275863 0.026221264367816077 0.03367456896551724
0 0.5441810344827587 0.3050915948275862 0.029454022988505746 0.0390625
0 0.5924030172413793 0.5206088362068966 0.031070402298850608 0.05414870689655171
0 0.641882183908046 0.3985721982758621 0.024425287356321768 0.03475215517241376
0 0.36889367816091956 0.4913793103448276 0.029454022988505746 0.035021551724137956
0 0.4442349137931034 0.8313577586206896 0.020653735632183923 0.032327586206896575
0 0.33378232758620685 0.13752693965517243 0.02855603448275862 0.03582974137931036
0 0.3322557471264368 0.4027478448275862 0.03053160919540232 0.035021551724137956
0 0.3681752873563219 0.33418642241379315 0.024425287356321823 0.036907327586206906
0 0.3208512931034483 0.4679418103448276 0.022808908045977017 0.03232758620689652
0 0.5615122126436782 0.6499191810344828 0.03035201149425293 0.036368534482758674
0 0.6671156609195402 0.42052801724137934 0.03645833333333326 0.03771551724137928
0 0.35317887931034486 0.8022629310344828 0.025323275862069006 0.03286637931034475
0 0.5818067528735632 0.6981411637931034 0.02891522988505746 0.03690732758620685
0 0.6279633620689655 0.6592133620689655 0.028556034482758674 0.03340517241379315
0 0.39349856321839083 0.9298221982758621 0.02478448275862072 0.04876077586206895
0 0.4814116379310345 0.0945581896551724 0.023168103448275856 0.03825431034482758
0 0.7339260057471264 0.6813038793103448 0.023527298850574696 0.026939655172413812
0 0.681573275862069 0.49784482758620685 0.02227011494252873 0.03448275862068967
0 0.685614224137931 0.6194773706896551 0.02604166666666674 0.02936422413793105
0 0.6215876436781609 0.18709590517241378 0.022629310344827624 0.03636853448275862
0 0.6927981321839081 0.37648168103448276 0.02532327586206895 0.030980603448275856
0 0.6364044540229885 0.4457165948275862 0.03645833333333326 0.047144396551724144
0 0.779992816091954 0.5941540948275863 0.032327586206896575 0.06007543103448276
0 0.42358117816091956 0.5383890086206897 0.023886494252873536 0.04121767241379304
0 0.4410021551724138 0.09698275862068965 0.020653735632183923 0.03394396551724138
0 0.6777119252873562 0.650323275862069 0.021372126436781547 0.0393318965517242
0 0.3543462643678161 0.9680765086206896 0.026580459770114917 0.0546875
0 0.3444683908045977 0.22332974137931033 0.022988505747126464 0.032866379310344834
0 0.5319683908045977 0.8759428879310345 0.02155172413793105 0.05307112068965525
0 0.47054597701149425 0.012392241379310345 0.023347701149425304 0.02478448275862069
0 0.3591954022988506 0.5588631465517242 0.015086206896551768 0.055765086206896464
0 0.5542385057471264 0.7156519396551724 0.026221264367816133 0.04876077586206895
0 0.37266522988505746 0.015220905172413793 0.041307471264367845 0.02882543103448276
0 0.39260057471264365 0.5782596982758621 0.01903735632183906 0.022898706896551713
0 0.6644216954022989 0.5936153017241379 0.015625 0.029903017241379337
0 0.3848778735632184 0.04916487068965518 0.039870689655172376 0.036368534482758626
0 0.4414511494252874 0.5890355603448276 0.027298850574712652 0.03151939655172409
0 0.6398168103448276 0.4797952586206896 0.020653735632183978 0.019396551724137956
0 0.4258261494252874 0.16904633620689655 0.025502873563218398 0.034213362068965525
0 0.5527119252873562 0.48262392241379315 0.03286637931034486 0.02667025862068967
0 0.3902658045977011 0.6147629310344828 0.01903735632183906 0.047413793103448176
0 0.6039870689655172 0.1830549568965517 0.016522988505747183 0.03636853448275862
0 0.3796695402298851 0.6318696120689655 0.020114942528735635 0.0315193965517242
0 0.537805316091954 0.4933997844827586 0.020294540229885083 0.030980603448275912
0 0.35344827586206895 0.6119342672413792 0.013290229885057459 0.04714439655172409
0 0.4828484195402299 0.4878771551724138 0.017420977011494254 0.02801724137931033
0 0.6389188218390804 0.1896551724137931 0.022449712643678232 0.03717672413793102
0 0.5960847701149425 0.4348060344827586 0.014367816091954033 0.03556034482758619
0 0.5824353448275862 0.2823275862068966 0.02298850574712641 0.037176724137930994
0 0.36081178160919536 0.6408943965517242 0.014727011494252873 0.03502155172413801
0 0.3635057471264368 0.66015625 0.014367816091954033 0.032058189655172376
0 0.548760775862069 0.25242456896551724 0.022449712643678232 0.0350215517241379
0 0.6056034482758621 0.4474676724137931 0.015086206896551713 0.032327586206896575
0 0.6700790229885057 0.5518588362068966 0.01041666666666674 0.03960129310344829
0 0.611260775862069 0.2130926724137931 0.02388649425287359 0.02478448275862069
0 0.33917025862068967 0.6827855603448276 0.021012931034482762 0.0428340517241379
0 0.6760955459770115 0.5855334051724138 0.013829022988505746 0.0315193965517242
0 0.3250718390804598 0.3642241379310345 0.03196839080459768 0.03556034482758619
0 0.3556034482758621 0.6959859913793103 0.03089080459770116 0.03367456896551724
0 0.33917025862068967 0.7099946120689655 0.01921695402298851 0.022898706896551713
0 0.3475215517241379 0.4407327586206896 0.018678160919540276 0.05010775862068967
0 0.797503591954023 0.5874191810344828 0.02388649425287359 0.049838362068965525
0 0.5093390804597702 0.37351831896551724 0.023706896551724088 0.024515086206896575
0 0.2964260057471264 0.4603987068965517 0.02711925287356326 0.04364224137931033
0 0.40912356321839083 0.6748383620689655 0.029094827586206906 0.02155172413793105
0 0.44243893678160917 0.6862877155172413 0.018498563218390773 0.03582974137931039
0 0.5167923850574712 0.4381734913793104 0.013829022988505746 0.042834051724137956
0 0.3026221264367816 0.5344827586206896 0.017600574712643646 0.02155172413793105
0 0.32417385057471265 0.5301724137931034 0.01867816091954022 0.03286637931034486
0 0.670617816091954 0.3912984913793104 0.029454022988505746 0.025592672413793094
0 0.4257363505747126 0.7640086206896552 0.019576149425287348 0.030711206896551713
0 0.36179956896551724 0.7370689655172413 0.015625 0.017241379310344862
0 0.42223419540229884 0.38483297413793105 0.013290229885057459 0.036907327586206906
0 0.33512931034482757 0.5581896551724138 0.02155172413793105 0.03717672413793105
0 0.35039511494252873 0.5649245689655172 0.020474137931034475 0.030711206896551824
0 0.4058010057471264 0.4209321120689655 0.02424568965517243 0.024515086206896575
0 0.3469827586206896 0.7342403017241379 0.015804597701149448 0.020204741379310387
0 0.39188218390804597 0.4877424568965517 0.017600574712643646 0.03367456896551729
0 0.43256106321839083 0.008081896551724138 0.027478448275862044 0.016163793103448277
0 0.34348060344827586 0.7571390086206897 0.018139367816091934 0.028825431034482762
0 0.42007902298850575 0.4676724137931034 0.023347701149425304 0.02801724137931033
0 0.4040948275862069 0.7997036637931034 0.024784482758620663 0.018049568965517238
0 0.4462104885057471 0.8022629310344828 0.016702586206896575 0.03286637931034475
0 0.4061602011494253 0.4955549568965517 0.008081896551724144 0.037984913793103425
0 0.3964619252873563 0.5227640086206897 0.021012931034482762 0.03529094827586199
0 0.3484195402298851 0.8556034482758621 0.015804597701149448 0.0193965517241379
0 0.3749102011494253 0.5184536637931034 0.023886494252873536 0.022359913793103425
0 0.3571300287356322 0.8351293103448276 0.013829022988505746 0.019935344827586188
0 0.38155531609195403 0.46336206896551724 0.018139367816091934 0.0193965517241379
0 0.40445402298850575 0.9342672413793104 0.021910919540229834 0.061422413793103425
0 0.3687140804597701 0.4653825431034483 0.013290229885057459 0.02074353448275862
0 0.4515086206896552 0.5774515086206897 0.020474137931034475 0.03367456896551724
0 0.5299030172413793 0.8014547413793104 0.018139367816091934 0.032327586206896575
0 0.4093031609195402 0.5492995689655172 0.016163793103448287 0.032327586206896575
0 0.4385775862068966 0.5216864224137931 0.017600574712643702 0.024515086206896464
0 0.5576508620689655 0.8393049568965517 0.012571839080459779 0.03690732758620685
