0 0.6657686781609196 0.8099407327586207 0.027298850574712707 0.032058189655172376
0 0.712194683908046 0.5681573275862069 0.0274784482758621 0.047952586206896464
0 0.35416666666666663 0.6834590517241379 0.03412356321839077 0.0506465517241379
0 0.26427801724137934 0.2933728448275862 0.025323275862069006 0.042025862068965525
0 0.4382183908045977 0.6448006465517242 0.03807471264367818 0.05414870689655171
0 0.5413972701149425 0.4597252155172414 0.024245689655172376 0.05414870689655171
0 0.3991558908045977 0.30334051724137934 0.029992816091954033 0.043103448275862044
0 0.4031968390804598 0.5848599137931034 0.029454022988505746 0.05280172413793105
0 0.31411637931034486 0.681707974137931 0.04418103448275862 0.0546875
0 0.4833872126436781 0.3410560344827586 0.032866379310344807 0.04903017241379315
0 0.3722162356321839 0.36907327586206895 0.02891522988505746 0.04094827586206895
0 0.7582614942528736 0.4777747844827587 0.03268678160919536 0.048760775862069006
0 0.33800287356321834 0.8643588362068966 0.02801724137931033 0.049838362068965525
0 0.5189475574712643 0.19329202586206895 0.02676005747126442 0.0439116379310345
0 0.35290948275862066 0.47400323275862066 0.024425287356321823 0.04391163793103453
0 0.49829382183908044 0.3112877155172414 0.03645833333333326 0.04229525862068961
0 0.4442349137931034 0.2738415948275862 0.031070402298850552 0.041217672413793094
0 0.6109913793103449 0.49474676724137934 0.028735632183908066 0.04498922413793105
0 0.5459770114942528 0.9617456896551724 0.01795977011494243 0.0431034482758621
0 0.4617456896551724 0.4915140086206896 0.03771551724137928 0.04983836206896547
0 0.5889008620689655 0.3799838362068966 0.0193965517241379 0.043911637931034475
0 0.4239403735632184 0.4536637931034483 0.029992816091954033 0.0506465517241379
0 0.4577047413793104 0.2902747844827586 0.026041666666666685 0.04229525862068961
0 0.5629489942528736 0.5192618534482759 0.029274425287356354 0.042834051724137956
0 0.3729346264367816 0.5592672413793103 0.038972701149425304 0.04364224137931039
0 0.34339080459770116 0.2896012931034483 0.033764367816091934 0.04148706896551724
0 0.5869252873563219 0.4536637931034483 0.04094827586206895 0.04741379310344829
0 0.3797593390804598 0.26764547413793105 0.03358477011494254 0.05199353448275862
0 0.3446479885057471 0.8084590517241379 0.02765804597701149 0.03448275862068961
0 0.5507363505747127 0.5541487068965517 0.028556034482758563 0.04903017241379315
0 0.33988864942528735 0.35385237068965514 0.02891522988505746 0.04822198275862072
0 0.45483117816091956 0.33445581896551724 0.03142959770114945 0.047683189655172376
0 0.4078663793103448 0.912176724137931 0.03484195402298851 0.059267241379310276
0 0.46488864942528735 0.5247844827586207 0.024245689655172376 0.028556034482758674
0 0.3946659482758621 0.23666487068965517 0.03250718390804602 0.03636853448275862
0 0.6392780172413793 0.9245689655172413 0.0350215517241379 0.05549568965517249
0 0.595007183908046 0.5352909482758621 0.03196839080459779 0.04525862068965514
0 0.5070941091954023 0.2704741379310345 0.029274425287356298 0.04148706896551724
0 0.5664511494252873 0.7823275862068966 0.028017241379310387 0.04040948275862066
0 0.2771192528735632 0.5014816810344828 0.025862068965517238 0.03582974137931033
0 0.2820581896551724 0.34172952586206895 0.0332255747126437 0.04175646551724138
0 0.3019037356321839 0.46619073275862066 0.024066091954022983 0.03421336206896547
0 0.2734375 0.4213362068965517 0.027119252873563204 0.05118534482758619
0 0.5153556034482758 0.4705010775862069 0.03214798850574707 0.043911637931034475
0 0.39260057471264365 0.4480064655172414 0.032686781609195414 0.04849137931034486
0 0.7242277298850575 0.515625 0.030352011494252817 0.045797413793103425
0 0.405621408045977 0.49151400862068967 0.03142959770114939 0.04660560344827591
0 0.3999640804597701 0.5328663793103449 0.03053160919540232 0.046875
0 0.71875 0.6058728448275862 0.028735632183908066 0.04094827586206895
0 0.6220366379310345 0.34401939655172414 0.0231681034482758 0.04256465517241381
0 0.3546156609195402 0.7789601293103448 0.033225574712643646 0.04660560344827591
0 0.6251795977011494 0.4647090517241379 0.02909482758620696 0.04633620689655177
0 0.3562320402298851 0.6408943965517242 0.029274425287356298 0.03771551724137934
0 0.530621408045977 0.33391702586206895 0.03142959770114939 0.04929956896551724
0 0.6080280172413793 0.8739224137931034 0.0350215517241379 0.0587284482758621
0 0.6898347701149425 0.5168372844827587 0.02909482758620685 0.05199353448275856
0 0.42070761494252873 0.7865032327586207 0.03717672413793105 0.06546336206896552
0 0.6233836206896551 0.5510506465517241 0.026221264367816133 0.0546875
0 0.6636135057471264 0.5417564655172413 0.02909482758620685 0.03448275862068961
0 0.5761494252873564 0.6223060344827587 0.025143678160919558 0.05118534482758619
0 0.3501257183908046 0.2455549568965517 0.03358477011494254 0.0498383620689655
0 0.5915948275862069 0.923760775862069 0.03484195402298851 0.0743534482758621
0 0.38092672413793105 0.14466594827586207 0.01903735632183906 0.053340517241379296
0 0.24551005747126436 0.4894935344827586 0.029813218390804613 0.05603448275862066
0 0.7004310344827587 0.4916487068965517 0.021192528735632155 0.032327586206896575
0 0.4432471264367816 0.540948275862069 0.023347701149425304 0.0544181034482758
0 0.6424209770114943 0.873114224137931 0.03268678160919536 0.047952586206896575
0 0.3077406609195402 0.2784213362068966 0.031070402298850608 0.04822198275862072
0 0.29714439655172414 0.6360452586206897 0.029633620689655138 0.04633620689655171
0 0.34294181034482757 0.7370689655172413 0.03430316091954022 0.05118534482758619
0 0.5961745689655172 0.7555226293103448 0.033943965517241326 0.04929956896551724
0 0.7085129310344828 0.38025323275862066 0.018318965517241326 0.03259698275862072
0 0.30908764367816094 0.8332435344827587 0.03484195402298851 0.07920258620689646
0 0.42780172413793105 0.5356950431034483 0.023706896551724144 0.055765086206896575
0 0.3662895114942529 0.5184536637931034 0.03430316091954022 0.04067887931034486
0 0.3005567528735632 0.5022898706896551 0.021731321839080442 0.037984913793103425
0 0.5627693965517242 0.3235452586206896 0.02676005747126442 0.03987068965517243
0 0.4613864942528736 0.4542025862068966 0.029813218390804586 0.035021551724137956
0 0.44737787356321834 0.19207974137931033 0.029094827586206906 0.0398706896551724
0 0.36323635057471265 0.927667025862069 0.029633620689655138 0.036368534482758674
0 0.4800646551724138 0.4264547413793104 0.02801724137931033 0.03987068965517243
0 0.5729166666666667 0.8211206896551724 0.02837643678160917 0.0431034482758621
0 0.6063218390804598 0.8011853448275862 0.02909482758620685 0.044181034482758674
0 0.43938577586206895 0.1567887931034483 0.0332255747126437 0.042564655172413784
0 0.5678879310344828 0.38644935344827586 0.03053160919540221 0.0509159482758621
0 0.4300466954022989 0.4110991379310345 0.029633620689655193 0.0431034482758621
0 0.366558908045977 0.3251616379310345 0.030172413793103425 0.06950431034482762
0 0.6273347701149425 0.6822467672413793 0.02981321839080464 0.04121767241379315
0 0.3769755747126437 0.8155980603448276 0.03484195402298851 0.05630387931034486
0 0.6400862068965518 0.40382543103448276 0.033045977011494254 0.0431034482758621
0 0.6404454022988506 0.5110452586206896 0.02837643678160917 0.054956896551724144
0 0.2748742816091954 0.4647090517241379 0.03250718390804597 0.039331896551724144
0 0.5190373563218391 0.35789331896551724 0.027298850574712596 0.03852370689655171
0 0.4989224137931034 0.13267780172413793 0.03089080459770116 0.04014008620689656
0 0.37113864942528735 0.7357219827586207 0.03286637931034486 0.053879310344827624
0 0.44306752873563215 0.23289331896551724 0.032686781609195414 0.04552801724137931
0 0.5096084770114943 0.41594827586206895 0.029274425287356298 0.04364224137931033
0 0.3201329022988506 0.18601831896551724 0.028915229885057514 0.03852370689655171
0 0.477191091954023 0.3837553879310345 0.02298850574712641 0.040140086206896575
0 0.5486709770114943 0.8523706896551724 0.02298850574712641 0.03879310344827591
0 0.24398347701149425 0.5222252155172413 0.026760057471264392 0.02936422413793094
0 0.27478448275862066 0.6043911637931034 0.033405172413793094 0.046066810344827624
0 0.3978987068965517 0.19679418103448276 0.03394396551724138 0.04498922413793105
0 0.44647988505747127 0.5798760775862069 0.0193965517241379 0.03852370689655171
0 0.4697377873563219 0.5577855603448276 0.026041666666666685 0.0428340517241379
0 0.2579920977011494 0.3917025862068966 0.033584770114942514 0.05010775862068967
0 0.31743893678160917 0.3709590517241379 0.02855603448275862 0.03825431034482757
0 0.43301005747126436 0.9788523706896552 0.025862068965517238 0.03852370689655171
0 0.31025502873563215 0.22508081896551724 0.03250718390804602 0.05253232758620688
0 0.4064295977011494 0.7306034482758621 0.027298850574712652 0.04903017241379315
0 0.3192349137931034 0.9057112068965517 0.03178879310344823 0.053340517241379226
0 0.3019935344827586 0.42376077586206895 0.024245689655172376 0.057650862068965525
0 0.4015804597701149 0.8600484913793103 0.03448275862068967 0.06276939655172409
0 0.6395474137931034 0.2972790948275862 0.028017241379310387 0.042834051724137956
0 0.6486170977011494 0.46619073275862066 0.021012931034482762 0.0390625
0 0.41199712643678166 0.6846713362068966 0.03089080459770116 0.055765086206896575
0 0.3728448275862069 0.4892241379310345 0.02765804597701149 0.04418103448275862
0 0.6914511494252873 0.626885775862069 0.028017241379310387 0.0506465517241379
0 0.3350395114942529 0.5247844827586207 0.02891522988505746 0.06034482758620685
0 0.6379310344827587 0.24555495689655174 0.025502873563218453 0.052532327586206906
0 0.4192708333333333 0.37702047413793105 0.03358477011494254 0.06115301724137928
0 0.3820043103448276 0.6656788793103449 0.03448275862068967 0.055495689655172376
0 0.6153915229885057 0.9700969827586208 0.03897270114942519 0.05711206896551724
0 0.42834051724137934 0.30886314655172414 0.026939655172413757 0.04337284482758619
0 0.3195941091954023 0.3232758620689655 0.03250718390804597 0.055495689655172376
0 0.26643318965517243 0.8270474137931034 0.04867097701149428 0.059806034482758674
0 0.27864583333333337 0.5304418103448276 0.022449712643678177 0.028017241379310387
0 0.5920438218390804 0.2997036637931034 0.030352011494252817 0.048760775862069006
0 0.2719109195402299 0.6712015086206897 0.02837643678160917 0.03529094827586199
0 0.6154813218390804 0.7071659482758621 0.03340517241379315 0.04741379310344829
0 0.6585847701149425 0.7901400862068966 0.030172413793103425 0.04364224137931039
0 0.6911817528735632 0.4418103448275862 0.03142959770114939 0.043103448275862044
0 0.2635596264367816 0.6328125 0.036099137931034475 0.044181034482758674
0 0.6128771551724138 0.4267241379310345 0.02891522988505746 0.04525862068965514
0 0.7628412356321839 0.3785021551724138 0.03502155172413801 0.04148706896551724
0 0.3200431034482759 0.7693965517241379 0.03520114942528735 0.05818965517241381
0 0.5866558908045978 0.8446928879310345 0.033225574712643646 0.05522629310344829
0 0.40283764367816094 0.13658405172413793 0.03125 0.054956896551724144
0 0.35344827586206895 0.4089439655172414 0.03484195402298851 0.05010775862068961
0 0.32525143678160917 0.6310614224137931 0.029813218390804586 0.04714439655172409
0 0.6375718390804597 0.7584859913793103 0.039152298850574696 0.05522629310344829
0 0.35650143678160917 0.19692887931034483 0.03232758620689652 0.04741379310344829
0 0.3644935344827586 0.8841594827586207 0.03969109195402298 0.057650862068965525
0 0.4873383620689655 0.2400323275862069 0.026760057471264365 0.04418103448275859
0 0.5383441091954023 0.5763739224137931 0.03142959770114939 0.06600215517241381
0 0.29103807471264365 0.3787715517241379 0.029992816091953978 0.04364224137931033
0 0.686242816091954 0.3953394396551724 0.02981321839080464 0.04552801724137928
0 0.4281609195402299 0.5922683189655172 0.02837643678160917 0.053609913793103425
0 0.4965876436781609 0.5569773706896552 0.024066091954022928 0.03367456896551724
0 0.6583153735632183 0.4147359913793104 0.0314295977011495 0.05145474137931033
0 0.4145114942528736 0.27734375 0.028376436781609227 0.0390625
0 0.3973599137931034 0.34563577586206895 0.031070402298850552 0.04956896551724138
0 0.3232758620689655 0.4247036637931034 0.029454022988505746 0.064385775862069
0 0.6098239942528736 0.11907327586206896 0.02891522988505746 0.0554956896551724
0 0.22530531609195403 0.45123922413793105 0.03394396551724138 0.04094827586206895
0 0.5017959770114943 0.17308728448275862 0.03160919540229884 0.04498922413793105
0 0.4727909482758621 0.1814385775862069 0.025323275862069006 0.043911637931034475
0 0.6681932471264368 0.4560883620689655 0.025682471264367734 0.039870689655172376
0 0.48940373563218387 0.49811422413793105 0.03017241379310337 0.05118534482758613
0 0.6280531609195402 0.8258351293103449 0.03268678160919536 0.0509159482758621
0 0.5404094827586208 0.38833512931034486 0.02837643678160917 0.05738146551724138
0 0.5747126436781609 0.3397090517241379 0.028735632183908066 0.04364224137931033
0 0.5886314655172413 0.4172952586206896 0.022808908045976906 0.029633620689655193
0 0.49128951149425293 0.5358297413793103 0.028915229885057514 0.03987068965517249
0 0.39978448275862066 0.6206896551724138 0.03448275862068967 0.044181034482758674
0 0.5430136494252873 0.5029633620689655 0.021372126436781547 0.03178879310344823
0 0.5724676724137931 0.9509698275862069 0.031070402298850497 0.05387931034482751
0 0.2698455459770115 0.7044719827586207 0.027837643678160884 0.038254310344827624
0 0.33728448275862066 0.45676185344827586 0.027658045977011547 0.04876077586206895
0 0.7550287356321839 0.42551185344827586 0.03053160919540232 0.04552801724137934
0 0.35389727011494254 0.5981950431034483 0.029274425287356298 0.047683189655172376
0 0.6115301724137931 0.37634698275862066 0.02442528735632188 0.04364224137931033
0 0.29974856321839083 0.9445043103448276 0.031968390804597735 0.045797413793103425
0 0.25960847701149425 0.9734644396551724 0.036099137931034475 0.05037715517241381
0 0.662176724137931 0.5009428879310345 0.021910919540229834 0.04552801724137928
0 0.4551005747126437 0.3879310344827586 0.029454022988505746 0.05926724137931039
0 0.6127873563218391 0.22790948275862072 0.02981321839080453 0.04579741379310345
0 0.29049928160919536 0.984375 0.029274425287356298 0.03125
0 0.5632183908045978 0.47723599137931033 0.028017241379310387 0.04337284482758619
0 0.5819863505747127 0.7153825431034483 0.034662356321839005 0.057920258620689724
0 0.3867636494252874 0.9490840517241379 0.030352011494252873 0.04256465517241381
0 0.5769576149425287 0.984375 0.03286637931034475 0.02963362068965525
0 0.37948994252873564 0.9816810344827587 0.03268678160919536 0.036099137931034586
0 0.2901400862068966 0.8704202586206897 0.026400862068965525 0.04256465517241381
0 0.6483477011494253 0.7195581896551724 0.026221264367816133 0.03987068965517249
0 0.5295438218390804 0.5203394396551724 0.02891522988505746 0.04391163793103442
0 0.26427801724137934 0.9259159482758621 0.05082614942528735 0.0506465517241379
0 0.33728448275862066 0.9493534482758621 0.03160919540229884 0.05118534482758619
0 0.5527119252873562 0.42335668103448276 0.025682471264367845 0.034213362068965525
0 0.6311063218390804 0.15867456896551724 0.032327586206896575 0.044719827586206906
0 0.352191091954023 0.1596174568965517 0.02765804597701149 0.03529094827586207
0 0.42690373563218387 0.14560883620689655 0.026221264367816077 0.06654094827586209
0 0.4005926724137931 0.17470366379310343 0.030711206896551713 0.03259698275862069
0 0.336566091954023 0.20810883620689655 0.026221264367816133 0.03582974137931033
0 0.2895114942528736 0.2287176724137931 0.022270114942528785 0.04795258620689655
0 0.2854705459770115 0.29849137931034486 0.03717672413793105 0.045258620689655193
0 0.41424209770114945 0.24070581896551724 0.022808908045977017 0.04121767241379312
0 0.5088002873563218 0.2308728448275862 0.01652298850574707 0.0420258620689655
0 0.48563218390804597 0.19921875 0.03304597701149431 0.03852370689655171
0 0.4795258620689655 0.29269935344827586 0.024784482758620663 0.027747844827586188
0 0.4021192528735632 0.39251077586206895 0.029094827586206906 0.04364224137931033
0 0.374371408045977 0.3949353448275862 0.022808908045977017 0.02424568965517243
0 0.32291666666666663 0.4753502155172413 0.022988505747126464 0.03636853448275862
0 0.3141163793103448 0.5132004310344828 0.020474137931034475 0.03771551724137928
0 0.29292385057471265 0.5437769396551724 0.02765804597701149 0.03636853448275856
0 0.21417025862068967 0.45932112068965514 0.041487068965517265 0.04418103448275862
0 0.3686242816091954 0.42214439655172414 0.022808908045977017 0.03448275862068961
0 0.38882902298850575 0.4046336206896552 0.017600574712643646 0.026400862068965525
0 0.43471623563218387 0.4725215517241379 0.023886494252873536 0.06196120689655177
0 0.5118534482758621 0.44504310344827586 0.042744252873563204 0.05010775862068961
0 0.45896192528735635 0.41716056034482757 0.04184626436781608 0.03852370689655171
0 0.3364762931034483 0.2583512931034483 0.02891522988505746 0.03771551724137934
0 0.5894396551724137 0.4878771551724138 0.025862068965517238 0.02424568965517243
0 0.6054238505747127 0.56640625 0.017600574712643646 0.04121767241379315
0 0.5827945402298851 0.5475484913793104 0.02765804597701149 0.053609913793103425
0 0.6370330459770115 0.5638469827586207 0.021910919540229834 0.057650862068965525
0 0.6831896551724138 0.4800646551724138 0.02298850574712641 0.03717672413793105
0 0.3719468390804598 0.6155711206896552 0.02298850574712641 0.05711206896551724
0 0.38002873563218387 0.705010775862069 0.022988505747126464 0.028556034482758674
0 0.38864942528735635 0.7381465517241379 0.02478448275862072 0.05657327586206895
0 0.23248922413793105 0.9877424568965517 0.021012931034482735 0.024515086206896575
0 0.32246767241379315 0.9827586206896552 0.04005028735632182 0.03448275862068961
0 0.3512033045977011 0.9890894396551724 0.023168103448275856 0.021821120689655138
0 0.3802083333333333 0.7719558189655172 0.025143678160919558 0.02559267241379315
0 0.43669181034482757 0.7040678879310345 0.022808908045977017 0.06007543103448276
0 0.5529813218390804 0.8204471982758621 0.020474137931034475 0.03582974137931039
0 0.5649245689655172 0.8810614224137931 0.02891522988505746 0.06276939655172409
0 0.7265625 0.6990840517241379 0.03897270114942519 0.06411637931034486
0 0.6698096264367817 0.6996228448275862 0.028556034482758563 0.059267241379310276
0 0.5285560344827587 0.29929956896551724 0.024784482758620663 0.03125
0 0.5201149425287357 0.25 0.014727011494252928 0.026939655172413812
0 0.6103627873563218 0.29929956896551724 0.013469827586206962 0.025862068965517238
0 0.5989583333333333 0.3441540948275862 0.024784482758620663 0.03852370689655171
0 0.5042205459770115 0.3717672413793104 0.02855603448275862 0.04364224137931033
