0 0.34877873563218387 0.2912176724137931 0.023706896551724144 0.051724137931034475
0 0.4219647988505747 0.13954741379310345 0.026041666666666685 0.03448275862068967
0 0.42043821839080464 0.4548760775862069 0.023706896551724144 0.02936422413793105
0 0.3770653735632184 0.5748922413793103 0.02604166666666663 0.06034482758620696
0 0.5267600574712643 0.4756196120689655 0.026939655172413812 0.0428340517241379
0 0.6225754310344828 0.709051724137931 0.024245689655172376 0.030172413793103425
0 0.6698994252873562 0.38065732758620685 0.02011494252873558 0.02801724137931033
0 0.665319683908046 0.5045797413793104 0.02604166666666674 0.05172413793103453
0 0.5801903735632183 0.35021551724137934 0.029274425287356354 0.02801724137931033
0 0.46282327586206895 0.13685344827586207 0.02765804597701149 0.038793103448275856
0 0.45079022988505746 0.39776400862068967 0.029454022988505746 0.04822198275862066
0 0.5875538793103449 0.4247036637931034 0.029992816091954033 0.05145474137931033
0 0.3364762931034483 0.15476831896551724 0.023168103448275856 0.03529094827586207
0 0.2863685344827587 0.09523168103448276 0.03214798850574713 0.03636853448275862
0 0.3698814655172414 0.6577316810344828 0.026400862068965525 0.02936422413793105
0 0.7476652298850575 0.6823814655172413 0.024066091954022983 0.032327586206896464
0 0.6813038793103449 0.4213362068965517 0.022808908045977017 0.04148706896551724
0 0.4697377873563218 0.6293103448275862 0.01921695402298851 0.028017241379310276
0 0.44558189655172414 0.6949084051724137 0.025143678160919558 0.03475215517241381
0 0.6440373563218391 0.7235991379310345 0.023706896551724088 0.040409482758620774
0 0.727819683908046 0.6988146551724138 0.022090517241379226 0.03125
0 0.5469647988505747 0.5022898706896551 0.029992816091954033 0.06761853448275862
0 0.5264906609195402 0.5087553879310345 0.018857758620689724 0.02667025862068967
0 0.7177622126436782 0.5286907327586208 0.023168103448275912 0.03852370689655171
0 0.6779813218390804 0.6624461206896552 0.02765804597701149 0.05118534482758619
0 0.7486530172413792 0.6489762931034482 0.02819683908045978 0.03178879310344829
0 0.5422054597701149 0.3872575431034483 0.02083333333333337 0.05899784482758619
0 0.36494252873563215 0.24528556034482757 0.02478448275862072 0.03852370689655171
0 0.6128771551724138 0.4760237068965517 0.022449712643678232 0.03663793103448276
0 0.560614224137931 0.7258890086206897 0.02388649425287359 0.04121767241379304
0 0.7203663793103448 0.7815193965517242 0.027298850574712596 0.047952586206896464
0 0.3719468390804598 0.6279633620689655 0.030172413793103425 0.04903017241379315
0 0.6709770114942528 0.7493265086206897 0.021192528735632155 0.04067887931034486
0 0.421246408045977 0.09900323275862069 0.02460488505747127 0.03367456896551724
0 0.7475754310344828 0.7852909482758621 0.027119252873563315 0.039870689655172376
0 0.7448814655172413 0.5583243534482758 0.02460488505747127 0.040140086206896464
0 0.6142241379310345 0.4370959051724138 0.028017241379310276 0.0390625
0 0.6429597701149425 0.4552801724137931 0.028017241379310276 0.045797413793103425
0 0.3686242816091954 0.20406788793103448 0.025682471264367845 0.03960129310344829
0 0.41244612068965514 0.3899515086206896 0.025323275862069006 0.04229525862068967
0 0.5792025862068966 0.45703125 0.02155172413793105 0.02559267241379315
0 0.4656070402298851 0.43440193965517243 0.03142959770114945 0.06600215517241381
0 0.35281968390804597 0.4337284482758621 0.029992816091954033 0.048491379310344807
0 0.6369432471264367 0.4151400862068966 0.027119252873563204 0.037176724137930994
0 0.5754310344827587 0.5984644396551724 0.023347701149425304 0.04606681034482751
0 0.5895294540229885 0.6589439655172413 0.022449712643678232 0.04148706896551724
0 0.7061781609195402 0.5941540948275862 0.024066091954022983 0.036368534482758674
0 0.6781609195402298 0.5755657327586207 0.02298850574712652 0.041756465517241326
0 0.7621228448275862 0.8169450431034482 0.028556034482758674 0.03960129310344829
0 0.5974317528735632 0.7040678879310345 0.028556034482758674 0.04498922413793105
0 0.7479346264367817 0.6144935344827587 0.02676005747126442 0.04256465517241381
0 0.4566271551724138 0.6162446120689655 0.022808908045977017 0.030441810344827624
0 0.7280890804597702 0.6647359913793103 0.02298850574712652 0.03475215517241381
0 0.48994252873563215 0.4761584051724138 0.026221264367816077 0.04229525862068967
0 0.6605603448275862 0.4018049568965517 0.024066091954022983 0.03636853448275862
0 0.40804597701149425 0.5836476293103449 0.03053160919540232 0.06061422413793105
0 0.49102011494252873 0.39641702586206895 0.03268678160919536 0.046605603448275856
0 0.7647270114942528 0.7101293103448276 0.03196839080459768 0.04148706896551724
0 0.7139008620689655 0.7471713362068966 0.025862068965517238 0.03852370689655171
0 0.4340876436781609 0.5548221982758621 0.03089080459770116 0.043911637931034475
0 0.6398168103448276 0.37890625 0.025682471264367845 0.036368534482758674
0 0.2756824712643678 0.13510237068965517 0.029454022988505746 0.03744612068965518
0 0.47692169540229884 0.5102370689655172 0.029992816091954033 0.05603448275862072
0 0.31797772988505746 0.3250269396551724 0.023168103448275856 0.037446120689655193
0 0.6989044540229885 0.703125 0.021731321839080442 0.034482758620689724
0 0.44028376436781613 0.16311961206896552 0.023886494252873536 0.0390625
0 0.6294899425287357 0.6709321120689655 0.02442528735632188 0.053609913793103425
0 0.3935883620689655 0.1527478448275862 0.02532327586206895 0.03717672413793102
0 0.36575071839080464 0.43938577586206895 0.021372126436781602 0.05226293103448276
0 0.7079741379310345 0.6857489224137931 0.023347701149425193 0.04660560344827591
0 0.3244432471264368 0.2165948275862069 0.02855603448275862 0.03771551724137931
0 0.6284123563218391 0.560479525862069 0.03053160919540232 0.04445043103448276
0 0.44495330459770116 0.6569234913793103 0.02819683908045978 0.03690732758620696
0 0.7334770114942528 0.5141433189655172 0.02298850574712652 0.028825431034482818
0 0.33773347701149425 0.25390625 0.024964080459770166 0.03529094827586207
0 0.555316091954023 0.4404633620689655 0.030172413793103425 0.0506465517241379
0 0.41971982758620685 0.32960668103448276 0.03089080459770116 0.03313577586206895
0 0.5894396551724138 0.3778286637931034 0.02909482758620685 0.03798491379310348
0 0.6426005747126438 0.6031788793103448 0.02227011494252873 0.03933189655172409
0 0.709680316091954 0.4845096982758621 0.02532327586206895 0.03798491379310348
0 0.35605244252873564 0.5484913793103448 0.027119252873563204 0.04471982758620696
0 0.37634698275862066 0.5188577586206896 0.02352729885057475 0.03825431034482757
0 0.6198814655172413 0.5928071120689655 0.029274425287356354 0.048221982758620774
0 0.7718211206896552 0.6605603448275862 0.029274425287356354 0.036099137931034475
0 0.36691810344827586 0.15113146551724138 0.02155172413793105 0.033405172413793094
0 0.3855064655172414 0.47683189655172414 0.03142959770114939 0.042025862068965525
0 0.4331896551724138 0.5078125 0.02478448275862072 0.03178879310344823
0 0.30325071839080464 0.05360991379310345 0.03466235632183906 0.037715517241379316
0 0.5605244252873564 0.560479525862069 0.025143678160919558 0.034213362068965525
0 0.4132543103448276 0.5224946120689655 0.017241379310344807 0.051993534482758674
0 0.3917025862068966 0.5414870689655172 0.029813218390804586 0.056034482758620774
0 0.7256645114942528 0.6224407327586207 0.024964080459770055 0.0352909482758621
0 0.45905172413793105 0.5532058189655173 0.020833333333333315 0.04445043103448276
0 0.40023347701149425 0.2738415948275862 0.04076867816091956 0.046605603448275856
0 0.5785739942528736 0.5168372844827586 0.03178879310344829 0.050915948275862044
0 0.7058189655172413 0.5486260775862069 0.021910919540229945 0.04498922413793105
0 0.45070043103448276 0.3234105603448276 0.02819683908045978 0.037446120689655193
0 0.7407507183908046 0.4873383620689655 0.03717672413793105 0.032327586206896575
0 0.7451508620689655 0.7471713362068966 0.026221264367816133 0.03313577586206895
0 0.4298670977011494 0.42160560344827586 0.02783764367816094 0.04633620689655171
0 0.3318965517241379 0.10452586206896551 0.025143678160919503 0.042564655172413784
0 0.5620510057471264 0.3877963362068966 0.030711206896551713 0.064385775862069
0 0.5727370689655172 0.6849407327586207 0.02083333333333326 0.03690732758620685
0 0.7367097701149425 0.8358028017241379 0.022629310344827624 0.053609913793103425
0 0.4452227011494253 0.4744073275862069 0.029094827586206906 0.06088362068965514
0 0.5260416666666667 0.3347252155172414 0.031609195402298895 0.04822198275862066
0 0.6220366379310345 0.6341594827586207 0.023527298850574807 0.036099137931034475
0 0.5981501436781609 0.5568426724137931 0.033225574712643646 0.04903017241379304
0 0.6680136494252873 0.4384428879310345 0.020294540229884972 0.03475215517241381
0 0.5183189655172413 0.38591056034482757 0.03196839080459768 0.0546875
0 0.49883261494252873 0.4462553879310345 0.03250718390804597 0.05738146551724138
0 0.35353807471264365 0.1306573275862069 0.02209051724137928 0.03232758620689655
0 0.6936961206896551 0.7439385775862069 0.027837643678160884 0.04445043103448276
0 0.6778915229885057 0.7120150862068966 0.024964080459770166 0.03663793103448276
0 0.5017061781609196 0.3506196120689655 0.029633620689655138 0.04337284482758619
0 0.6882183908045977 0.7856950431034483 0.0237068965517242 0.0471443965517242
0 0.6850754310344828 0.5378502155172413 0.021731321839080442 0.034213362068965414
0 0.7233297413793103 0.4523168103448276 0.019576149425287404 0.035021551724137956
0 0.6175466954022988 0.3922413793103448 0.021372126436781547 0.04741379310344829
0 0.6949533045977012 0.6314655172413793 0.023168103448275912 0.036099137931034475
0 0.40238864942528735 0.63671875 0.027837643678160884 0.051993534482758674
0 0.5120330459770115 0.09886853448275862 0.028735632183908066 0.04310344827586207
0 0.6348778735632183 0.5138739224137931 0.03771551724137934 0.042834051724137956
0 0.7579022988505748 0.5187230603448276 0.024784482758620663 0.03636853448275856
0 0.5187679597701149 0.14304956896551724 0.03250718390804597 0.039331896551724144
0 0.6470905172413792 0.6935614224137931 0.02227011494252873 0.034213362068965525
0 0.41531968390804597 0.3209859913793104 0.036458333333333315 0.047144396551724144
0 0.7550287356321839 0.7353178879310345 0.03268678160919547 0.05414870689655171
0 0.5744432471264368 0.7553879310344828 0.022449712643678232 0.050107758620689724
0 0.5915948275862069 0.6206896551724137 0.020474137931034475 0.04040948275862066
0 0.4069683908045977 0.11772629310344829 0.024066091954022983 0.033943965517241395
0 0.7051903735632183 0.45110452586206895 0.023168103448275912 0.030980603448275856
0 0.3595545977011494 0.4847790948275862 0.027298850574712652 0.047144396551724144
0 0.6625359195402298 0.5502424568965517 0.022629310344827513 0.043911637931034475
0 0.7296156609195403 0.5864762931034482 0.023527298850574696 0.03556034482758619
0 0.6527478448275863 0.6530172413793104 0.02460488505747127 0.04094827586206895
0 0.5341235632183907 0.4348060344827586 0.02083333333333337 0.039870689655172376
0 0.43633261494252873 0.36072198275862066 0.04040948275862066 0.04579741379310348
0 0.31061422413793105 0.019261853448275863 0.02783764367816094 0.03852370689655173
0 0.38891882183908044 0.42658943965517243 0.03142959770114945 0.07085129310344829
0 0.6941451149425287 0.5017510775862069 0.019037356321839116 0.047144396551724144
0 0.37661637931034486 0.35304418103448276 0.03376436781609199 0.04929956896551724
0 0.6674748563218391 0.62109375 0.019935344827586188 0.034213362068965525
0 0.3083692528735632 0.15274784482758622 0.026221264367816077 0.036099137931034475
0 0.27577227011494254 0.04081357758620689 0.03142959770114945 0.03960129310344827
0 0.5901580459770115 0.5420258620689655 0.03125 0.0587284482758621
0 0.6181752873563218 0.6850754310344828 0.013649425287356354 0.028017241379310276
0 0.5153556034482758 0.44167564655172414 0.01490660919540232 0.04067887931034486
0 0.46848060344827586 0.17039331896551724 0.02532327586206895 0.03636853448275862
0 0.6802262931034482 0.681573275862069 0.03789511494252873 0.028017241379310276
0 0.7108477011494253 0.5625 0.02083333333333326 0.030711206896551824
0 0.6482579022988506 0.5634428879310345 0.015265804597701105 0.0352909482758621
0 0.40086206896551724 0.4482758620689655 0.011135057471264365 0.025862068965517238
0 0.5600754310344828 0.8290678879310345 0.02388649425287359 0.0589978448275863
0 0.6065912356321839 0.38308189655172414 0.010237068965517238 0.03556034482758619
0 0.3989762931034483 0.3293372844827586 0.021012931034482762 0.05307112068965514
0 0.46848060344827586 0.4665948275862069 0.0274784482758621 0.02532327586206895
0 0.6134159482758621 0.6480334051724137 0.018857758620689613 0.04337284482758619
0 0.5652837643678161 0.4931303879310345 0.01418821839080453 0.059536637931034475
0 0.7272808908045977 0.5594019396551724 0.009877873563218342 0.026131465517241437
0 0.7051005747126436 0.4263200431034483 0.020474137931034475 0.025053879310344807
0 0.7613146551724137 0.580010775862069 0.010057471264367845 0.02155172413793105
0 0.743444683908046 0.5218211206896552 0.017420977011494254 0.03178879310344829
0 0.35964439655172414 0.3599137931034483 0.02891522988505746 0.046875
0 0.3087284482758621 0.22373383620689655 0.024425287356321823 0.0390625
0 0.6915409482758621 0.5689655172413792 0.012751436781609171 0.023706896551724088
0 0.6658584770114943 0.7106681034482758 0.012751436781609282 0.03394396551724144
0 0.665319683908046 0.5866109913793103 0.01778017241379315 0.03151939655172409
0 0.26373922413793105 0.07677801724137931 0.036458333333333315 0.025323275862068964
0 0.548132183908046 0.8069773706896552 0.007183908045977017 0.03852370689655171
0 0.5244252873563218 0.4175646551724138 0.017241379310344862 0.017780172413793094
0 0.4104705459770115 0.43938577586206895 0.012751436781609171 0.05387931034482757
0 0.5704920977011494 0.63671875 0.01778017241379304 0.03690732758620685
0 0.32695761494252873 0.17780172413793105 0.02532327586206895 0.03502155172413793
0 0.26418821839080464 0.08984375 0.020833333333333315 0.027747844827586216
0 0.5499281609195402 0.7501346982758621 0.00969827586206895 0.032058189655172376
0 0.5124820402298851 0.41379310344827586 0.011673850574712596 0.016163793103448287
0 0.6971084770114943 0.5929418103448276 0.015984195402298784 0.03825431034482751
0 0.3985272988505747 0.36691810344827586 0.02227011494252873 0.028017241379310387
0 0.5705818965517242 0.6570581896551724 0.015445402298850497 0.024245689655172487
0 0.41693606321839083 0.4748114224137931 0.025323275862069006 0.02936422413793105
0 0.6564295977011494 0.6004849137931034 0.01652298850574707 0.0393318965517242
0 0.6520294540229885 0.62890625 0.016702586206896575 0.01751077586206895
0 0.6840876436781609 0.6177262931034483 0.0193965517241379 0.0274784482758621
0 0.5015265804597702 0.15921336206896552 0.02460488505747127 0.0554956896551724
0 0.42474856321839083 0.4912446120689655 0.01831896551724138 0.016433189655172376
0 0.4011314655172414 0.49461206896551724 0.020653735632183867 0.04471982758620685
0 0.7523347701149425 0.5961745689655172 0.019755747126436796 0.0350215517241379
0 0.4839260057471264 0.15638469827586207 0.019576149425287348 0.0546875
0 0.7117456896551724 0.646417025862069 0.02155172413793105 0.029903017241379337
0 0.43229166666666663 0.525323275862069 0.019396551724137956 0.018857758620689724
0 0.7690373563218391 0.6244612068965517 0.015445402298850608 0.0350215517241379
0 0.4262751436781609 0.20164331896551724 0.02496408045977011 0.03475215517241381
0 0.6450251436781609 0.4881465517241379 0.027119252873563204 0.03556034482758624
0 0.44665948275862066 0.5202047413793104 0.012931034482758619 0.016702586206896575
0 0.4155890804597701 0.2205010775862069 0.02083333333333337 0.050377155172413784
0 0.45644755747126436 0.5017510775862069 0.01634339080459768 0.03960129310344829
