0 0.31896551724137934 0.5990032327586208 0.02262931034482757 0.03582974137931039
0 0.7153376436781609 0.5669450431034482 0.024066091954022983 0.03475215517241381
0 0.36970186781609193 0.6045258620689655 0.026400862068965525 0.03663793103448276
0 0.5423850574712643 0.732354525862069 0.01939655172413801 0.037984913793103425
0 0.787176724137931 0.9214709051724138 0.03196839080459768 0.049838362068965525
0 0.4149604885057471 0.39251077586206895 0.0274784482758621 0.03448275862068967
0 0.6984554597701149 0.6810344827586207 0.02765804597701149 0.05280172413793105
0 0.44863505747126436 0.6478987068965517 0.019037356321839116 0.032327586206896575
0 0.43669181034482757 0.6291756465517242 0.019935344827586188 0.02936422413793094
0 0.7141702586206897 0.8623383620689655 0.01778017241379304 0.0431034482758621
0 0.7081537356321839 0.8162715517241379 0.017600574712643646 0.046875
0 0.5940193965517242 0.41635237068965514 0.022090517241379337 0.03582974137931033
0 0.5508261494252873 0.5030980603448276 0.02442528735632188 0.05037715517241381
0 0.7350933908045978 0.9353448275862069 0.028017241379310387 0.03178879310344829
0 0.6903735632183908 0.5847252155172413 0.026221264367816133 0.04067887931034486
0 0.43570402298850575 0.5184536637931034 0.026580459770114917 0.037446120689655193
0 0.649066091954023 0.6311961206896552 0.023347701149425193 0.04525862068965514
0 0.4416307471264368 0.8002424568965517 0.026939655172413812 0.046066810344827624
0 0.3905352011494253 0.6109913793103449 0.023527298850574696 0.046875
0 0.6971084770114943 0.49622844827586204 0.02532327586206895 0.03556034482758619
0 0.3640445402298851 0.5389278017241379 0.022988505747126464 0.03690732758620685
0 0.45195761494252873 0.4418103448275862 0.020653735632183867 0.029094827586206906
0 0.4489044540229885 0.10317887931034483 0.02891522988505746 0.03502155172413794
0 0.3477909482758621 0.7248114224137931 0.022449712643678177 0.04445043103448276
0 0.3644037356321839 0.6652747844827587 0.02227011494252873 0.03690732758620696
0 0.5244252873563218 0.654364224137931 0.018318965517241437 0.03286637931034475
0 0.7548491379310345 0.7561961206896552 0.028735632183908066 0.06088362068965514
0 0.5907866379310345 0.4523168103448276 0.022090517241379226 0.032866379310344807
0 0.5201149425287357 0.8433459051724138 0.025143678160919447 0.0390625
0 0.39960488505747127 0.7392241379310345 0.0193965517241379 0.0393318965517242
0 0.3842492816091954 0.7540409482758621 0.020294540229885083 0.051724137931034475
0 0.3876616379310345 0.4253771551724138 0.021372126436781602 0.03663793103448276
0 0.7488326149425287 0.7029903017241379 0.027119252873563315 0.049838362068965525
0 0.7546695402298851 0.8895474137931034 0.018318965517241326 0.05334051724137934
0 0.4685704022988506 0.7879849137931034 0.02262931034482757 0.0387931034482758
0 0.3713182471264368 0.5704471982758621 0.021731321839080442 0.03151939655172409
0 0.5835129310344828 0.9749461206896552 0.018678160919540332 0.05010775862068961
0 0.33988864942528735 0.6282327586206897 0.02891522988505746 0.03771551724137934
0 0.39313936781609193 0.6941002155172413 0.027298850574712652 0.040140086206896464
0 0.4058010057471264 0.31021012931034486 0.02424568965517243 0.04552801724137928
0 0.7638290229885057 0.5216864224137931 0.02298850574712641 0.052532327586206906
0 0.3980783045977011 0.6633890086206896 0.02424568965517243 0.037984913793103425
0 0.6921695402298851 0.6282327586206896 0.02765804597701149 0.047952586206896575
0 0.5264906609195403 0.5324622844827587 0.027119252873563204 0.03313577586206906
0 0.5730962643678161 0.9234913793103448 0.028735632183908066 0.05010775862068961
0 0.5234375 0.6175915948275862 0.030711206896551824 0.037984913793103425
0 0.7344647988505747 0.884832974137931 0.02891522988505746 0.0546875
0 0.41684626436781613 0.5478178879310345 0.02478448275862072 0.0390625
0 0.40876436781609193 0.4866648706896552 0.025502873563218398 0.03475215517241381
0 0.5434626436781609 0.8356681034482758 0.025502873563218453 0.03717672413793094
0 0.46722341954022983 0.3760775862068966 0.030352011494252873 0.037176724137930994
0 0.41531968390804597 0.6029094827586208 0.022090517241379337 0.05711206896551724
0 0.7145294540229885 0.7002963362068966 0.026400862068965525 0.0466056034482758
0 0.36952227011494254 0.4458512931034483 0.021372126436781602 0.03663793103448276
0 0.5232579022988506 0.12526939655172414 0.026400862068965525 0.0355603448275862
0 0.5093390804597702 0.70703125 0.02227011494252873 0.0352909482758621
0 0.33099856321839083 0.5119881465517242 0.02478448275862072 0.03582974137931039
0 0.48661997126436785 0.6165140086206897 0.024604885057471215 0.03205818965517249
0 0.6681034482758621 0.8068426724137931 0.017600574712643646 0.030711206896551713
0 0.5248742816091954 0.5079471982758621 0.025682471264367845 0.04445043103448276
0 0.5119432471264368 0.7762661637931034 0.02604166666666674 0.04822198275862066
0 0.5290948275862069 0.5610183189655172 0.01939655172413801 0.030441810344827624
0 0.6531070402298851 0.5754310344827587 0.031070402298850608 0.04310344827586199
0 0.6398168103448276 0.6733566810344828 0.020653735632183978 0.046066810344827624
0 0.4141522988505747 0.3355334051724138 0.026580459770114973 0.03852370689655171
0 0.5442708333333333 0.15167025862068967 0.021012931034482762 0.0360991379310345
0 0.5180495689655172 0.8873922413793103 0.028556034482758674 0.04741379310344829
0 0.4907507183908046 0.8025323275862069 0.027119252873563204 0.04525862068965514
0 0.724676724137931 0.7568696120689655 0.02083333333333326 0.03690732758620685
0 0.7323994252873562 0.6676993534482758 0.023706896551724088 0.04606681034482751
0 0.44980244252873564 0.6780711206896552 0.020653735632183867 0.030711206896551713
0 0.36961206896551724 0.6388739224137931 0.023347701149425304 0.03205818965517249
0 0.42986709770114945 0.42766702586206895 0.021012931034482762 0.03313577586206895
0 0.7520653735632183 0.6505926724137931 0.024245689655172487 0.04471982758620696
0 0.5130208333333333 0.4652478448275862 0.018857758620689613 0.03017241379310348
0 0.5498383620689655 0.638604525862069 0.023527298850574807 0.03960129310344829
0 0.7172234195402298 0.9020743534482758 0.022090517241379337 0.03636853448275856
0 0.7762212643678161 0.7708782327586207 0.026939655172413812 0.041756465517241326
0 0.35677083333333337 0.7601023706896552 0.023886494252873536 0.05199353448275856
0 0.5897090517241379 0.37648168103448276 0.02819683908045978 0.04067887931034486
0 0.6585847701149425 0.6953125 0.02155172413793105 0.0355603448275863
0 0.6775323275862069 0.9744073275862069 0.02676005747126442 0.04256465517241381
0 0.5405890804597702 0.3952047413793104 0.021192528735632155 0.03394396551724138
0 0.678430316091954 0.7020474137931034 0.019576149425287293 0.04471982758620685
0 0.4066989942528736 0.4252424568965517 0.024604885057471215 0.03960129310344829
0 0.5662715517241379 0.3737877155172414 0.02155172413793105 0.037984913793103425
0 0.681573275862069 0.9279364224137931 0.02837643678160917 0.04768318965517249
0 0.5002693965517242 0.4950161637931034 0.027119252873563204 0.03259698275862072
0 0.7402119252873562 0.9703663793103448 0.019935344827586188 0.03663793103448276
0 0.36126077586206895 0.4803340517241379 0.023527298850574696 0.04040948275862072
0 0.5152658045977011 0.40449892241379315 0.025143678160919558 0.03636853448275862
0 0.39035560344827586 0.38415948275862066 0.025682471264367845 0.03987068965517243
0 0.5362787356321839 0.7976831896551724 0.028017241379310387 0.03771551724137934
0 0.7192887931034482 0.9730603448275863 0.025862068965517238 0.04849137931034486
0 0.2947198275862069 0.5897090517241379 0.026939655172413812 0.0350215517241379
0 0.4929956896551724 0.39641702586206895 0.02262931034482757 0.03960129310344829
0 0.43624281609195403 0.5992726293103449 0.02191091954022989 0.034213362068965525
0 0.7027658045977011 0.8601831896551724 0.01795977011494254 0.04471982758620696
0 0.564385775862069 0.4756196120689655 0.021012931034482762 0.029903017241379337
0 0.47790948275862066 0.45325969827586204 0.02334770114942525 0.03367456896551724
0 0.4177442528735632 0.6573275862068966 0.02191091954022989 0.046875
0 0.5141882183908046 0.3588362068965517 0.025862068965517238 0.03556034482758619
0 0.6168283045977012 0.4170258620689655 0.02604166666666663 0.042025862068965525
0 0.48967313218390807 0.35344827586206895 0.024964080459770166 0.03987068965517243
0 0.6958512931034483 0.5339439655172413 0.02891522988505746 0.042025862068965414
0 0.29920977011494254 0.5584590517241379 0.024066091954022983 0.03286637931034486
0 0.3168103448275862 0.6491109913793103 0.026580459770114973 0.05307112068965514
0 0.3764367816091954 0.35358297413793105 0.024066091954022983 0.03475215517241381
0 0.5200251436781609 0.732489224137931 0.02532327586206895 0.0393318965517242
0 0.6723239942528736 0.6021012931034483 0.024964080459770166 0.04849137931034475
0 0.45896192528735635 0.46726831896551724 0.02855603448275862 0.04121767241379315
0 0.6677442528735633 0.5359644396551724 0.024784482758620663 0.03852370689655171
0 0.3441091954022989 0.45514547413793105 0.027298850574712652 0.040678879310344807
0 0.4532147988505747 0.34523168103448276 0.027119252873563204 0.03313577586206895
0 0.6725933908045977 0.49151400862068967 0.026580459770114917 0.03852370689655171
0 0.5550466954022988 0.19558189655172414 0.024964080459770055 0.039331896551724144
0 0.4852729885057471 0.533270474137931 0.025143678160919558 0.040140086206896575
0 0.7288972701149425 0.5141433189655172 0.03789511494252873 0.041756465517241326
0 0.5733656609195402 0.44288793103448276 0.02388649425287359 0.03663793103448276
0 0.3823635057471264 0.5064655172413793 0.02191091954022989 0.03178879310344823
0 0.3907147988505747 0.4548760775862069 0.018498563218390773 0.0272090517241379
0 0.48257902298850575 0.6566540948275862 0.025862068965517238 0.04498922413793105
0 0.3176185344827586 0.4783135775862069 0.031070402298850608 0.037984913793103425
0 0.4409123563218391 0.5637122844827587 0.025143678160919503 0.04876077586206906
0 0.5088002873563219 0.5637122844827587 0.02406609195402304 0.04283405172413801
0 0.6822018678160919 0.877020474137931 0.02604166666666663 0.05899784482758619
0 0.5689655172413792 0.41015625 0.02442528735632188 0.03313577586206895
0 0.5079920977011494 0.6499191810344828 0.022449712643678177 0.0509159482758621
0 0.7260237068965517 0.8173491379310345 0.024245689655172376 0.0549568965517242
0 0.4573455459770115 0.7486530172413793 0.0274784482758621 0.03340517241379315
0 0.4890445402298851 0.6945043103448276 0.022988505747126464 0.04148706896551724
0 0.45447198275862066 0.6097790948275863 0.023168103448275856 0.04067887931034486
0 0.34599497126436785 0.6643318965517242 0.018498563218390773 0.03340517241379304
0 0.7582614942528736 0.810614224137931 0.02837643678160917 0.043642241379310276
0 0.48410560344827586 0.7466325431034483 0.02388649425287359 0.03744612068965525
0 0.7618534482758621 0.6279633620689655 0.033045977011494254 0.04094827586206895
0 0.7338362068965517 0.7230603448275862 0.022629310344827624 0.0431034482758621
0 0.7088721264367817 0.6419719827586208 0.024066091954022983 0.03879310344827591
0 0.4989224137931034 0.14601293103448276 0.02478448275862072 0.03717672413793105
0 0.6984554597701149 0.7423221982758621 0.022629310344827624 0.030441810344827624
0 0.5503771551724138 0.44504310344827586 0.02388649425287359 0.03717672413793105
0 0.514367816091954 0.9498922413793103 0.025502873563218342 0.06950431034482751
0 0.47009698275862066 0.5871497844827587 0.02783764367816094 0.03582974137931039
0 0.6539152298850575 0.7367995689655172 0.026939655172413812 0.049568965517241326
0 0.538433908045977 0.9226831896551724 0.028376436781609282 0.05441810344827591
0 0.5015265804597702 0.31950431034482757 0.02460488505747127 0.03663793103448276
0 0.3838002873563218 0.5405441810344828 0.02227011494252873 0.034213362068965525
0 0.7262033045977012 0.6082974137931034 0.029633620689655138 0.049568965517241326
0 0.5824353448275862 0.48572198275862066 0.025502873563218342 0.04094827586206895
0 0.3698814655172414 0.7125538793103449 0.019576149425287404 0.0431034482758621
0 0.3390804597701149 0.5926724137931034 0.020833333333333315 0.03286637931034486
0 0.7010596264367817 0.9457165948275862 0.02676005747126442 0.0546875
0 0.29867097701149425 0.6297144396551724 0.03053160919540232 0.040140086206896575
0 0.7701149425287357 0.7125538793103448 0.020474137931034586 0.04364224137931039
0 0.4775502873563219 0.41945043103448276 0.02478448275862072 0.0350215517241379
0 0.5459770114942528 0.7673760775862069 0.023706896551724088 0.03582974137931039
0 0.7836745689655172 0.8368803879310345 0.024245689655172376 0.059536637931034475
0 0.39295977011494254 0.55859375 0.02262931034482757 0.0347521551724137
0 0.5496587643678161 0.6881734913793103 0.024964080459770055 0.05091594827586199
0 0.6216774425287357 0.39318426724137934 0.03502155172413801 0.03421336206896547
0 0.45447198275862066 0.5233028017241379 0.021012931034482707 0.03636853448275856
0 0.6905531609195402 0.7957974137931034 0.026221264367816133 0.05226293103448276
0 0.7531429597701149 0.8545258620689655 0.021012931034482762 0.0355603448275863
0 0.43633261494252873 0.47912176724137934 0.020294540229885083 0.03960129310344823
0 0.3280352011494253 0.5491648706896552 0.027119252873563204 0.04445043103448276
0 0.452496408045977 0.41163793103448276 0.02532327586206895 0.0350215517241379
0 0.5039511494252874 0.4345366379310345 0.024425287356321823 0.03556034482758619
0 0.6217672413793103 0.35412176724137934 0.025502873563218453 0.03852370689655177
0 0.4764727011494253 0.10317887931034483 0.023706896551724144 0.03663793103448275
0 0.43974497126436785 0.36516702586206895 0.021731321839080497 0.03475215517241381
0 0.33836206896551724 0.6740301724137931 0.0193965517241379 0.03340517241379304
0 0.4925466954022989 0.5654633620689655 0.019216954022988564 0.05226293103448276
0 0.6593929597701149 0.36126077586206895 0.0274784482758621 0.04256465517241381
0 0.7930136494252873 0.5268049568965518 0.030711206896551713 0.04337284482758619
0 0.39816810344827586 0.35789331896551724 0.02155172413793105 0.03259698275862066
0 0.4174748563218391 0.3706896551724138 0.022449712643678177 0.02801724137931033
0 0.38784123563218387 0.3364762931034483 0.023886494252873536 0.014547413793103425
0 0.43588362068965514 0.3980334051724138 0.023706896551724144 0.028825431034482762
0 0.3662895114942529 0.41648706896551724 0.018857758620689613 0.023706896551724144
0 0.3504849137931034 0.42443426724137934 0.02460488505747127 0.02020474137931033
0 0.3313577586206896 0.4449084051724138 0.019396551724137956 0.034213362068965525
0 0.31223060344827586 0.45474137931034486 0.018857758620689613 0.03017241379310348
0 0.3820043103448276 0.47966056034482757 0.02191091954022989 0.03367456896551724
0 0.35596264367816094 0.5480872844827587 0.01867816091954022 0.03475215517241381
0 0.34779094827586204 0.576104525862069 0.022808908045977017 0.030441810344827624
0 0.3553340517241379 0.6171875 0.019576149425287348 0.036099137931034475
0 0.3589260057471264 0.6958512931034483 0.02496408045977011 0.036099137931034475
0 0.3628771551724138 0.6844019396551724 0.017780172413793094 0.018049568965517238
0 0.3838002873563219 0.6980064655172413 0.02191091954022989 0.03879310344827591
0 0.413433908045977 0.7047413793103448 0.015804597701149392 0.04903017241379304
0 0.42780172413793105 0.6730872844827587 0.014008620689655193 0.03960129310344829
0 0.4619252873563219 0.6593480603448276 0.017600574712643702 0.03151939655172409
0 0.46650502873563215 0.6232489224137931 0.020294540229885027 0.040140086206896464
0 0.5041307471264368 0.5961745689655172 0.024066091954022983 0.0231681034482758
0 0.4579741379310345 0.5594019396551724 0.016163793103448287 0.03690732758620696
0 0.4005028735632184 0.5199353448275862 0.0193965517241379 0.030172413793103425
0 0.41289511494252873 0.5192618534482758 0.01831896551724138 0.022898706896551713
0 0.39385775862068967 0.5883620689655172 0.02227011494252873 0.028556034482758674
0 0.3897270114942529 0.6383351293103449 0.016163793103448287 0.018588362068965525
0 0.4228627873563219 0.6953125 0.011673850574712652 0.014547413793103425
0 0.49021192528735635 0.7728987068965517 0.028196839080459724 0.0274784482758621
0 0.5775862068965517 0.8646282327586207 0.009339080459770166 0.0352909482758621
0 0.5693247126436781 0.8098060344827587 0.014367816091954033 0.04094827586206906
0 0.5596264367816092 0.8146551724137931 0.015804597701149392 0.03340517241379304
0 0.5695941091954023 0.8487338362068966 0.016702586206896575 0.03960129310344829
0 0.5706716954022989 0.8663793103448276 0.00592672413793105 0.024245689655172487
0 0.6619971264367817 0.9202586206896552 0.013649425287356354 0.05118534482758619
0 0.6710668103448276 0.9555495689655173 0.023168103448275912 0.04148706896551724
0 0.7496408045977011 0.9800646551724138 0.024066091954022983 0.038254310344827624
0 0.7024066091954022 0.9847790948275863 0.021192528735632155 0.029903017241379337
0 0.7567349137931034 0.943426724137931 0.014547413793103425 0.039870689655172376
0 0.7602370689655172 0.9311691810344828 0.021192528735632266 0.030441810344827624
0 0.7731681034482758 0.8861799568965518 0.015804597701149503 0.03960129310344829
0 0.7630208333333333 0.8394396551724138 0.020653735632183978 0.0237068965517242
0 0.6848958333333333 0.8289331896551724 0.021372126436781547 0.02155172413793105
0 0.6754669540229885 0.8362068965517242 0.014727011494252817 0.030172413793103536
0 0.7271012931034483 0.8507543103448276 0.020294540229885083 0.025862068965517238
0 0.7411997126436782 0.7885237068965517 0.017600574712643646 0.04094827586206895
0 0.7149784482758621 0.7757273706896552 0.02298850574712641 0.030980603448275912
0 0.7839439655172413 0.755926724137931 0.026580459770115028 0.03663793103448276
0 0.7922054597701149 0.7823275862068966 0.012931034482758674 0.024245689655172376
0 0.6878591954022989 0.7536368534482759 0.013290229885057459 0.0234375
0 0.6941451149425288 0.7190193965517242 0.01867816091954022 0.019935344827586188
0 0.6769935344827587 0.7295258620689655 0.01921695402298851 0.021012931034482762
0 0.6795079022988506 0.771417025862069 0.015625 0.0352909482758621
0 0.6395474137931034 0.6272898706896552 0.025862068965517238 0.04067887931034486
0 0.6837284482758621 0.6633890086206897 0.01652298850574707 0.03529094827586199
0 0.7424568965517242 0.6116648706896552 0.012571839080459779 0.04229525862068961
0 0.6033584770114943 0.4738685344827586 0.018139367816091934 0.03771551724137934
0 0.5773168103448276 0.5161637931034483 0.01706178160919547 0.045797413793103425
0 0.5589080459770115 0.5185883620689655 0.020474137931034475 0.05280172413793105
0 0.5094288793103448 0.5284213362068966 0.01634339080459768 0.0315193965517242
0 0.5460668103448276 0.5408135775862069 0.01490660919540232 0.01751077586206895
0 0.5204741379310345 0.4369612068965517 0.012212643678160884 0.029633620689655193
0 0.5299030172413793 0.3801185344827586 0.013110632183908066 0.023706896551724088
0 0.4260955459770115 0.4571659482758621 0.025682471264367845 0.029094827586206906
0 0.4964080459770115 0.46672952586206895 0.02478448275862072 0.037446120689655193
0 0.4534841954022989 0.49636314655172414 0.02262931034482757 0.016971982758620663
0 0.5184087643678161 0.6831896551724138 0.023527298850574696 0.03125
