0 0.5971623563218391 0.2548491379310345 0.02298850574712641 0.02801724137931036
0 0.2844827586206896 0.814520474137931 0.017600574712643702 0.027747844827586188
0 0.2771192528735632 0.5247844827586208 0.01831896551724138 0.026939655172413812
0 0.5890804597701149 0.09779094827586207 0.020474137931034475 0.03232758620689655
0 0.24488146551724138 0.7462284482758621 0.015625 0.030172413793103425
0 0.6250897988505747 0.2265625 0.018857758620689724 0.030711206896551713
0 0.15795617816091956 0.6452047413793103 0.01813936781609196 0.021012931034482762
0 0.4691091954022989 0.4760237068965517 0.020833333333333315 0.0350215517241379
0 0.43220186781609193 0.2785560344827586 0.021012931034482762 0.030172413793103425
0 0.2852909482758621 0.5530711206896551 0.019935344827586243 0.03125
0 0.4918283045977011 0.5711206896551724 0.019216954022988453 0.030172413793103425
0 0.4405531609195402 0.5929418103448276 0.017600574712643646 0.026939655172413812
0 0.5279274425287357 0.7522898706896552 0.019576149425287404 0.03582974137931039
0 0.27379669540229884 0.7473060344827587 0.016702586206896575 0.03502155172413801
0 0.3553340517241379 0.41217672413793105 0.019576149425287348 0.02478448275862072
0 0.2703843390804598 0.8310883620689655 0.01598419540229884 0.030172413793103425
0 0.38397988505747127 0.4756196120689655 0.0193965517241379 0.030980603448275856
0 0.5753412356321839 0.7982219827586207 0.021372126436781547 0.03717672413793105
0 0.21704382183908044 0.5619612068965518 0.0184985632183908 0.025862068965517238
0 0.3974497126436781 0.2936422413793104 0.020114942528735635 0.02855603448275862
0 0.46964798850574707 0.3677262931034483 0.016522988505747127 0.029094827586206906
0 0.21156609195402298 0.537042025862069 0.017241379310344834 0.028825431034482762
0 0.5125718390804598 0.4948814655172413 0.02011494252873569 0.02855603448275862
0 0.4204382183908046 0.35398706896551724 0.024784482758620663 0.030172413793103425
0 0.6742995689655172 0.18628771551724138 0.022808908045977017 0.03044181034482757
0 0.4854525862068966 0.4465247844827586 0.021551724137930994 0.03151939655172409
0 0.17798132183908044 0.5938846982758621 0.01867816091954025 0.025053879310344862
0 0.3598239942528736 0.4422144396551724 0.020294540229885027 0.036907327586206906
0 0.4444145114942529 0.6808997844827587 0.018139367816091934 0.028286637931034586
0 0.5973419540229885 0.22777478448275862 0.01795977011494254 0.02990301724137931
0 0.37580818965517243 0.4927262931034483 0.021012931034482762 0.04256465517241376
0 0.3957435344827586 0.3467133620689655 0.020294540229885083 0.030172413793103425
0 0.22997485632183906 0.5479525862068966 0.017061781609195387 0.026400862068965525
0 0.17789152298850575 0.6264816810344828 0.01921695402298851 0.03744612068965525
0 0.3438397988505747 0.43561422413793105 0.018139367816091934 0.032327586206896575
0 0.6161997126436782 0.17887931034482757 0.02442528735632188 0.030172413793103453
0 0.6180854885057472 0.4566271551724138 0.020653735632183978 0.03017241379310348
0 0.6948635057471264 0.14331896551724138 0.023347701149425304 0.026939655172413812
0 0.429058908045977 0.32273706896551724 0.020114942528735635 0.02909482758620685
0 0.5111350574712643 0.5680226293103449 0.01867816091954022 0.030441810344827624
0 0.1974676724137931 0.5297683189655172 0.016343390804597707 0.0234375
0 0.2458692528735632 0.5639816810344828 0.019755747126436768 0.02559267241379315
0 0.23320761494252873 0.8353987068965517 0.020294540229885055 0.024784482758620774
0 0.38568606321839083 0.32583512931034486 0.026041666666666685 0.03475215517241376
0 0.5340337643678161 0.7172683189655172 0.01921695402298851 0.0272090517241379
0 0.5845905172413792 0.7482489224137931 0.021192528735632155 0.02559267241379304
0 0.5220905172413792 0.16015625 0.02011494252873558 0.028825431034482762
0 0.2207255747126437 0.6108566810344828 0.019396551724137928 0.035829741379310276
0 0.5866558908045977 0.3498114224137931 0.020653735632183867 0.03259698275862066
0 0.5014367816091954 0.17025862068965517 0.021910919540229945 0.02801724137931033
0 0.7104885057471264 0.0980603448275862 0.025502873563218342 0.02855603448275862
0 0.5897090517241379 0.3153286637931034 0.018857758620689613 0.03475215517241376
0 0.430316091954023 0.6299838362068966 0.01867816091954022 0.027747844827586188
0 0.5298132183908046 0.21188038793103448 0.01795977011494254 0.030980603448275856
0 0.6519396551724138 0.09577047413793104 0.0193965517241379 0.028825431034482762
0 0.2875359195402299 0.5083512931034483 0.016163793103448287 0.0274784482758621
0 0.27990301724137934 0.61328125 0.01670258620689652 0.030441810344827624
0 0.5367277298850575 0.4185075431034483 0.01921695402298851 0.03044181034482757
0 0.5772270114942528 0.2109375 0.02227011494252873 0.03125
0 0.5567528735632183 0.49461206896551724 0.019037356321839005 0.02532327586206895
0 0.16145833333333334 0.6683728448275863 0.01867816091954022 0.025862068965517238
0 0.5644755747126436 0.3596443965517241 0.020474137931034475 0.033405172413793094
0 0.3237248563218391 0.36516702586206895 0.023168103448275856 0.027209051724137956
0 0.5647449712643678 0.7611799568965518 0.021372126436781658 0.03475215517241381
0 0.4458512931034483 0.3231411637931034 0.017420977011494254 0.028825431034482762
0 0.37841235632183906 0.4304956896551724 0.01867816091954022 0.02801724137931033
0 0.48626077586206895 0.7095905172413793 0.021372126436781602 0.03717672413793105
0 0.258441091954023 0.7063577586206896 0.019755747126436796 0.02532327586206895
0 0.19351652298850575 0.6648706896551724 0.01849856321839083 0.029633620689655138
0 0.6858836206896552 0.21578663793103448 0.024784482758620663 0.027478448275862072
0 0.6129669540229885 0.8188308189655172 0.024425287356321768 0.04121767241379315
0 0.6414331896551724 0.3316271551724138 0.018857758620689613 0.027478448275862044
0 0.46228448275862066 0.5445851293103448 0.025502873563218398 0.03151939655172409
0 0.45456178160919536 0.70703125 0.020833333333333315 0.0277478448275863
0 0.27927442528735635 0.7210398706896551 0.01903735632183906 0.0352909482758621
0 0.5446300287356323 0.8011853448275862 0.023527298850574696 0.03125
0 0.30756106321839083 0.6970635775862069 0.017061781609195414 0.029903017241379337
0 0.6198814655172413 0.36584051724137934 0.01778017241379304 0.03232758620689652
0 0.4493534482758621 0.21780711206896552 0.017600574712643702 0.034752155172413784
0 0.4595007183908046 0.7373383620689655 0.020294540229885083 0.02963362068965525
0 0.6138649425287357 0.20824353448275862 0.017600574712643646 0.027478448275862072
0 0.15948275862068967 0.6955818965517242 0.017959770114942514 0.02532327586206906
0 0.5014367816091954 0.5219558189655172 0.020114942528735635 0.0347521551724137
0 0.6449353448275863 0.2271012931034483 0.017600574712643646 0.02909482758620688
0 0.6567887931034482 0.2494612068965517 0.01867816091954022 0.03125
0 0.6672054597701149 0.22777478448275862 0.02442528735632188 0.03636853448275862
0 0.5667205459770115 0.5655980603448276 0.021372126436781658 0.03313577586206895
0 0.22530531609195403 0.5806842672413793 0.026400862068965497 0.026131465517241326
0 0.2499102011494253 0.7758620689655172 0.015265804597701133 0.036099137931034475
0 0.2429058908045977 0.8155980603448276 0.017780172413793094 0.024515086206896575
0 0.563757183908046 0.5226293103448276 0.0193965517241379 0.030172413793103425
0 0.4757543103448276 0.4092133620689655 0.017600574712643702 0.039870689655172376
0 0.4605783045977011 0.1566540948275862 0.020653735632183923 0.029364224137931022
0 0.31007543103448276 0.7601023706896551 0.01921695402298851 0.024515086206896575
0 0.4869791666666667 0.4978448275862069 0.021731321839080442 0.03879310344827591
0 0.2328484195402299 0.6243265086206897 0.019576149425287348 0.03529094827586199
0 0.4463900862068966 0.2510775862068966 0.020653735632183923 0.029094827586206906
0 0.5133800287356323 0.6049299568965517 0.02604166666666663 0.03690732758620685
0 0.45914152298850575 0.4225484913793104 0.021012931034482762 0.035290948275862044
0 0.2692169540229885 0.5534752155172413 0.016522988505747127 0.02720905172413801
0 0.5281968390804598 0.6852101293103449 0.021192528735632266 0.03313577586206895
0 0.6527478448275863 0.06276939655172414 0.01849856321839083 0.032327586206896554
0 0.44279813218390807 0.6201508620689655 0.017061781609195414 0.028556034482758674
0 0.4924568965517241 0.3678609913793104 0.02047413793103442 0.035290948275862044
0 0.2599676724137931 0.7337015086206897 0.01921695402298851 0.030980603448275912
0 0.258441091954023 0.6403556034482758 0.020474137931034475 0.028017241379310387
0 0.4021192528735632 0.4599946120689655 0.024784482758620663 0.03259698275862066
0 0.3160021551724138 0.6371228448275863 0.015625 0.029633620689655138
0 0.4962284482758621 0.12648168103448276 0.019037356321839116 0.02828663793103449
0 0.5202945402298851 0.5463362068965517 0.02227011494252873 0.036099137931034475
0 0.1968390804597701 0.5573814655172413 0.01867816091954022 0.028017241379310387
0 0.6697198275862069 0.1615032327586207 0.02011494252873558 0.028825431034482762
0 0.23697916666666669 0.6478987068965517 0.02244971264367815 0.0350215517241379
0 0.22198275862068967 0.5115840517241379 0.01903735632183909 0.02640086206896547
0 0.5436422413793103 0.5506465517241379 0.024784482758620663 0.0350215517241379
0 0.5443606321839081 0.7681842672413793 0.02011494252873569 0.037984913793103425
0 0.5588182471264368 0.41877693965517243 0.022449712643678232 0.03313577586206895
0 0.4498922413793104 0.4562230603448276 0.020833333333333315 0.035290948275862044
0 0.6707076149425287 0.3556034482758621 0.023527298850574807 0.033405172413793094
0 0.5325969827586207 0.6501885775862069 0.0274784482758621 0.02936422413793105
0 0.4792564655172414 0.5829741379310345 0.019935344827586188 0.03125
0 0.3156429597701149 0.5936153017241379 0.018498563218390773 0.04175646551724144
0 0.53125 0.4669989224137931 0.021910919540229834 0.028825431034482762
0 0.1954022988505747 0.6144935344827587 0.01903735632183909 0.03556034482758619
0 0.4451329022988506 0.16298491379310343 0.01670258620689652 0.027478448275862072
0 0.5499281609195402 0.2086476293103448 0.02155172413793105 0.03529094827586207
0 0.5780352011494253 0.50390625 0.021372126436781658 0.032058189655172376
0 0.4991918103448276 0.20110452586206895 0.029274425287356298 0.028825431034482735
0 0.5014367816091954 0.09361530172413793 0.02083333333333337 0.03636853448275862
0 0.40032327586206895 0.27734375 0.023347701149425304 0.027747844827586188
0 0.42447916666666663 0.4715786637931034 0.020653735632183923 0.0390625
0 0.45141882183908044 0.2900053879310345 0.02424568965517243 0.037984913793103425
0 0.49919181034482757 0.7432650862068966 0.021012931034482762 0.04040948275862066
0 0.6310165229885057 0.11072198275862069 0.022449712643678232 0.03017241379310344
0 0.6117097701149425 0.3896821120689655 0.025502873563218342 0.02667025862068967
0 0.3857758620689655 0.29377693965517243 0.014727011494252873 0.027747844827586188
0 0.6386494252873562 0.20204741379310343 0.01867816091954022 0.027478448275862072
0 0.5368175287356322 0.25915948275862066 0.019037356321839116 0.02801724137931033
0 0.30226293103448276 0.8200431034482758 0.017600574712643646 0.029633620689655138
0 0.4293283045977011 0.7077047413793103 0.020653735632183923 0.028017241379310387
0 0.4665948275862069 0.22535021551724138 0.01795977011494254 0.03044181034482757
0 0.4384877873563219 0.18723060344827586 0.022449712643678177 0.026939655172413784
0 0.3004669540229885 0.6143588362068966 0.01831896551724138 0.025053879310344862
0 0.5323275862068966 0.6233836206896552 0.02155172413793105 0.029633620689655138
0 0.44926364942528735 0.3918372844827586 0.022808908045977017 0.03475215517241381
0 0.20456178160919541 0.5868803879310345 0.016522988505747127 0.028825431034482762
0 0.6692708333333334 0.10681573275862069 0.021731321839080442 0.034752155172413784
0 0.1596623563218391 0.6058728448275862 0.025502873563218398 0.02532327586206895
0 0.2579022988505747 0.6831896551724138 0.01903735632183909 0.0231681034482758
0 0.46955818965517243 0.12702047413793102 0.01921695402298851 0.036368534482758605
0 0.2607758620689655 0.5311153017241379 0.016522988505747127 0.024515086206896575
0 0.17825071839080459 0.6838631465517242 0.01813936781609196 0.030980603448275912
0 0.4918283045977011 0.2095905172413793 0.021372126436781602 0.032866379310344807
0 0.28205818965517243 0.7874461206896551 0.019935344827586188 0.03125
0 0.6195222701149425 0.1380657327586207 0.01849856321839083 0.028825431034482762
0 0.5706716954022988 0.39251077586206895 0.017420977011494254 0.02801724137931033
0 0.647808908045977 0.1635237068965517 0.024066091954022983 0.0360991379310345
0 0.2515265804597701 0.6128771551724138 0.01921695402298851 0.034482758620689724
0 0.5891702586206897 0.3806573275862069 0.01849856321839083 0.029633620689655138
0 0.2661637931034483 0.8042834051724137 0.01831896551724138 0.023976293103448287
0 0.42528735632183906 0.40880926724137934 0.01867816091954022 0.030980603448275856
0 0.39655172413793105 0.3934536637931034 0.019755747126436796 0.03205818965517243
0 0.2529633620689655 0.8411907327586208 0.01885775862068964 0.03582974137931039
0 0.7127334770114943 0.12459590517241378 0.02604166666666674 0.026131465517241367
0 0.5744432471264367 0.4435614224137931 0.021012931034482762 0.0390625
0 0.5461566091954022 0.3577586206896552 0.016163793103448287 0.025862068965517238
0 0.29822198275862066 0.6675646551724138 0.019576149425287348 0.026400862068965525
0 0.43552442528735635 0.6570581896551724 0.01831896551724138 0.0274784482758621
0 0.45932112068965514 0.1931573275862069 0.018498563218390773 0.026939655172413784
0 0.23204022988505746 0.7283135775862069 0.023347701149425276 0.028825431034482762
0 0.5414870689655172 0.48949353448275856 0.01724137931034475 0.027478448275862044
0 0.23186063218390807 0.49407327586206895 0.017600574712643674 0.03556034482758624
0 0.5656429597701149 0.3250269396551724 0.01849856321839083 0.02990301724137928
0 0.4217852011494253 0.7630657327586207 0.017061781609195414 0.030441810344827624
0 0.4227729885057471 0.7350484913793103 0.02083333333333337 0.026131465517241437
0 0.6236530172413793 0.08472521551724138 0.020653735632183867 0.027747844827586216
0 0.18570402298850575 0.5105064655172414 0.01903735632183906 0.025323275862069006
0 0.5055675287356322 0.6702586206896552 0.02298850574712641 0.03771551724137934
0 0.3328843390804598 0.39089439655172414 0.023527298850574696 0.029633620689655138
0 0.289691091954023 0.6966594827586208 0.02227011494252873 0.028017241379310387
0 0.4384877873563218 0.7575431034482758 0.017420977011494254 0.03502155172413801
0 0.20384339080459768 0.5037715517241379 0.01544540229885058 0.030711206896551768
0 0.6100933908045978 0.4183728448275862 0.02083333333333337 0.033405172413793094
0 0.524694683908046 0.29876077586206895 0.021731321839080442 0.032327586206896575
0 0.6054238505747127 0.14480064655172414 0.01652298850574707 0.027747844827586216
0 0.5915050287356322 0.15140086206896552 0.013110632183908066 0.03178879310344829
0 0.5941989942528736 0.17551185344827586 0.01634339080459768 0.0234375
0 0.5997665229885057 0.20191271551724138 0.018139367816091934 0.02667025862068967
0 0.5566630747126436 0.24488146551724138 0.01921695402298851 0.0274784482758621
0 0.5891702586206896 0.28273168103448276 0.020294540229885083 0.02559267241379315
0 0.5544181034482758 0.39129849137931033 0.01939655172413801 0.028825431034482762
0 0.5586386494252874 0.4442349137931034 0.01921695402298851 0.021012931034482762
0 0.5845007183908046 0.4917834051724138 0.01921695402298851 0.03798491379310348
0 0.5942887931034483 0.48693426724137934 0.014008620689655249 0.04445043103448271
0 0.6188936781609196 0.5276131465517242 0.019037356321839116 0.04660560344827591
0 0.5792025862068966 0.529364224137931 0.015086206896551713 0.01778017241379315
0 0.554058908045977 0.5835129310344828 0.01867816091954022 0.04094827586206895
0 0.5016163793103449 0.6043911637931034 0.014727011494252873 0.041756465517241326
0 0.46713362068965514 0.5844558189655172 0.020114942528735635 0.03744612068965525
0 0.4603987068965517 0.6117995689655172 0.022090517241379337 0.028556034482758674
0 0.4515086206896552 0.6434536637931034 0.016163793103448287 0.025053879310344862
0 0.45878232758620685 0.6675646551724137 0.022449712643678177 0.019935344827586188
0 0.42636494252873564 0.6850754310344827 0.01795977011494254 0.021012931034482762
0 0.46749281609195403 0.6936961206896552 0.027298850574712652 0.028556034482758563
0 0.44324712643678166 0.7310075431034483 0.016522988505747127 0.03690732758620685
0 0.4170258620689655 0.7924299568965517 0.0118534482758621 0.03313577586206895
0 0.4191810344827586 0.6563846982758621 0.016882183908045967 0.0272090517241379
0 0.47108477011494254 0.6457435344827587 0.02155172413793105 0.023706896551724088
0 0.42717313218390807 0.6026400862068966 0.011314655172413757 0.028556034482758674
0 0.42995689655172414 0.5832435344827587 0.015445402298850608 0.018857758620689613
0 0.4254669540229885 0.5650592672413793 0.015086206896551713 0.018588362068965525
0 0.6257183908045978 0.42052801724137934 0.012571839080459779 0.030711206896551768
0 0.6515804597701149 0.3577586206896552 0.0193965517241379 0.04148706896551724
0 0.6524784482758621 0.32179418103448276 0.025502873563218342 0.02936422413793105
0 0.4926364942528736 0.14695581896551724 0.025143678160919558 0.02020474137931033
0 0.514367816091954 0.22157866379310343 0.016522988505747183 0.03798491379310345
0 0.5130208333333333 0.24851831896551724 0.020653735632183978 0.030980603448275884
0 0.4619252873563219 0.34186422413793105 0.02119252873563221 0.027478448275862044
0 0.46219468390804597 0.3197737068965517 0.013110632183908066 0.023706896551724144
0 0.4364224137931034 0.3045528017241379 0.01221264367816094 0.019665948275862044
0 0.41783405172413796 0.32623922413793105 0.015625 0.032866379310344807
0 0.4515984195402299 0.35802801724137934 0.014547413793103425 0.025323275862069006
0 0.41936063218390807 0.3868534482758621 0.026939655172413757 0.029633620689655193
0 0.35766882183908044 0.3582974137931034 0.023168103448275856 0.02478448275862072
0 0.3556034482758621 0.3911637931034483 0.022270114942528785 0.019935344827586188
0 0.3403376436781609 0.4132543103448276 0.014008620689655193 0.023168103448275856
0 0.40364583333333337 0.4206627155172414 0.019935344827586243 0.027747844827586188
0 0.48320761494252873 0.47494612068965514 0.012392241379310387 0.02262931034482757
0 0.4571659482758621 0.48814655172413796 0.023168103448275856 0.028017241379310387
0 0.5366379310344828 0.5132004310344828 0.015445402298850608 0.024784482758620774
0 0.5421156609195402 0.5340786637931034 0.025682471264367734 0.0234375
0 0.6267061781609196 0.46942349137931033 0.015984195402298784 0.024515086206896575
0 0.5503771551724138 0.6830549568965517 0.014188218390804641 0.0390625
0 0.4376795977011494 0.5646551724137931 0.017600574712643702 0.020474137931034475
0 0.4967672413793104 0.6302532327586208 0.014367816091954089 0.03582974137931039
0 0.5625897988505747 0.794989224137931 0.012392241379310276 0.0387931034482758
0 0.24973060344827586 0.5072737068965517 0.015984195402298867 0.023706896551724144
0 0.2672413793103448 0.5076778017241379 0.016882183908045967 0.021821120689655193
0 0.3093570402298851 0.5334051724137931 0.017780172413793094 0.032327586206896464
0 0.3012751436781609 0.5437769396551724 0.012751436781609227 0.023976293103448287
0 0.2948096264367816 0.5245150862068966 0.012751436781609171 0.026939655172413812
0 0.17843031609195403 0.5490301724137931 0.01885775862068964 0.03502155172413801
0 0.1812140804597701 0.5763739224137931 0.026221264367816077 0.0234375
0 0.15301724137931033 0.591864224137931 0.018318965517241353 0.01724137931034475
0 0.16397270114942528 0.5670797413793103 0.016522988505747127 0.019935344827586188
0 0.16846264367816094 0.5420258620689655 0.013290229885057486 0.022090517241379226
0 0.23760775862068967 0.5315193965517241 0.016522988505747127 0.020474137931034475
0 0.25583692528735635 0.5576508620689655 0.014188218390804586 0.0231681034482758
0 0.24712643678160923 0.5866109913793103 0.009698275862068978 0.019127155172413812
0 0.2703843390804598 0.5925377155172413 0.014188218390804586 0.023976293103448287
0 0.2869971264367816 0.576104525862069 0.013649425287356354 0.0234375
0 0.2755028735632184 0.5713900862068966 0.015086206896551713 0.0193965517241379
0 0.2609554597701149 0.5763739224137931 0.015445402298850552 0.01966594827586199
0 0.30082614942528735 0.5890355603448276 0.0193965517241379 0.022898706896551713
0 0.30729166666666663 0.5660021551724137 0.013649425287356298 0.025862068965517238
0 0.29606681034482757 0.5673491379310345 0.007722701149425304 0.0231681034482758
0 0.2685883620689655 0.6181303879310345 0.01526580459770116 0.022359913793103425
0 0.2088721264367816 0.6201508620689655 0.010775862068965525 0.034482758620689724
0 0.17780172413793102 0.6571928879310345 0.014727011494252873 0.024515086206896575
0 0.15669899425287356 0.6272898706896552 0.016702586206896575 0.016971982758620663
0 0.16720545977011494 0.7120150862068966 0.017241379310344807 0.03556034482758619
0 0.1528376436781609 0.6641971982758621 0.016163793103448287 0.0234375
0 0.27676005747126436 0.6756465517241379 0.014008620689655138 0.024784482758620663
0 0.29076867816091956 0.6430495689655172 0.01831896551724138 0.030711206896551824
0 0.30720186781609193 0.6566540948275862 0.012751436781609227 0.035829741379310276
0 0.22692169540229884 0.6713362068965518 0.013469827586206878 0.019935344827586188
0 0.24739583333333334 0.701239224137931 0.010955459770114973 0.0231681034482758
0 0.23697916666666669 0.7019127155172413 0.01239224137931036 0.026131465517241437
0 0.24263649425287356 0.6751077586206897 0.012931034482758619 0.022090517241379337
0 0.2588002873563219 0.6612338362068966 0.014727011494252873 0.0234375
0 0.31276939655172414 0.7097252155172413 0.014188218390804641 0.02720905172413801
0 0.30019755747126436 0.7147090517241379 0.012751436781609171 0.015086206896551713
0 0.3061242816091954 0.7307381465517242 0.018139367816091934 0.020743534482758563
0 0.29157686781609193 0.7320851293103448 0.012392241379310331 0.027747844827586188
0 0.23688936781609193 0.78515625 0.01580459770114942 0.024515086206896575
0 0.21982758620689657 0.8484644396551724 0.019396551724137928 0.02559267241379304
0 0.2386853448275862 0.8597790948275863 0.017241379310344834 0.028825431034482762
0 0.2583512931034483 0.8560075431034482 0.017420977011494254 0.028825431034482762
0 0.27523347701149425 0.84765625 0.013110632183908066 0.022898706896551824
0 0.2895114942528736 0.841729525862069 0.020833333333333315 0.02559267241379315
0 0.30630387931034486 0.8005118534482758 0.01454741379310348 0.018049568965517238
0 0.30504669540229884 0.7830010775862069 0.01634339080459768 0.01966594827586199
0 0.29400143678160917 0.7514816810344828 0.011853448275862044 0.02505387931034475
0 0.2547593390804598 0.7901400862068966 0.021012931034482762 0.02909482758620685
0 0.26778017241379315 0.7689924568965517 0.016522988505747127 0.02559267241379315
0 0.2745150862068966 0.6530172413793104 0.012392241379310331 0.014547413793103425
0 0.23509339080459768 0.6015625 0.013649425287356326 0.015086206896551824
0 0.492816091954023 0.39318426724137934 0.016163793103448232 0.02613146551724138
0 0.4994612068965517 0.4067887931034483 0.02083333333333326 0.024784482758620663
