0 0.36117097701149425 0.6302532327586207 0.019755747126436796 0.032058189655172376
0 0.5015265804597702 0.4800646551724138 0.01849856321839083 0.033405172413793094
0 0.2663433908045977 0.6209590517241379 0.015804597701149448 0.030172413793103425
0 0.37580818965517243 0.6033135775862069 0.01921695402298851 0.02936422413793105
0 0.37697557471264365 0.6356411637931034 0.015804597701149448 0.027747844827586188
0 0.25655531609195403 0.6010237068965517 0.019576149425287348 0.032327586206896575
0 0.6756465517241379 0.529229525862069 0.015804597701149392 0.026670258620689724
0 0.0837823275862069 0.34051724137931033 0.02352729885057471 0.026400862068965525
0 0.30863864942528735 0.3103448275862069 0.017420977011494254 0.026939655172413812
0 0.7531429597701149 0.43669181034482757 0.024964080459770166 0.02532327586206895
0 0.5651939655172413 0.7517510775862069 0.016163793103448287 0.026670258620689613
0 0.3827227011494253 0.5188577586206896 0.01831896551724138 0.032327586206896575
0 0.6858836206896552 0.3477909482758621 0.01652298850574707 0.03017241379310348
0 0.5416666666666667 0.5905172413793103 0.014008620689655138 0.026939655172413812
0 0.1108117816091954 0.37122844827586204 0.02478448275862069 0.025862068965517238
0 0.6920797413793103 0.4566271551724138 0.018857758620689613 0.02855603448275862
0 0.28744612068965514 0.47454202586206895 0.017780172413793094 0.025592672413793094
0 0.24084051724137934 0.5871497844827587 0.01867816091954025 0.03205818965517249
0 0.20186781609195403 0.4228178879310345 0.017241379310344834 0.030980603448275856
0 0.35757902298850575 0.5699084051724137 0.02227011494252873 0.027747844827586188
0 0.13326149425287356 0.4214709051724138 0.021551724137931036 0.027747844827586243
0 0.2024066091954023 0.7992995689655172 0.01795977011494254 0.030172413793103425
0 0.24811422413793102 0.7591594827586208 0.017780172413793094 0.026939655172413812
0 0.4878771551724138 0.49838362068965514 0.01598419540229884 0.02532327586206895
0 0.5354705459770115 0.5103717672413793 0.0199353448275863 0.024515086206896575
0 0.4997306034482759 0.6505926724137931 0.013469827586206906 0.024245689655172487
0 0.5660919540229885 0.55078125 0.01724137931034475 0.0234375
0 0.7295258620689655 0.4451778017241379 0.016163793103448287 0.029364224137930994
0 0.3134877873563219 0.3399784482758621 0.019576149425287348 0.03556034482758624
0 0.7597880747126438 0.4613415948275862 0.021012931034482762 0.02451508620689652
0 0.7391343390804598 0.3324353448275862 0.020653735632183867 0.02424568965517243
0 0.2386853448275862 0.3472521551724138 0.024066091954022956 0.026939655172413757
0 0.5622306034482758 0.7768049568965518 0.015265804597701105 0.028825431034482762
0 0.6223958333333334 0.48410560344827586 0.01921695402298851 0.024784482758620663
0 0.32255747126436785 0.6487068965517242 0.01903735632183906 0.03771551724137934
0 0.6251795977011494 0.4275323275862069 0.01867816091954022 0.019935344827586188
0 0.1747485632183908 0.5911907327586207 0.024066091954022983 0.02559267241379315
0 0.53125 0.7357219827586208 0.016522988505747183 0.022090517241379337
0 0.6782507183908046 0.37042025862068967 0.01706178160919547 0.026400862068965525
0 0.3361170977011494 0.3386314655172413 0.021372126436781602 0.02855603448275862
0 0.5023347701149425 0.5111799568965517 0.015804597701149448 0.02667025862068967
0 0.5642959770114943 0.6830549568965517 0.015445402298850608 0.026670258620689724
0 0.2984015804597701 0.5319234913793103 0.018139367816091934 0.026131465517241437
0 0.31043462643678166 0.7194234913793103 0.01885775862068967 0.030441810344827513
0 0.5604346264367817 0.40422952586206895 0.01706178160919547 0.02936422413793105
0 0.25601652298850575 0.7446120689655172 0.020294540229885055 0.028556034482758674
0 0.6033584770114943 0.35223599137931033 0.01706178160919536 0.027747844827586188
0 0.19243893678160917 0.3168103448275862 0.0184985632183908 0.02532327586206895
0 0.5809985632183908 0.7645474137931034 0.02011494252873569 0.022629310344827624
0 0.4483656609195402 0.35856681034482757 0.01598419540229884 0.02532327586206895
0 0.6192528735632183 0.6877693965517242 0.015804597701149503 0.022629310344827513
0 0.28573994252873564 0.7397629310344828 0.01867816091954022 0.028017241379310276
0 0.27586206896551724 0.5964439655172413 0.01831896551724138 0.03125
0 0.5942887931034482 0.5868803879310345 0.015086206896551713 0.023976293103448287
0 0.5741738505747127 0.6722790948275862 0.01939655172413801 0.024515086206896575
0 0.27514367816091956 0.6714709051724138 0.02191091954022989 0.026670258620689724
0 0.2978627873563219 0.6868265086206897 0.017780172413793094 0.03367456896551724
0 0.1788793103448276 0.3620689655172414 0.016522988505747127 0.028017241379310387
0 0.26760057471264365 0.3720366379310345 0.016522988505747127 0.02801724137931033
0 0.2122844827586207 0.5953663793103449 0.016163793103448287 0.032327586206896575
0 0.6115301724137931 0.3939924568965517 0.015445402298850497 0.02667025862068967
0 0.6117995689655172 0.2742456896551724 0.01706178160919536 0.02478448275862072
0 0.6548132183908046 0.5228987068965517 0.01939655172413801 0.030172413793103425
0 0.6636135057471264 0.28259698275862066 0.019755747126436796 0.029633620689655193
0 0.5791127873563219 0.6169181034482758 0.016702586206896575 0.02909482758620696
0 0.6475395114942528 0.29498922413793105 0.01634339080459768 0.02424568965517243
0 0.2328484195402299 0.5211476293103448 0.017780172413793094 0.03259698275862066
0 0.25754310344827586 0.5607489224137931 0.01867816091954022 0.034213362068965525
0 0.600305316091954 0.525323275862069 0.01921695402298851 0.028556034482758674
0 0.125 0.38820043103448276 0.021551724137931036 0.03125
0 0.6927981321839081 0.4152747844827586 0.01634339080459768 0.0234375
0 0.6542744252873562 0.44383081896551724 0.017241379310344862 0.03475215517241381
0 0.5588182471264368 0.33351293103448276 0.015625 0.02532327586206895
0 0.5013469827586208 0.5315193965517242 0.01490660919540232 0.024784482758620663
0 0.2853807471264368 0.8751346982758621 0.02119252873563221 0.03960129310344829
0 0.20195761494252873 0.2835398706896552 0.017061781609195414 0.034213362068965525
0 0.39313936781609193 0.5720635775862069 0.020474137931034475 0.030980603448275912
0 0.6549030172413793 0.6942349137931034 0.022808908045977017 0.022090517241379337
0 0.25897988505747127 0.7842133620689655 0.016882183908045967 0.02532327586206895
0 0.19656968390804597 0.603448275862069 0.016702586206896547 0.033943965517241326
0 0.5448994252873564 0.3716325431034483 0.019037356321839116 0.023976293103448287
0 0.2663433908045977 0.8134428879310345 0.017959770114942486 0.02936422413793105
0 0.4581537356321839 0.4241648706896552 0.01867816091954022 0.028825431034482762
0 0.3015445402298851 0.4610721982758621 0.018678160919540276 0.02667025862068967
0 0.28654813218390807 0.5012122844827587 0.017420977011494254 0.025053879310344862
0 0.5901580459770115 0.36907327586206895 0.016522988505747183 0.02262931034482757
0 0.5321479885057472 0.4678071120689655 0.015086206896551713 0.022898706896551713
0 0.3979885057471264 0.502155172413793 0.017959770114942486 0.027478448275862044
0 0.18785919540229884 0.4135237068965517 0.019396551724137928 0.029633620689655193
0 0.6220366379310345 0.4453125 0.015625 0.022629310344827624
0 0.22207255747126436 0.7671066810344828 0.016702586206896547 0.02559267241379315
0 0.6227550287356323 0.4066540948275862 0.012392241379310387 0.027209051724137956
0 0.6982758620689655 0.3910290948275862 0.016163793103448287 0.0234375
0 0.6998024425287357 0.36516702586206895 0.019935344827586188 0.024515086206896575
0 0.3206716954022989 0.5235721982758621 0.017061781609195414 0.027747844827586188
0 0.30271192528735635 0.5709859913793103 0.019935344827586243 0.027747844827586188
0 0.1549030172413793 0.3126346982758621 0.01921695402298851 0.033135775862069006
0 0.6823814655172413 0.4318426724137931 0.015265804597701105 0.02532327586206895
0 0.2114762931034483 0.3402478448275862 0.017061781609195387 0.026400862068965525
0 0.29516882183908044 0.3405172413793104 0.017420977011494254 0.029094827586206906
0 0.48114224137931033 0.5394665948275862 0.016882183908045967 0.0315193965517242
0 0.43615301724137934 0.5168372844827587 0.020653735632183923 0.029903017241379337
0 0.7431752873563218 0.46295797413793105 0.01652298850574707 0.02990301724137928
0 0.3088182471264368 0.8022629310344828 0.01921695402298851 0.0350215517241379
0 0.34922772988505746 0.2801724137931034 0.020294540229885083 0.026939655172413757
0 0.6391882183908046 0.3785021551724138 0.016163793103448287 0.023706896551724144
0 0.3213002873563218 0.28259698275862066 0.01867816091954022 0.033405172413793094
0 0.46291307471264365 0.3587015086206896 0.020653735632183923 0.02667025862068967
0 0.5125718390804598 0.6728178879310345 0.018318965517241326 0.0347521551724137
0 0.712194683908046 0.3824084051724138 0.015984195402298784 0.028825431034482762
0 0.4623742816091954 0.4683459051724138 0.016702586206896575 0.025053879310344807
0 0.6015625 0.48599137931034486 0.01634339080459779 0.03017241379310348
0 0.17331178160919541 0.38860452586206895 0.01616379310344826 0.02667025862068967
0 0.6327227011494252 0.40463362068965514 0.017600574712643646 0.029094827586206906
0 0.5710308908045977 0.44329202586206895 0.015265804597701216 0.028825431034482762
0 0.5396012931034483 0.4365571120689655 0.015984195402298784 0.022898706896551713
0 0.28645833333333337 0.5744881465517242 0.01903735632183906 0.02559267241379304
0 0.6295797413793103 0.5107758620689655 0.01849856321839083 0.026400862068965525
0 0.32210847701149425 0.5630387931034483 0.019576149425287404 0.028017241379310276
0 0.5244252873563218 0.3840247844827586 0.016163793103448287 0.025053879310344862
0 0.2480244252873563 0.8098060344827587 0.017959770114942514 0.030172413793103536
0 0.5423850574712643 0.7522898706896552 0.01329022988505757 0.023976293103448287
0 0.5478627873563219 0.5713900862068966 0.015625 0.021012931034482762
0 0.22719109195402298 0.3723060344827587 0.016882183908045967 0.03394396551724138
0 0.16918103448275862 0.6228448275862069 0.020474137931034475 0.03448275862068961
0 0.32632902298850575 0.7901400862068966 0.02083333333333337 0.028556034482758674
0 0.14735991379310345 0.3488685344827586 0.020653735632183923 0.025862068965517238
0 0.2287176724137931 0.7800377155172413 0.019576149425287348 0.030980603448275912
0 0.3354885057471264 0.8246228448275862 0.022270114942528785 0.03125
0 0.5216415229885057 0.4171605603448276 0.01706178160919536 0.02613146551724138
0 0.5911458333333333 0.5021551724137931 0.015265804597701105 0.023168103448275856
0 0.09716235632183909 0.3244881465517241 0.017600574712643688 0.025592672413793094
0 0.6113505747126438 0.5056573275862069 0.015086206896551713 0.031249999999999944
0 0.3249820402298851 0.8685344827586207 0.014906609195402265 0.02909482758620685
0 0.5998563218390804 0.5716594827586207 0.015086206896551713 0.02155172413793105
0 0.6025502873563219 0.2774784482758621 0.014367816091954033 0.029633620689655193
0 0.30334051724137934 0.6188038793103448 0.01975574712643674 0.026939655172413812
0 0.25817169540229884 0.3515625 0.01490660919540232 0.024245689655172376
0 0.2146192528735632 0.3856411637931034 0.018318965517241353 0.028286637931034475
0 0.3451867816091954 0.6161099137931034 0.020474137931034475 0.03178879310344829
0 0.6419719827586208 0.3561422413793104 0.01634339080459768 0.023706896551724144
0 0.6889367816091954 0.5192618534482758 0.017600574712643646 0.021821120689655138
0 0.44612068965517243 0.544854525862069 0.019755747126436796 0.02936422413793105
0 0.26885775862068967 0.6974676724137931 0.01795977011494254 0.025862068965517238
0 0.25754310344827586 0.9059806034482758 0.01867816091954022 0.03448275862068961
0 0.48832614942528735 0.3709590517241379 0.019037356321839116 0.030711206896551768
0 0.5391522988505747 0.3935883620689655 0.01724137931034475 0.02532327586206895
0 0.40598060344827586 0.5707165948275862 0.015625 0.0309806034482758
0 0.7490122126436781 0.40005387931034486 0.020294540229885083 0.023168103448275856
0 0.555316091954023 0.5934806034482758 0.015804597701149392 0.030172413793103536
0 0.2378771551724138 0.5501077586206897 0.016702586206896547 0.026939655172413812
0 0.5034123563218391 0.5453933189655172 0.016163793103448287 0.022359913793103425
0 0.47907686781609193 0.4637661637931034 0.01921695402298851 0.03475215517241376
0 0.5765984195402298 0.5313846982758621 0.01490660919540232 0.0234375
0 0.5446300287356323 0.716864224137931 0.015984195402298895 0.02532327586206895
0 0.19198994252873564 0.4738685344827586 0.020474137931034475 0.03663793103448276
0 0.49039152298850575 0.44342672413793105 0.018139367816091934 0.023168103448275856
0 0.5974317528735632 0.6974676724137931 0.015265804597701216 0.030711206896551713
0 0.21174568965517243 0.3049568965517241 0.017959770114942514 0.029094827586206906
0 0.5744432471264368 0.5886314655172413 0.019576149425287293 0.022090517241379337
0 0.4728807471264368 0.4308997844827586 0.016163793103448287 0.025053879310344862
0 0.4244791666666667 0.45851293103448276 0.01921695402298851 0.026400862068965525
0 0.5447198275862069 0.41540948275862066 0.01867816091954022 0.023168103448275856
0 0.21830100574712644 0.8006465517241379 0.015625 0.026939655172413812
0 0.5185883620689655 0.5090247844827587 0.015984195402298784 0.02613146551724138
0 0.31124281609195403 0.8766163793103448 0.01867816091954022 0.026939655172413812
0 0.6493354885057472 0.4952855603448276 0.017420977011494254 0.023437500000000056
0 0.5981501436781609 0.32677801724137934 0.015984195402298895 0.025323275862069006
0 0.15867456896551724 0.3702855603448276 0.017061781609195414 0.027209051724137956
0 0.2015984195402299 0.5666756465517242 0.017780172413793094 0.03259698275862066
0 0.5595366379310345 0.7130926724137931 0.01490660919540221 0.024245689655172487
0 0.1880387931034483 0.28879310344827586 0.01616379310344826 0.026400862068965525
0 0.7223419540229885 0.35735452586206895 0.01795977011494254 0.02613146551724138
0 0.7051903735632183 0.328125 0.021012931034482762 0.025862068965517238
0 0.2977729885057471 0.8888739224137931 0.015804597701149392 0.034213362068965525
0 0.30432830459770116 0.6547683189655172 0.021012931034482762 0.028286637931034475
0 0.2117456896551724 0.5348868534482758 0.016522988505747127 0.023976293103448287
0 0.460308908045977 0.39628232758620685 0.01831896551724138 0.02424568965517243
0 0.5463362068965517 0.6728178879310345 0.016882183908045967 0.0277478448275863
0 0.5707614942528736 0.33391702586206895 0.015445402298850608 0.028286637931034475
0 0.6376616379310345 0.5545528017241379 0.01778017241379315 0.026131465517241437
0 0.5063757183908046 0.44396551724137934 0.015265804597701105 0.026939655172413757
0 0.3154633620689655 0.8467133620689655 0.01849856321839083 0.0355603448275863
0 0.43983477011494254 0.40476831896551724 0.01903735632183906 0.0272090517241379
0 0.5512751436781609 0.7420528017241379 0.015625 0.030441810344827624
0 0.7309626436781609 0.4795258620689655 0.016163793103448287 0.032327586206896575
0 0.15885416666666666 0.40786637931034486 0.015625 0.027478448275862044
0 0.23114224137931033 0.7487877155172413 0.019396551724137928 0.023976293103448287
0 0.5657327586206896 0.61328125 0.016882183908045967 0.0309806034482758
0 0.2814295977011494 0.7141702586206897 0.017959770114942486 0.03394396551724144
0 0.7216235632183907 0.3282596982758621 0.017241379310344862 0.027747844827586243
0 0.29094827586206895 0.3172144396551724 0.020833333333333315 0.02667025862068967
0 0.630926724137931 0.2691271551724138 0.01795977011494254 0.02478448275862072
0 0.7340158045977012 0.36853448275862066 0.017241379310344862 0.027478448275862044
0 0.6477191091954022 0.2658943965517241 0.012392241379310387 0.029094827586206906
0 0.6297593390804598 0.2551185344827586 0.020294540229885083 0.023706896551724116
0 0.6925287356321839 0.28488685344827586 0.016882183908045967 0.019127155172413812
0 0.6795079022988506 0.29876077586206895 0.01490660919540232 0.02155172413793105
0 0.6916307471264368 0.31074892241379315 0.02155172413793105 0.025592672413793094
0 0.6572377873563219 0.3308189655172414 0.013110632183908066 0.025862068965517238
0 0.6423311781609196 0.3360721982758621 0.01778017241379315 0.01858836206896547
0 0.6439475574712643 0.31842672413793105 0.014547413793103536 0.017780172413793094
0 0.6308369252873562 0.30832435344827586 0.015265804597701105 0.024515086206896575
0 0.6030890804597702 0.3155980603448276 0.012931034482758563 0.014816810344827569
0 0.6121587643678161 0.3172144396551724 0.013829022988505746 0.027209051724137956
0 0.5677083333333334 0.3076508620689655 0.016882183908045967 0.025862068965517238
0 0.5855783045977012 0.32448814655172414 0.01418821839080453 0.029903017241379337
0 0.5897090517241379 0.34954202586206895 0.01490660919540232 0.02074353448275862
0 0.5502873563218391 0.3397090517241379 0.011494252873563204 0.019935344827586243
0 0.5676185344827587 0.35681573275862066 0.021731321839080553 0.014816810344827569
0 0.5686063218390804 0.3745959051724138 0.02298850574712641 0.0234375
0 0.5858477011494253 0.38806573275862066 0.008261494252873591 0.011584051724137956
0 0.6011135057471264 0.3810614224137931 0.014008620689655138 0.021821120689655138
0 0.6153915229885057 0.36853448275862066 0.01490660919540221 0.025323275862069006
0 0.6258081896551724 0.3816002155172414 0.01490660919540232 0.0234375
0 0.5985093390804598 0.39453125 0.010955459770114917 0.0234375
0 0.6100933908045978 0.4133890086206896 0.015086206896551713 0.025053879310344807
0 0.5933908045977012 0.40382543103448276 0.015086206896551713 0.03286637931034486
0 0.6054238505747126 0.43547952586206895 0.013290229885057459 0.022898706896551713
0 0.5915948275862069 0.42887931034482757 0.014008620689655138 0.019935344827586188
0 0.5745330459770115 0.4174299568965517 0.016163793103448176 0.021821120689655193
0 0.5564834770114943 0.43049568965517243 0.01634339080459779 0.02532327586206895
0 0.5498383620689655 0.4559536637931034 0.024964080459770166 0.025053879310344807
0 0.5492097701149425 0.4777747844827586 0.01795977011494254 0.0272090517241379
0 0.5750718390804598 0.4614762931034483 0.013290229885057459 0.016163793103448287
0 0.5229885057471264 0.4435614224137931 0.015445402298850608 0.023976293103448287
0 0.5368175287356323 0.4900323275862069 0.013649425287356354 0.022090517241379337
0 0.5757902298850575 0.4842403017241379 0.015086206896551713 0.02074353448275862
0 0.6006645114942528 0.45945581896551724 0.016702586206896464 0.024515086206896575
0 0.6128771551724138 0.46551724137931033 0.012033045977011492 0.020474137931034475
0 0.5777658045977011 0.5084859913793104 0.013290229885057459 0.025053879310344807
0 0.5635775862068966 0.5076778017241379 0.014008620689655138 0.022898706896551768
0 0.5580100574712643 0.5243803879310345 0.012931034482758563 0.020743534482758674
0 0.5450790229885057 0.5348868534482759 0.0193965517241379 0.0234375
0 0.5493893678160919 0.5542834051724138 0.013649425287356354 0.01751077586206895
0 0.5346623563218391 0.5626346982758621 0.015086206896551713 0.021821120689655138
0 0.5180495689655172 0.5328663793103449 0.01778017241379315 0.022629310344827624
0 0.5248742816091954 0.5462015086206897 0.015984195402298895 0.014816810344827513
0 0.5279274425287357 0.5835129310344828 0.01490660919540232 0.024784482758620774
0 0.5748922413793103 0.5720635775862069 0.016163793103448287 0.020743534482758563
0 0.5965337643678161 0.5576508620689655 0.016702586206896575 0.015625
0 0.5825251436781609 0.5554956896551724 0.012392241379310387 0.02532327586206895
0 0.5881824712643678 0.5739493534482758 0.008620689655172376 0.01751077586206906
0 0.615301724137931 0.5824353448275862 0.015445402298850608 0.0237068965517242
0 0.6156609195402298 0.6091056034482758 0.014367816091953922 0.032327586206896464
0 0.6294899425287357 0.5988685344827587 0.01795977011494243 0.023168103448275912
0 0.6311961206896552 0.5785290948275862 0.019576149425287404 0.01751077586206895
0 0.6064116379310345 0.6051993534482758 0.008800287356321768 0.03852370689655171
0 0.5989583333333334 0.6045258620689655 0.008261494252873591 0.015086206896551713
0 0.5980603448275863 0.6144935344827587 0.017600574712643646 0.024245689655172487
0 0.5538793103448276 0.6446659482758621 0.015804597701149392 0.03125
0 0.5695941091954023 0.6460129310344828 0.01346982758620685 0.0274784482758621
0 0.5614224137931034 0.6605603448275862 0.013290229885057459 0.020474137931034475
0 0.5440014367816093 0.6379310344827587 0.011494252873563204 0.029633620689655138
0 0.5519037356321839 0.6209590517241379 0.015804597701149503 0.0193965517241379
0 0.5473239942528736 0.6069504310344828 0.010596264367816133 0.012392241379310276
0 0.5343929597701149 0.6091056034482758 0.015984195402298895 0.01778017241379304
0 0.5200251436781609 0.6276939655172413 0.013829022988505746 0.02155172413793094
0 0.5320581896551724 0.6336206896551724 0.015625 0.030711206896551713
0 0.5088900862068966 0.6111260775862069 0.021731321839080497 0.022898706896551713
0 0.49874281609195403 0.6337553879310345 0.026221264367816133 0.018588362068965525
0 0.514367816091954 0.6458782327586207 0.015804597701149392 0.02128232758620685
0 0.499371408045977 0.6664870689655172 0.009159482758620718 0.01346982758620685
0 0.5393318965517241 0.6544989224137931 0.014367816091954033 0.015894396551724088
0 0.5314295977011494 0.6662176724137931 0.014367816091954033 0.023168103448275912
0 0.5304418103448276 0.6916756465517242 0.016702586206896575 0.020743534482758563
0 0.5095186781609196 0.7033943965517242 0.01867816091954022 0.022090517241379337
0 0.5141882183908046 0.7280441810344828 0.014367816091954033 0.036368534482758674
0 0.529364224137931 0.7144396551724137 0.01778017241379315 0.026939655172413812
0 0.5512751436781609 0.6966594827586208 0.015265804597701105 0.021012931034482762
0 0.5739044540229885 0.6978717672413793 0.018857758620689724 0.0272090517241379
0 0.5891702586206897 0.7178071120689655 0.013829022988505746 0.022898706896551713
0 0.6061422413793103 0.7178071120689655 0.014008620689655138 0.0315193965517242
0 0.6181752873563219 0.7101293103448276 0.014367816091954033 0.024245689655172487
0 0.6320043103448276 0.7042025862068966 0.013649425287356354 0.022090517241379337
0 0.6474497126436782 0.7153825431034483 0.017241379310344862 0.026670258620689724
0 0.6332614942528736 0.7229256465517241 0.017600574712643646 0.0234375
0 0.623114224137931 0.7280441810344828 0.014188218390804641 0.020204741379310276
0 0.5782147988505747 0.787176724137931 0.01706178160919536 0.03286637931034475
0 0.5909662356321839 0.6748383620689655 0.01418821839080453 0.028017241379310276
0 0.5892600574712643 0.650457974137931 0.01652298850574707 0.0272090517241379
0 0.5993175287356323 0.6377963362068966 0.014727011494252928 0.024515086206896575
0 0.6030890804597702 0.6574622844827587 0.010057471264367845 0.016971982758620663
0 0.6208692528735632 0.5633081896551724 0.015445402298850608 0.015625
0 0.6144037356321839 0.552667025862069 0.012571839080459779 0.01373922413793105
0 0.6663972701149425 0.5080818965517242 0.01346982758620685 0.019935344827586188
0 0.6848060344827587 0.5416217672413793 0.012931034482758563 0.0196659482758621
0 0.6937859195402298 0.48464439655172414 0.01329022988505757 0.026400862068965525
0 0.7044719827586207 0.4463900862068966 0.01346982758620685 0.025862068965517238
0 0.7163254310344828 0.4337284482758621 0.016702586206896575 0.01885775862068967
0 0.7279094827586208 0.42025862068965514 0.01041666666666663 0.019935344827586243
0 0.7112068965517242 0.4128502155172414 0.014727011494252928 0.02128232758620685
0 0.7264727011494253 0.4035560344827587 0.014727011494252817 0.01831896551724138
0 0.7425466954022989 0.42160560344827586 0.018139367816091934 0.0193965517241379
0 0.7369791666666667 0.3927801724137931 0.01634339080459768 0.026939655172413812
0 0.7528735632183907 0.37823275862068967 0.023347701149425304 0.019935344827586188
0 0.7234195402298851 0.3845635775862069 0.01041666666666663 0.018049568965517238
0 0.6842672413793103 0.3966864224137931 0.013649425287356354 0.019127155172413812
0 0.6666666666666666 0.39870689655172414 0.016882183908045967 0.022629310344827624
0 0.6566091954022988 0.3798491379310345 0.011853448275861989 0.0193965517241379
0 0.6517600574712643 0.40422952586206895 0.013649425287356354 0.027209051724137956
0 0.6658584770114943 0.42160560344827586 0.02101293103448265 0.025862068965517238
0 0.6751975574712644 0.45891702586206895 0.015625 0.03259698275862072
0 0.6818426724137931 0.4925915948275862 0.014547413793103536 0.027747844827586243
0 0.6701688218390804 0.4766971982758621 0.013110632183908066 0.023976293103448232
0 0.6835488505747127 0.4737338362068966 0.011853448275861989 0.015355603448275856
0 0.748114224137931 0.48612607758620685 0.015625 0.035290948275862044
0 0.7670617816091954 0.4762931034482759 0.022629310344827513 0.023168103448275856
0 0.7192887931034483 0.4562230603448276 0.015445402298850608 0.027209051724137956
0 0.7158764367816092 0.47077047413793105 0.018318965517241326 0.02936422413793105
0 0.6990840517241379 0.4699622844827586 0.015984195402298895 0.022898706896551713
0 0.6560704022988506 0.4644396551724138 0.016163793103448287 0.029633620689655193
0 0.6939655172413792 0.43494073275862066 0.01041666666666663 0.015355603448275856
0 0.6660380747126438 0.4379040948275862 0.008800287356321879 0.012661637931034475
0 0.5628591954022989 0.48181573275862066 0.013290229885057459 0.021282327586206906
0 0.5503771551724138 0.5017510775862069 0.012033045977011492 0.022898706896551713
0 0.46991738505747127 0.49151400862068967 0.019576149425287348 0.02128232758620696
0 0.4639906609195402 0.5064655172413793 0.01634339080459768 0.016702586206896575
0 0.48159123563218387 0.5123922413793103 0.01526580459770116 0.018318965517241437
0 0.46632543103448276 0.529229525862069 0.013829022988505746 0.03313577586206895
0 0.4073275862068966 0.48585668103448276 0.014008620689655193 0.0234375
0 0.3944863505747126 0.47494612068965514 0.019576149425287348 0.027478448275862044
0 0.4220545977011494 0.4808728448275862 0.017241379310344807 0.017780172413793094
0 0.40400502873563215 0.5243803879310345 0.021372126436781602 0.0191271551724137
0 0.47126436781609193 0.44948814655172414 0.012571839080459779 0.0196659482758621
0 0.5089798850574713 0.38308189655172414 0.010775862068965525 0.02155172413793105
0 0.5183189655172413 0.36745689655172414 0.014367816091953922 0.0193965517241379
0 0.5299030172413793 0.35479525862068967 0.014188218390804641 0.022090517241379337
0 0.5245150862068966 0.3359375 0.010955459770114917 0.016702586206896575
0 0.5118534482758621 0.34981142241379315 0.022629310344827624 0.021282327586206906
0 0.4906609195402299 0.3438846982758621 0.015445402298850608 0.025592672413793094
0 0.5029633620689655 0.3349946120689655 0.018857758620689724 0.014816810344827624
0 0.49093031609195403 0.31869612068965514 0.017061781609195414 0.021551724137930994
0 0.47413793103448276 0.3467133620689655 0.019037356321839116 0.02801724137931033
0 0.4958692528735632 0.4018049568965517 0.02155172413793105 0.024515086206896575
0 0.5088900862068966 0.4129849137931034 0.020294540229885083 0.021551724137930994
0 0.4814116379310345 0.40436422413793105 0.011314655172413812 0.023168103448275856
0 0.49766522988505746 0.4230872844827586 0.016522988505747127 0.0196659482758621
0 0.4358836206896552 0.45110452586206895 0.01795977011494254 0.02613146551724138
0 0.43992456896551724 0.5571120689655172 0.018139367816091934 0.037715517241379226
0 0.41648706896551724 0.5600754310344828 0.0193965517241379 0.032327586206896575
0 0.33620689655172414 0.6252693965517242 0.013290229885057459 0.024245689655172487
0 0.3331537356321839 0.6068157327586208 0.015086206896551713 0.026670258620689613
0 0.3529992816091954 0.5968480603448276 0.020294540229885083 0.0196659482758621
0 0.28735632183908044 0.6516702586206897 0.016522988505747127 0.025862068965517238
0 0.31878591954022983 0.6852101293103448 0.012931034482758619 0.020743534482758563
0 0.311871408045977 0.6755118534482758 0.012751436781609171 0.015894396551724088
0 0.26284123563218387 0.7287176724137931 0.017061781609195414 0.03502155172413801
0 0.30289152298850575 0.5969827586206897 0.01849856321839083 0.023168103448275912
0 0.28681752873563215 0.6014278017241379 0.009698275862069006 0.03313577586206895
0 0.2853807471264368 0.5474137931034483 0.020114942528735635 0.0231681034482758
0 0.2775682471264368 0.5281519396551724 0.017061781609195414 0.021821120689655138
0 0.26338002873563215 0.5330010775862069 0.018498563218390773 0.025053879310344862
0 0.2723599137931034 0.5572467672413792 0.013829022988505746 0.03367456896551724
0 0.2350933908045977 0.4973060344827586 0.01867816091954022 0.021012931034482762
0 0.21695402298850575 0.5111799568965517 0.01903735632183906 0.02182112068965525
0 0.22431752873563218 0.5387931034482759 0.015804597701149448 0.03125
0 0.22108477011494254 0.5576508620689655 0.01903735632183909 0.01724137931034475
0 0.22099497126436782 0.5708512931034483 0.01885775862068967 0.02155172413793105
0 0.2151580459770115 0.4966325431034483 0.01903735632183906 0.024515086206896575
0 0.2977729885057471 0.4412715517241379 0.0193965517241379 0.025323275862069006
0 0.3133081896551724 0.4329202586206896 0.019576149425287348 0.02424568965517243
0 0.23141163793103448 0.45123922413793105 0.019935344827586216 0.02855603448275862
0 0.2153376436781609 0.4597252155172414 0.014367816091954033 0.037984913793103425
0 0.19432471264367818 0.4423491379310345 0.021910919540229862 0.023168103448275856
0 0.1732219827586207 0.44719827586206895 0.019576149425287348 0.02855603448275862
0 0.1705280172413793 0.48019935344827586 0.01526580459770116 0.03259698275862066
0 0.14951508620689655 0.47400323275862066 0.027119252873563204 0.027747844827586243
0 0.1567887931034483 0.49919181034482757 0.017959770114942514 0.03448275862068961
0 0.15382543103448276 0.44315732758620685 0.023168103448275856 0.02855603448275862
0 0.1407147988505747 0.44760237068965514 0.01885775862068964 0.035290948275862044
0 0.11925287356321838 0.3298760775862069 0.022988505747126436 0.023976293103448287
0 0.13981681034482757 0.36408943965517243 0.016702586206896547 0.028286637931034475
0 0.11305675287356322 0.3996497844827586 0.014547413793103453 0.022898706896551713
0 0.2065373563218391 0.37244073275862066 0.015086206896551713 0.021282327586206906
0 0.22072557471264367 0.3623383620689655 0.015086206896551713 0.024784482758620663
0 0.17250359195402298 0.3002424568965517 0.02460488505747127 0.02936422413793105
0 0.12383261494252873 0.4220096982758621 0.014906609195402307 0.02990301724137928
0 0.3394396551724138 0.3107489224137931 0.02227011494252873 0.0234375
0 0.3521012931034483 0.3193696120689655 0.01490660919540232 0.0196659482758621
