0 0.44297772988505746 0.23733836206896552 0.021012931034482762 0.025323275862068978
0 0.44145114942528735 0.7262931034482758 0.01867816091954022 0.023168103448275912
0 0.517510775862069 0.21174568965517243 0.017420977011494254 0.026400862068965497
0 0.5842313218390804 0.4044989224137931 0.016882183908045967 0.0272090517241379
0 0.5775862068965517 0.7820581896551724 0.0193965517241379 0.03448275862068961
0 0.2359015804597701 0.6287715517241379 0.016343390804597707 0.03125
0 0.6073994252873562 0.1341594827586207 0.018318965517241437 0.026400862068965525
0 0.4619252873563219 0.2405711206896552 0.015804597701149448 0.02478448275862069
0 0.5508261494252873 0.7840786637931034 0.01939655172413801 0.025053879310344862
0 0.6026400862068966 0.4379040948275862 0.01921695402298851 0.027747844827586243
0 0.5360093390804598 0.6279633620689655 0.020294540229885083 0.0269396551724137
0 0.5501975574712643 0.28057650862068967 0.01706178160919547 0.023976293103448287
0 0.39206178160919536 0.5208782327586208 0.01831896551724138 0.04067887931034486
0 0.2821479885057471 0.529229525862069 0.015804597701149392 0.0234375
0 0.4348060344827586 0.5045797413793103 0.0193965517241379 0.03448275862068961
0 0.3213002873563219 0.697332974137931 0.019396551724137956 0.024515086206896575
0 0.43920617816091956 0.32556573275862066 0.018498563218390773 0.029364224137930994
0 0.20429238505747127 0.6236530172413792 0.02209051724137931 0.024784482758620663
0 0.6139547413793103 0.1566540948275862 0.01849856321839083 0.025053879310344834
0 0.45447198275862066 0.26333512931034486 0.017061781609195414 0.03205818965517243
0 0.6558010057471264 0.37755926724137934 0.020653735632183867 0.03044181034482757
0 0.5376257183908046 0.6497844827586208 0.023527298850574696 0.024784482758620663
0 0.28304597701149425 0.7959321120689655 0.015445402298850608 0.02182112068965525
0 0.5510955459770115 0.6710668103448276 0.01778017241379315 0.03556034482758619
0 0.43543462643678166 0.44302262931034486 0.017061781609195414 0.027747844827586243
0 0.35129310344827586 0.43211206896551724 0.02155172413793105 0.0274784482758621
0 0.2655352011494253 0.5210129310344828 0.01598419540229884 0.024784482758620774
0 0.46892959770114945 0.1802262931034483 0.016882183908045967 0.03125
0 0.5570222701149425 0.4426185344827586 0.01921695402298851 0.030172413793103425
0 0.3370150862068966 0.6965247844827587 0.015625 0.026131465517241437
0 0.6328125 0.14251077586206895 0.017420977011494143 0.025323275862068978
0 0.4089439655172414 0.34011314655172414 0.017600574712643646 0.0272090517241379
0 0.33045977011494254 0.5971174568965517 0.016882183908045967 0.024515086206896575
0 0.2617636494252874 0.59765625 0.017061781609195414 0.022359913793103425
0 0.4469288793103448 0.7013739224137931 0.01921695402298851 0.026131465517241437
0 0.5200251436781609 0.6109913793103448 0.020294540229885083 0.03340517241379304
0 0.6502334770114943 0.2588900862068966 0.021372126436781658 0.029633620689655166
0 0.6114403735632183 0.8023976293103448 0.023168103448275912 0.03690732758620696
0 0.4154992816091954 0.4943426724137931 0.023527298850574696 0.030711206896551713
0 0.5428340517241379 0.5071390086206896 0.01634339080459768 0.025592672413793094
0 0.39242097701149425 0.4676724137931034 0.01831896551724138 0.026400862068965525
0 0.5440014367816093 0.3868534482758621 0.017241379310344862 0.02478448275862072
0 0.2536817528735632 0.5810883620689655 0.017420977011494226 0.0237068965517242
0 0.5230783045977012 0.5622306034482758 0.01849856321839083 0.032327586206896464
0 0.6052442528735632 0.18197737068965517 0.017600574712643757 0.02613146551724138
0 0.4739583333333333 0.5934806034482758 0.01795977011494254 0.028017241379310387
0 0.29193606321839083 0.6825161637931034 0.017780172413793094 0.022359913793103425
0 0.30073635057471265 0.5711206896551724 0.01490660919540232 0.025862068965517238
0 0.5434626436781609 0.5651939655172413 0.02227011494252873 0.030172413793103536
0 0.5616918103448276 0.5366379310344828 0.018139367816091934 0.028017241379310276
0 0.47198275862068967 0.5517241379310345 0.02227011494252873 0.0274784482758621
0 0.2947198275862069 0.7280441810344828 0.01795977011494254 0.0272090517241379
0 0.49784482758620696 0.5797413793103449 0.015804597701149448 0.0274784482758621
0 0.3296515804597701 0.5506465517241379 0.01778017241379315 0.03125
0 0.45761494252873564 0.48747306034482757 0.017600574712643646 0.028825431034482762
0 0.5492097701149425 0.7561961206896551 0.01867816091954022 0.0350215517241379
0 0.4995510057471264 0.2221174568965517 0.01885775862068967 0.02559267241379312
0 0.4690193965517241 0.6985452586206897 0.017780172413793094 0.023168103448275912
0 0.27209051724137934 0.5518588362068966 0.014367816091953978 0.0234375
0 0.23581178160919541 0.5518588362068966 0.01508620689655174 0.0234375
0 0.4713541666666667 0.26535560344827586 0.017420977011494254 0.03663793103448276
0 0.47539511494252873 0.5017510775862069 0.017600574712643646 0.030980603448275912
0 0.6295797413793103 0.35748922413793105 0.01706178160919547 0.02532327586206895
0 0.42735272988505746 0.42335668103448276 0.022449712643678177 0.028286637931034475
0 0.5851293103448276 0.740301724137931 0.02011494252873558 0.024784482758620663
0 0.2974137931034483 0.5281519396551724 0.015804597701149448 0.021821120689655138
0 0.540948275862069 0.7134967672413792 0.019037356321839116 0.029903017241379337
0 0.2860991379310345 0.6232489224137931 0.014727011494252873 0.030441810344827513
0 0.49146910919540227 0.20002693965517243 0.018857758620689613 0.019665948275862072
0 0.24182830459770116 0.5281519396551724 0.013110632183908039 0.024515086206896575
0 0.2749640804597701 0.8139816810344828 0.01795977011494254 0.022898706896551824
0 0.4515984195402299 0.3677262931034483 0.018139367816091934 0.026939655172413812
0 0.4659662356321839 0.38456357758620685 0.01849856321839083 0.02613146551724138
0 0.5803699712643678 0.3126346982758621 0.01706178160919536 0.02667025862068967
0 0.4528556034482759 0.2941810344827586 0.019576149425287348 0.030711206896551713
0 0.6665768678160919 0.2478448275862069 0.02244971264367812 0.02316810344827583
0 0.5838721264367817 0.21767241379310345 0.015445402298850497 0.023706896551724144
0 0.3204920977011494 0.7935075431034483 0.014906609195402265 0.026131465517241326
0 0.4515984195402299 0.6555765086206896 0.015625 0.024515086206896575
0 0.6035380747126438 0.22023168103448276 0.021012931034482762 0.027209051724137928
0 0.5127514367816093 0.6710668103448276 0.02083333333333337 0.03394396551724144
0 0.4900323275862069 0.5179148706896552 0.01849856321839083 0.03151939655172409
0 0.5770474137931034 0.14776400862068967 0.019037356321839116 0.030441810344827597
0 0.31510416666666663 0.5685614224137931 0.01885775862068967 0.028286637931034475
0 0.3446479885057471 0.4080010775862069 0.023347701149425304 0.023976293103448287
0 0.3122306034482759 0.7161907327586208 0.017780172413793094 0.03151939655172409
0 0.26957614942528735 0.6356411637931034 0.016163793103448287 0.027747844827586188
0 0.4415409482758621 0.7505387931034483 0.01598419540229884 0.028556034482758674
0 0.47530531609195403 0.7254849137931034 0.016702586206896575 0.025862068965517238
0 0.5895294540229885 0.2863685344827586 0.01778017241379315 0.024784482758620663
0 0.5043103448275862 0.5404094827586208 0.018318965517241326 0.030711206896551713
0 0.6489762931034483 0.1501885775862069 0.01921695402298851 0.029364224137931022
0 0.48958333333333337 0.5897090517241379 0.015804597701149448 0.030172413793103425
0 0.36144037356321834 0.47292564655172414 0.01598419540229884 0.027747844827586188
0 0.3013649425287356 0.6260775862068966 0.012931034482758619 0.024784482758620663
0 0.6333512931034483 0.11287715517241378 0.01706178160919536 0.03232758620689656
0 0.4110093390804598 0.32233297413793105 0.02388649425287359 0.0234375
0 0.3162715517241379 0.5278825431034482 0.014727011494252873 0.023976293103448287
0 0.3123204022988506 0.6233836206896552 0.015445402298850552 0.028556034482758563
0 0.2365301724137931 0.5766433189655172 0.016882183908045995 0.024515086206896575
0 0.5985991379310345 0.8271821120689655 0.021910919540229834 0.03367456896551724
0 0.49335488505747127 0.4071928879310345 0.017600574712643702 0.029903017241379337
0 0.5511853448275862 0.4150053879310345 0.016882183908045967 0.02613146551724138
0 0.40041307471264365 0.3701508620689655 0.022449712643678177 0.033405172413793094
0 0.2805316091954023 0.5808189655172413 0.01831896551724138 0.024784482758620663
0 0.5933908045977012 0.5029633620689655 0.01041666666666663 0.032866379310344807
0 0.21991738505747127 0.5692349137931034 0.016702586206896547 0.028017241379310387
0 0.4608477011494253 0.6764547413793103 0.015445402298850552 0.025862068965517238
0 0.2651760057471264 0.5696390086206896 0.01454741379310348 0.0234375
0 0.2572737068965517 0.5362338362068966 0.017420977011494254 0.023976293103448287
0 0.514367816091954 0.5154903017241379 0.018318965517241326 0.025053879310344862
0 0.47153376436781613 0.611260775862069 0.01885775862068967 0.020474137931034475
0 0.5863864942528736 0.19059806034482757 0.02155172413793105 0.0320581896551724
0 0.22332974137931033 0.5941540948275863 0.01921695402298848 0.023976293103448287
0 0.6560704022988506 0.22198275862068967 0.02083333333333337 0.027478448275862072
0 0.45599856321839083 0.7459590517241379 0.015804597701149448 0.032327586206896575
0 0.5603448275862069 0.3865840517241379 0.01795977011494254 0.02801724137931033
0 0.5232579022988506 0.3332435344827586 0.020653735632183867 0.030172413793103425
0 0.37526939655172414 0.47804418103448276 0.018139367816091934 0.03259698275862066
0 0.5329561781609196 0.48760775862068967 0.019935344827586188 0.024784482758620663
0 0.5616020114942528 0.3547952586206896 0.01795977011494243 0.02855603448275862
0 0.6039870689655172 0.41244612068965514 0.02155172413793105 0.023168103448275856
0 0.5080818965517241 0.7346443965517242 0.01903735632183906 0.03717672413793094
0 0.2881645114942529 0.7625269396551724 0.01490660919540232 0.029903017241379337
0 0.5086206896551724 0.6096443965517242 0.015804597701149392 0.03448275862068961
0 0.611260775862069 0.4721174568965517 0.018857758620689724 0.0272090517241379
0 0.4962284482758621 0.15032327586206895 0.01831896551724138 0.03232758620689655
0 0.44297772988505746 0.6792834051724137 0.017061781609195414 0.022898706896551713
0 0.5442708333333333 0.24932650862068964 0.019576149425287404 0.03044181034482757
0 0.6510416666666667 0.2005657327586207 0.018318965517241437 0.02613146551724138
0 0.24281609195402298 0.6037176724137931 0.01544540229885058 0.026939655172413812
0 0.2200969827586207 0.6403556034482758 0.017780172413793094 0.03448275862068961
0 0.3173491379310345 0.7712823275862069 0.016522988505747127 0.028017241379310387
0 0.5748922413793103 0.5198006465517242 0.019037356321839005 0.028825431034482762
0 0.6886673850574713 0.16379310344827586 0.022808908045977017 0.024245689655172403
0 0.29427083333333337 0.7036637931034483 0.01885775862068967 0.0231681034482758
0 0.21857040229885058 0.685614224137931 0.016163793103448287 0.0274784482758621
0 0.4289691091954023 0.3950700431034483 0.021372126436781602 0.028286637931034475
0 0.6101831896551724 0.5285560344827587 0.01849856321839083 0.03771551724137934
0 0.5675287356321839 0.7525592672413793 0.019755747126436796 0.032058189655172376
0 0.6860632183908046 0.13968211206896552 0.021192528735632155 0.025592672413793094
0 0.5375359195402298 0.4396551724137931 0.019037356321839005 0.03178879310344829
0 0.5326867816091954 0.6841325431034483 0.019755747126436796 0.0315193965517242
0 0.4921875 0.18116918103448276 0.018498563218390773 0.025592672413793094
0 0.4619252873563219 0.20864762931034483 0.01831896551724138 0.02613146551724138
0 0.24874281609195403 0.5588631465517242 0.01580459770114942 0.025053879310344862
0 0.44728807471264365 0.6316002155172413 0.018498563218390773 0.02720905172413801
0 0.5327765804597702 0.29768318965517243 0.017420977011494254 0.026939655172413812
0 0.3074712643678161 0.7390894396551724 0.015086206896551713 0.02936422413793105
0 0.5806393678160919 0.37648168103448276 0.01795977011494254 0.028825431034482762
0 0.3282147988505747 0.6712015086206896 0.019576149425287348 0.0234375
0 0.37158764367816094 0.45110452586206895 0.01867816091954022 0.024515086206896575
0 0.43615301724137934 0.3659752155172413 0.017780172413793094 0.02613146551724138
0 0.30801005747126436 0.8091325431034483 0.014367816091954033 0.028286637931034475
0 0.6707974137931034 0.17995689655172414 0.019755747126436796 0.02478448275862069
0 0.5556752873563218 0.5130657327586207 0.017241379310344862 0.0234375
0 0.30343031609195403 0.7852909482758621 0.016702586206896575 0.023168103448275912
0 0.32255747126436785 0.7413793103448276 0.014008620689655193 0.02155172413793105
0 0.2585308908045977 0.6247306034482758 0.017420977011494226 0.030711206896551713
0 0.492816091954023 0.2504040948275862 0.020833333333333315 0.029364224137931022
0 0.4660560344827586 0.45703125 0.019037356321839116 0.030980603448275912
0 0.48976293103448276 0.4714439655172414 0.01867816091954022 0.0274784482758621
0 0.3430316091954023 0.6411637931034482 0.015804597701149448 0.026939655172413812
0 0.45474137931034486 0.3376885775862069 0.01831896551724138 0.03313577586206895
0 0.4962284482758621 0.7056842672413792 0.02047413793103453 0.03259698275862066
0 0.6300287356321839 0.20406788793103448 0.022629310344827513 0.030441810344827597
0 0.5257722701149425 0.2548491379310345 0.017420977011494254 0.02801724137931036
0 0.21973778735632185 0.6119342672413793 0.017420977011494254 0.020743534482758674
0 0.5653735632183907 0.5748922413793103 0.019755747126436796 0.029633620689655138
0 0.30756106321839083 0.5441810344827587 0.01598419540229884 0.024245689655172487
0 0.2925646551724138 0.8174838362068966 0.017600574712643702 0.0315193965517242
0 0.45536997126436785 0.4284752155172414 0.01813936781609199 0.030980603448275912
0 0.3989762931034483 0.5082165948275862 0.017780172413793094 0.027747844827586243
0 0.6408045977011494 0.27936422413793105 0.01652298850574707 0.025862068965517238
0 0.5725574712643677 0.25134698275862066 0.01652298850574707 0.02855603448275862
0 0.5888110632183907 0.24110991379310348 0.015265804597701105 0.025323275862068978
0 0.6036278735632183 0.2478448275862069 0.014008620689655138 0.026939655172413812
0 0.6244612068965517 0.2361260775862069 0.015445402298850608 0.02289870689655174
0 0.6145833333333333 0.26023706896551724 0.01867816091954022 0.02801724137931036
0 0.6320941091954023 0.265625 0.015625 0.03340517241379312
0 0.5880926724137931 0.2652209051724138 0.015265804597701105 0.025592672413793094
0 0.4500718390804598 0.21646012931034483 0.01831896551724138 0.02613146551724138
0 0.3978987068965517 0.3401131465517241 0.013110632183908066 0.02613146551724138
0 0.37329382183908044 0.3996497844827586 0.017780172413793094 0.025053879310344862
0 0.3718570402298851 0.4331896551724138 0.016343390804597735 0.023168103448275856
0 0.41747485632183906 0.45487607758620685 0.015625 0.025592672413793094
0 0.4105603448275862 0.4330549568965517 0.017241379310344807 0.0352909482758621
0 0.4098419540229885 0.38900862068965514 0.02155172413793105 0.02801724137931033
0 0.4542025862068966 0.31883081896551724 0.015445402298850552 0.013200431034482762
0 0.46650502873563215 0.36301185344827586 0.01454741379310348 0.023976293103448287
0 0.4735991379310345 0.4090786637931034 0.019037356321839116 0.02667025862068967
0 0.45563936781609193 0.3978987068965517 0.013649425287356298 0.025862068965517238
0 0.49443247126436785 0.4292834051724138 0.015445402298850608 0.021821120689655193
0 0.48042385057471265 0.4408674568965517 0.015445402298850608 0.03367456896551724
0 0.48886494252873564 0.4969019396551724 0.010775862068965525 0.017510775862068895
0 0.29238505747126436 0.5518588362068966 0.015086206896551713 0.020743534482758674
0 0.22485632183908044 0.5355603448275862 0.016882183908045995 0.022629310344827624
0 0.26822916666666663 0.5030980603448276 0.010955459770114973 0.0196659482758621
0 0.21066810344827586 0.5560344827586207 0.014367816091954033 0.02155172413793105
0 0.2068067528735632 0.5824353448275862 0.01239224137931036 0.02155172413793105
0 0.19719827586206895 0.60546875 0.017600574712643674 0.018588362068965525
0 0.23329741379310345 0.6710668103448276 0.016522988505747127 0.0274784482758621
0 0.20088002873563218 0.6507273706896551 0.014547413793103425 0.022359913793103425
0 0.203125 0.673895474137931 0.015804597701149448 0.026131465517241326
0 0.2017780172413793 0.6957165948275862 0.01634339080459768 0.02559267241379315
0 0.20842313218390804 0.7106681034482758 0.015625 0.028556034482758563
0 0.2172234195402299 0.6631196120689655 0.013469827586206906 0.020204741379310276
0 0.19450431034482757 0.6655441810344828 0.012571839080459751 0.020743534482758674
0 0.2776580459770115 0.6468211206896551 0.012571839080459779 0.026400862068965525
0 0.3081896551724138 0.6741648706896552 0.014367816091954033 0.019127155172413812
0 0.27056393678160917 0.7205010775862069 0.019576149425287348 0.02720905172413801
0 0.28385416666666663 0.7365301724137931 0.012392241379310331 0.03125
0 0.2764008620689655 0.7681842672413792 0.00969827586206895 0.022898706896551713
0 0.30334051724137934 0.7517510775862069 0.016522988505747127 0.020743534482758563
0 0.29445043103448276 0.7742456896551724 0.021372126436781602 0.028017241379310387
0 0.26329022988505746 0.82421875 0.014367816091954033 0.02882543103448265
0 0.2802622126436782 0.8344558189655172 0.015625 0.02559267241379315
0 0.2978627873563218 0.8309536637931034 0.015625 0.0234375
0 0.32614942528735635 0.81640625 0.018678160919540276 0.022359913793103425
0 0.3363864942528736 0.7972790948275862 0.012931034482758619 0.0315193965517242
0 0.33988864942528735 0.7843480603448276 0.013110632183908066 0.01373922413793105
0 0.34195402298850575 0.7508081896551724 0.012931034482758619 0.02532327586206895
0 0.34168462643678166 0.7085129310344828 0.011673850574712652 0.022090517241379226
0 0.3357579022988506 0.7219827586206896 0.011673850574712652 0.014547413793103425
0 0.3246228448275862 0.7241379310344828 0.009518678160919503 0.02155172413793105
0 0.2947198275862069 0.6473599137931034 0.013290229885057459 0.024784482758620663
0 0.2732579022988506 0.6943696120689655 0.012751436781609227 0.0196659482758621
0 0.2843031609195402 0.697332974137931 0.00933908045977011 0.020743534482758674
0 0.32956178160919536 0.6241918103448276 0.015804597701149448 0.023168103448275912
0 0.3441091954022989 0.6127424568965517 0.012931034482758619 0.020204741379310276
0 0.3027119252873563 0.6043911637931034 0.012033045977011492 0.0196659482758621
0 0.2817887931034483 0.6030441810344828 0.013290229885057459 0.016433189655172376
0 0.2885237068965517 0.5738146551724137 0.014188218390804586 0.019935344827586188
0 0.3364762931034483 0.5757004310344828 0.010237068965517238 0.0193965517241379
0 0.31806752873563215 0.5905172413793104 0.014367816091953978 0.016702586206896575
0 0.3364762931034483 0.6584051724137931 0.014188218390804586 0.030711206896551713
0 0.32246767241379315 0.6472252155172413 0.017780172413793094 0.02559267241379304
0 0.2801724137931034 0.6772629310344828 0.015086206896551768 0.015086206896551824
0 0.2749640804597701 0.66015625 0.024784482758620663 0.0191271551724137
0 0.29427083333333337 0.5921336206896552 0.013110632183908011 0.017241379310344862
0 0.46066810344827586 0.7210398706896551 0.014008620689655138 0.03313577586206895
0 0.43714080459770116 0.6553071120689655 0.015804597701149392 0.023976293103448287
0 0.45563936781609193 0.5973868534482758 0.015804597701149448 0.02128232758620696
0 0.45806393678160917 0.6208243534482758 0.01670258620689652 0.023976293103448287
0 0.46641522988505746 0.6427801724137931 0.014008620689655193 0.022090517241379337
0 0.47332974137931033 0.6644665948275862 0.020294540229885083 0.022359913793103425
0 0.4838362068965517 0.6837284482758621 0.02191091954022989 0.023706896551724088
0 0.48347701149425293 0.6414331896551724 0.016522988505747127 0.0193965517241379
0 0.5359195402298851 0.607354525862069 0.012931034482758674 0.01751077586206895
0 0.5173311781609196 0.5773168103448276 0.01634339080459768 0.03125
0 0.44198994252873564 0.5692349137931034 0.017600574712643646 0.016702586206896575
0 0.4455818965517241 0.5863415948275862 0.012931034482758619 0.020743534482758674
0 0.4423491379310345 0.6080280172413793 0.013649425287356354 0.024245689655172376
0 0.4322916666666667 0.5778556034482758 0.011494252873563204 0.016163793103448287
0 0.4523168103448276 0.5666756465517242 0.014906609195402265 0.014816810344827513
0 0.5433728448275863 0.5474137931034483 0.02604166666666663 0.022090517241379226
0 0.5707614942528736 0.4649784482758621 0.015804597701149392 0.040948275862069006
0 0.5542385057471264 0.4605334051724138 0.016163793103448287 0.015355603448275856
0 0.5687859195402298 0.4190463362068966 0.015086206896551713 0.022898706896551768
0 0.6172772988505748 0.4337284482758621 0.011494252873563204 0.02262931034482757
0 0.5807291666666666 0.505792025862069 0.01921695402298851 0.03475215517241387
0 0.5783045977011494 0.5417564655172413 0.012212643678160884 0.015625
0 0.5549568965517242 0.59375 0.017241379310344862 0.0274784482758621
0 0.5855783045977012 0.47440732758620685 0.01490660919540232 0.023706896551724144
0 0.5827945402298851 0.3438846982758621 0.016882183908045967 0.035290948275862044
0 0.6385596264367817 0.3448275862068966 0.020294540229884972 0.02478448275862072
0 0.6398168103448276 0.3798491379310345 0.01778017241379304 0.03286637931034486
0 0.6251795977011494 0.37136314655172414 0.016882183908045967 0.03475215517241381
0 0.6107219827586208 0.3863146551724138 0.015984195402298895 0.04040948275862072
0 0.5138290229885057 0.26751077586206895 0.012931034482758674 0.033405172413793094
0 0.5127514367816093 0.2855603448275862 0.01867816091954022 0.03017241379310348
0 0.42690373563218387 0.3689385775862069 0.014008620689655193 0.024515086206896575
0 0.4406429597701149 0.3472521551724138 0.008441091954023039 0.015625
0 0.3917025862068966 0.36961206896551724 0.012931034482758619 0.03394396551724138
0 0.35748922413793105 0.45123922413793105 0.010596264367816077 0.02424568965517243
0 0.34357040229885055 0.5915948275862069 0.00897988505747127 0.028556034482758563
0 0.30145474137931033 0.6443965517241379 0.010237068965517238 0.020474137931034475
0 0.2645474137931034 0.6709321120689655 0.010775862068965525 0.016433189655172376
