0 0.6458333333333334 0.7498653017241379 0.0193965517241379 0.0390625
0 0.5281968390804598 0.8127693965517242 0.019037356321839116 0.025862068965517238
0 0.48895474137931033 0.24070581896551724 0.022090517241379337 0.027747844827586188
0 0.5514547413793103 0.19679418103448276 0.019576149425287404 0.03313577586206895
0 0.38397988505747127 0.7039331896551724 0.020474137931034475 0.036099137931034475
0 0.5066451149425287 0.7840786637931034 0.013649425287356298 0.028825431034482762
0 0.5435524425287357 0.7345096982758621 0.02244971264367812 0.034213362068965525
0 0.33926005747126436 0.9206627155172413 0.016882183908045967 0.028286637931034586
0 0.5172413793103449 0.7906788793103448 0.015445402298850608 0.028017241379310387
0 0.5525323275862069 0.2963362068965517 0.01706178160919547 0.0274784482758621
0 0.5683369252873562 0.5905172413793103 0.02244971264367812 0.029633620689655138
0 0.4375897988505747 0.6713362068965517 0.018498563218390773 0.0350215517241379
0 0.4186422413793104 0.4330549568965517 0.017600574712643702 0.03044181034482757
0 0.5895294540229885 0.5782596982758621 0.020653735632183867 0.0352909482758621
0 0.4103807471264368 0.36193426724137934 0.020833333333333315 0.030980603448275856
0 0.37212643678160917 0.8080549568965517 0.01903735632183906 0.02505387931034475
0 0.5113146551724138 0.8644935344827587 0.016522988505747183 0.032327586206896464
0 0.6163793103448276 0.28704202586206895 0.021910919540229945 0.03044181034482757
0 0.5934806034482758 0.7490571120689655 0.021012931034482762 0.03690732758620685
0 0.5026041666666666 0.35183189655172414 0.016343390804597735 0.026400862068965525
0 0.5311602011494253 0.7866379310344828 0.018139367816091934 0.0269396551724137
0 0.5303520114942528 0.8413254310344828 0.016882183908046078 0.031788793103448176
0 0.5281070402298851 0.908270474137931 0.017420977011494254 0.0272090517241379
0 0.3590158045977011 0.7936422413793103 0.017241379310344807 0.024784482758620663
0 0.30289152298850575 0.6685075431034483 0.02460488505747127 0.026131465517241326
0 0.3529992816091954 0.8453663793103448 0.018139367816091934 0.025862068965517238
0 0.5577406609195403 0.8778286637931034 0.017420977011494254 0.0309806034482758
0 0.5170617816091954 0.2347790948275862 0.019755747126436796 0.02990301724137931
0 0.6067708333333333 0.7644127155172413 0.018857758620689613 0.0390625
0 0.5173311781609196 0.8384967672413792 0.01634339080459768 0.027747844827586188
0 0.5289152298850575 0.16877693965517243 0.017600574712643757 0.027747844827586216
0 0.5280172413793103 0.47063577586206895 0.02011494252873558 0.030172413793103425
0 0.5076329022988506 0.33054956896551724 0.01598419540229884 0.026939655172413812
0 0.5265804597701149 0.709051724137931 0.019037356321839116 0.026400862068965525
0 0.45860272988505746 0.6291756465517242 0.02424568965517243 0.02936422413793094
0 0.5019755747126436 0.5008081896551724 0.0193965517241379 0.026939655172413812
0 0.5858477011494252 0.4090786637931034 0.019755747126436796 0.031519396551724144
0 0.5801903735632183 0.4383081896551724 0.01778017241379304 0.029633620689655193
0 0.48832614942528735 0.36085668103448276 0.01867816091954022 0.03259698275862066
0 0.3868534482758621 0.4216056034482759 0.020833333333333315 0.02855603448275862
0 0.6527478448275862 0.8701508620689655 0.026400862068965525 0.036099137931034475
0 0.37616738505747127 0.5747575431034483 0.021012931034482762 0.030441810344827624
0 0.39879669540229884 0.6792834051724137 0.01849856321839083 0.03259698275862066
0 0.5981501436781609 0.27586206896551724 0.023168103448275912 0.026939655172413812
0 0.421875 0.6508620689655172 0.016163793103448287 0.02963362068965525
0 0.5466056034482759 0.6175915948275862 0.01921695402298851 0.02936422413793105
0 0.5951867816091954 0.24205280172413796 0.023347701149425304 0.02882543103448279
0 0.5047593390804598 0.46349676724137934 0.01921695402298851 0.03044181034482757
0 0.5164331896551724 0.6784752155172413 0.020653735632183978 0.029903017241379337
0 0.5801005747126438 0.2568696120689655 0.023347701149425304 0.028286637931034475
0 0.5524425287356323 0.32489224137931033 0.017600574712643646 0.03178879310344829
0 0.5398706896551724 0.36799568965517243 0.019037356321839005 0.030711206896551713
0 0.6426005747126436 0.5400053879310345 0.015445402298850608 0.034213362068965525
0 0.3629669540229885 0.8997844827586208 0.017600574712643646 0.029633620689655138
0 0.5459770114942528 0.42712823275862066 0.020474137931034586 0.03636853448275862
0 0.5109554597701149 0.6936961206896552 0.020474137931034475 0.028556034482758563
0 0.5119432471264367 0.5571120689655172 0.01634339080459768 0.0350215517241379
0 0.6332614942528736 0.47454202586206895 0.017241379310344862 0.025592672413793094
0 0.31690014367816094 0.9168911637931034 0.01921695402298851 0.021821120689655138
0 0.6577765804597702 0.5056573275862069 0.02244971264367812 0.026939655172413812
0 0.5886314655172413 0.20797413793103448 0.021012931034482762 0.030172413793103453
0 0.5376257183908046 0.4948814655172413 0.018857758620689613 0.02855603448275862
0 0.5469647988505747 0.5561691810344828 0.020653735632183867 0.034213362068965525
0 0.5260416666666666 0.6220366379310345 0.02298850574712641 0.030711206896551713
0 0.5710308908045978 0.7712823275862069 0.01849856321839083 0.026939655172413812
0 0.595007183908046 0.1796875 0.02298850574712641 0.02801724137931033
0 0.4874281609195402 0.9613415948275862 0.0193965517241379 0.03313577586206895
0 0.38838002873563215 0.5476831896551724 0.017061781609195414 0.0274784482758621
0 0.5297234195402298 0.22157866379310345 0.023168103448275912 0.02613146551724138
0 0.5837823275862069 0.8161368534482758 0.01778017241379304 0.023976293103448287
0 0.3203125 0.8467133620689655 0.01490660919540232 0.0231681034482758
0 0.5142780172413792 0.525323275862069 0.015984195402298895 0.026400862068965525
0 0.40849497126436785 0.38308189655172414 0.02352729885057475 0.022090517241379337
0 0.32839439655172414 0.6380657327586207 0.02244971264367812 0.026131465517241326
0 0.6047054597701149 0.84765625 0.02083333333333337 0.03690732758620685
0 0.5305316091954023 0.6786099137931034 0.021910919540229834 0.033943965517241326
0 0.6569683908045977 0.7455549568965517 0.020474137931034475 0.030441810344827624
0 0.49236709770114945 0.7036637931034483 0.01849856321839083 0.037715517241379226
0 0.5999461206896551 0.9476023706896551 0.015625 0.034213362068965525
0 0.6158405172413793 0.8251616379310345 0.018318965517241326 0.02532327586206895
0 0.3991558908045977 0.5823006465517242 0.020653735632183923 0.03529094827586199
0 0.5695941091954022 0.3129040948275862 0.01849856321839083 0.03475215517241376
0 0.5335847701149425 0.3992456896551724 0.02083333333333326 0.027478448275862044
0 0.35856681034482757 0.720635775862069 0.023527298850574696 0.04040948275862066
0 0.3395294540229885 0.8933189655172413 0.01634339080459768 0.026400862068965414
0 0.6109015804597702 0.4148706896551724 0.023527298850574696 0.033405172413793094
0 0.4859913793103448 0.8779633620689655 0.01795977011494254 0.025862068965517238
0 0.5406788793103448 0.2654903017241379 0.02244971264367812 0.03044181034482757
0 0.5247844827586208 0.5479525862068966 0.021192528735632155 0.03340517241379315
0 0.5849497126436782 0.29943426724137934 0.022629310344827513 0.02828663793103453
0 0.5807291666666667 0.1627155172413793 0.01849856321839083 0.032327586206896575
0 0.5388829022988506 0.8643588362068966 0.01849856321839083 0.026670258620689613
0 0.35713002873563215 0.5276131465517242 0.021012931034482707 0.026670258620689613
0 0.5676185344827587 0.6716056034482758 0.021731321839080553 0.02909482758620696
0 0.5969827586206897 0.4881465517241379 0.01939655172413801 0.03448275862068967
0 0.5774066091954023 0.8876616379310345 0.019037356321839116 0.028017241379310276
0 0.5004489942528736 0.9040948275862069 0.02209051724137928 0.036099137931034475
0 0.3938577586206896 0.6466864224137931 0.019396551724137956 0.03151939655172409
0 0.5114044540229885 0.6103178879310345 0.021372126436781658 0.028825431034482762
0 0.5478627873563218 0.7986260775862069 0.019935344827586188 0.040140086206896464
0 0.3635057471264368 0.5324622844827587 0.020474137931034475 0.028825431034482762
0 0.4588721264367816 0.4214709051724138 0.017241379310344862 0.03313577586206895
0 0.6152119252873564 0.5047144396551724 0.018139367816091934 0.027747844827586188
0 0.5716594827586207 0.9333243534482758 0.016882183908045967 0.026670258620689613
0 0.6752873563218391 0.5620959051724137 0.02227011494252873 0.03744612068965514
0 0.5386135057471264 0.9399245689655172 0.016163793103448287 0.03286637931034475
0 0.34033764367816094 0.7978178879310345 0.01795977011494254 0.02559267241379315
0 0.3739224137931034 0.7835398706896552 0.016163793103448232 0.023976293103448287
0 0.5062859195402298 0.21107219827586207 0.018318965517241437 0.027747844827586188
0 0.45770474137931033 0.6604256465517242 0.021731321839080442 0.03313577586206906
0 0.4146012931034483 0.5934806034482758 0.017780172413793094 0.026939655172413812
0 0.6253591954022989 0.5425646551724138 0.020474137931034475 0.036099137931034475
0 0.6188936781609196 0.7342403017241379 0.021192528735632155 0.032058189655172376
0 0.5583692528735632 0.48962823275862066 0.019037356321839116 0.0272090517241379
0 0.5614224137931034 0.24542025862068967 0.019037356321839116 0.02909482758620688
0 0.4931752873563218 0.3120959051724138 0.019755747126436796 0.027209051724137956
0 0.3067528735632184 0.9372306034482758 0.01795977011494254 0.024784482758620663
0 0.3952047413793104 0.3448275862068966 0.017061781609195414 0.025862068965517238
0 0.6048850574712643 0.38806573275862066 0.019755747126436796 0.022898706896551768
0 0.3862248563218391 0.7931034482758621 0.01454741379310348 0.028017241379310387
0 0.47916666666666663 0.66015625 0.019396551724137956 0.0277478448275863
0 0.36862428160919536 0.7462284482758621 0.021372126436781602 0.04040948275862066
0 0.41540948275862066 0.6200161637931034 0.017241379310344807 0.0272090517241379
0 0.31411637931034486 0.7016433189655172 0.01975574712643674 0.0272090517241379
0 0.5711206896551724 0.5106411637931034 0.02155172413793105 0.029903017241379337
0 0.34707255747126436 0.9415409482758621 0.015265804597701105 0.02532327586206895
0 0.3829022988505747 0.8219288793103449 0.016882183908045967 0.026400862068965525
0 0.35398706896551724 0.8733836206896551 0.014727011494252873 0.026400862068965525
0 0.4922772988505747 0.3933189655172414 0.01795977011494254 0.026939655172413812
0 0.367816091954023 0.6342941810344828 0.019755747126436796 0.034213362068965525
0 0.4484554597701149 0.38914331896551724 0.01975574712643674 0.03259698275862066
0 0.6149425287356322 0.4756196120689655 0.019037356321839116 0.032058189655172376
0 0.39197198275862066 0.31411637931034486 0.01885775862068967 0.037176724137930994
0 0.5929418103448276 0.8515625 0.01706178160919547 0.0393318965517242
0 0.49874281609195403 0.8033405172413792 0.014008620689655193 0.024784482758620663
0 0.5659123563218391 0.6196120689655172 0.02155172413793105 0.030172413793103425
0 0.5332255747126438 0.1997575431034483 0.019755747126436796 0.027209051724137928
0 0.6166487068965517 0.9302262931034483 0.015265804597701216 0.0237068965517242
0 0.4806034482758621 0.4608028017241379 0.02191091954022989 0.03259698275862072
0 0.3276760057471264 0.7277747844827587 0.018498563218390773 0.028825431034482762
0 0.5127514367816092 0.30226293103448276 0.01795977011494254 0.030711206896551713
0 0.5123922413793103 0.26198814655172414 0.023706896551724088 0.02936422413793105
0 0.5899784482758621 0.71484375 0.019755747126436796 0.029903017241379226
0 0.6306573275862069 0.8713631465517242 0.018857758620689613 0.02936422413793094
0 0.5672593390804598 0.7370689655172413 0.020294540229885083 0.030711206896551713
0 0.33207614942528735 0.7054148706896552 0.01795977011494254 0.027747844827586188
0 0.5778556034482758 0.5441810344827587 0.018857758620689613 0.030172413793103536
0 0.3323455459770115 0.8450969827586208 0.01778017241379315 0.025862068965517238
0 0.6402658045977012 0.5024245689655172 0.019037356321839005 0.0350215517241379
0 0.3755387931034483 0.9547413793103448 0.020474137931034475 0.023168103448275912
0 0.33010057471264365 0.8186961206896551 0.020833333333333315 0.024245689655172376
0 0.4761135057471264 0.4214709051724138 0.017600574712643702 0.027747844827586243
0 0.32282686781609193 0.8713631465517242 0.02424568965517243 0.026131465517241437
0 0.5672593390804597 0.8001077586206896 0.021012931034482762 0.03125
0 0.3479705459770115 0.5569773706896552 0.021372126436781658 0.028825431034482762
0 0.3556034482758621 0.5932112068965517 0.02047413793103453 0.03717672413793105
0 0.5917744252873562 0.32421875 0.02011494252873558 0.023976293103448287
0 0.36494252873563215 0.5660021551724138 0.016522988505747127 0.028017241379310276
0 0.5279274425287357 0.32610452586206895 0.018857758620689613 0.02613146551724138
0 0.5294540229885057 0.29660560344827586 0.014008620689655249 0.030711206896551713
0 0.5568426724137931 0.2733028017241379 0.013829022988505746 0.023976293103448232
0 0.600305316091954 0.25417564655172414 0.01490660919540221 0.02020474137931036
0 0.607489224137931 0.3199084051724138 0.014547413793103425 0.02667025862068967
0 0.5988685344827587 0.2979525862068966 0.006645114942528729 0.019396551724137956
0 0.4448635057471264 0.41082974137931033 0.01903735632183906 0.036099137931034475
0 0.4224137931034483 0.4012661637931034 0.02191091954022989 0.03367456896551724
0 0.4052622126436782 0.4441002155172414 0.014547413793103425 0.02936422413793105
0 0.40598060344827586 0.4738685344827586 0.018139367816091934 0.030172413793103425
0 0.38864942528735635 0.3895474137931034 0.013290229885057514 0.03017241379310348
0 0.4012212643678161 0.4148706896551724 0.019755747126436796 0.02424568965517243
0 0.3884698275862069 0.6189385775862069 0.0193965517241379 0.029903017241379337
0 0.4305854885057471 0.5975215517241379 0.01778017241379315 0.024784482758620663
0 0.3176185344827586 0.6839978448275862 0.02244971264367812 0.018857758620689724
0 0.3003771551724138 0.693292025862069 0.01598419540229884 0.03367456896551724
0 0.3114224137931034 0.8372844827586207 0.021551724137930994 0.018318965517241326
0 0.3402478448275862 0.8683997844827587 0.013469827586206906 0.022898706896551713
0 0.32058189655172414 0.8938577586206896 0.020474137931034475 0.02532327586206895
0 0.3310883620689655 0.9441002155172413 0.013829022988505746 0.03960129310344829
0 0.36979166666666663 0.9816810344827587 0.016522988505747127 0.028017241379310387
0 0.359375 0.9575700431034482 0.017600574712643646 0.028825431034482762
0 0.3516522988505747 0.9822198275862069 0.015804597701149448 0.030172413793103536
0 0.3436602011494253 0.9649784482758621 0.01454741379310348 0.023706896551724088
0 0.35272988505747127 0.9164870689655172 0.013649425287356354 0.0237068965517242
0 0.3711386494252874 0.8758081896551724 0.01526580459770116 0.023706896551724088
0 0.3837104885057471 0.8974946120689655 0.009518678160919558 0.040140086206896575
0 0.3708692528735632 0.84765625 0.01903735632183906 0.020743534482758674
0 0.38164511494252873 0.8624730603448276 0.014727011494252873 0.024515086206896575
0 0.3584770114942529 0.8212553879310345 0.013649425287356354 0.022898706896551713
0 0.4806034482758621 0.8213900862068966 0.014367816091953978 0.0274784482758621
0 0.4801544540229885 0.8475215517241379 0.013829022988505746 0.024784482758620663
0 0.5039511494252874 0.8318965517241379 0.013290229885057514 0.030172413793103425
0 0.4913793103448276 0.8188308189655172 0.012931034482758619 0.026131465517241326
0 0.514367816091954 0.9264547413793103 0.016163793103448287 0.04256465517241381
0 0.4766522988505747 0.8946659482758621 0.006824712643678177 0.03394396551724144
0 0.4771012931034483 0.9195851293103449 0.008800287356321823 0.02936422413793105
0 0.49362428160919536 0.9381734913793103 0.013110632183908011 0.027747844827586188
0 0.5163433908045977 0.9533943965517242 0.02155172413793105 0.02747844827586199
0 0.5055675287356322 0.9457165948275862 0.01149425287356326 0.020743534482758674
0 0.5501077586206896 0.9498922413793103 0.01795977011494254 0.029633620689655138
0 0.560614224137931 0.9500269396551724 0.012392241379310276 0.034213362068965525
0 0.5518139367816093 0.9737338362068966 0.012392241379310387 0.0196659482758621
0 0.5373563218390804 0.9637661637931034 0.014727011494252817 0.018049568965517238
0 0.5260416666666667 0.9822198275862069 0.015086206896551713 0.03502155172413801
0 0.5107758620689655 0.9750808189655172 0.02298850574712641 0.0191271551724137
0 0.5097880747126438 0.9915140086206897 0.01490660919540232 0.016971982758620663
0 0.49874281609195403 0.9911099137931034 0.008979885057471215 0.01778017241379315
0 0.48563218390804597 0.9907058189655172 0.014367816091954033 0.018588362068965525
0 0.5419360632183907 0.9896282327586207 0.017420977011494254 0.020743534482758674
0 0.5598958333333333 0.9911099137931034 0.017420977011494254 0.01778017241379315
0 0.5685165229885057 0.9711745689655172 0.01921695402298851 0.020474137931034475
0 0.5882722701149425 0.9719827586206897 0.020294540229885083 0.029633620689655138
0 0.5731860632183908 0.9850484913793103 0.014188218390804641 0.010506465517241437
0 0.5906968390804598 0.9248383620689655 0.012212643678160884 0.03286637931034475
0 0.6031788793103449 0.9119073275862069 0.010596264367816133 0.026400862068965525
0 0.618444683908046 0.9055765086206897 0.020653735632183867 0.02720905172413801
0 0.5730064655172413 0.8624730603448276 0.014547413793103536 0.029903017241379337
0 0.5721084770114943 0.9018049568965517 0.013110632183908066 0.032058189655172376
0 0.5539691091954022 0.9197198275862069 0.02460488505747127 0.02747844827586199
0 0.4922772988505747 0.8646282327586207 0.020114942528735635 0.020743534482758674
0 0.4834770114942529 0.7830010775862069 0.014008620689655138 0.0234375
0 0.5430136494252873 0.8343211206896552 0.018857758620689613 0.026939655172413812
0 0.5548670977011494 0.8502155172413793 0.01921695402298851 0.0350215517241379
0 0.5729166666666667 0.8376885775862069 0.014727011494252928 0.0234375
0 0.48832614942528735 0.9143318965517242 0.012212643678160884 0.023706896551724088
0 0.5258620689655172 0.9331896551724138 0.013649425287356243 0.01778017241379315
0 0.5037715517241379 0.7590247844827587 0.020114942528735635 0.020204741379310387
0 0.49712643678160917 0.7761314655172413 0.011853448275862044 0.019935344827586188
0 0.5267600574712643 0.7413793103448276 0.008620689655172487 0.020474137931034475
0 0.5355603448275862 0.7462284482758621 0.012212643678160884 0.020474137931034475
0 0.5115840517241379 0.7280441810344827 0.02244971264367812 0.013200431034482762
0 0.5132902298850575 0.7431303879310345 0.013290229885057459 0.0191271551724137
0 0.5739044540229885 0.6493803879310345 0.020653735632183867 0.022898706896551713
0 0.5974317528735632 0.6761853448275862 0.012392241379310276 0.015625
0 0.5698635057471264 0.6950431034482758 0.01867816091954022 0.02532327586206906
0 0.5453484195402298 0.6457435344827587 0.019935344827586188 0.023168103448275912
0 0.4851831896551724 0.6866918103448276 0.01885775862068967 0.03448275862068961
0 0.530621408045977 0.6526131465517242 0.016702586206896575 0.02720905172413801
0 0.5940193965517242 0.5502424568965517 0.01778017241379304 0.024515086206896575
0 0.5290050287356323 0.5191271551724137 0.019935344827586188 0.019935344827586188
0 0.5205639367816093 0.4921875 0.01634339080459768 0.02909482758620685
