0 0.544989224137931 0.556573275862069 0.029992816091954033 0.04741379310344829
0 0.4566271551724138 0.5836476293103449 0.026400862068965525 0.043911637931034475
0 0.3715876436781609 0.5463362068965517 0.028376436781609227 0.043642241379310276
0 0.5861170977011494 0.4404633620689655 0.02532327586206895 0.046875
0 0.47413793103448276 0.5637122844827587 0.03053160919540232 0.05199353448275856
0 0.5217313218390804 0.4109644396551724 0.024425287356321768 0.03798491379310348
0 0.524694683908046 0.3693426724137931 0.027119252873563204 0.0431034482758621
0 0.6155711206896552 0.6193426724137931 0.018857758620689613 0.028556034482758563
0 0.6533764367816092 0.6260775862068966 0.025143678160919558 0.04471982758620685
0 0.41522988505747127 0.6788793103448276 0.02083333333333337 0.05118534482758619
0 0.561242816091954 0.17564655172413793 0.02083333333333326 0.04148706896551724
0 0.37221623563218387 0.6567887931034482 0.02424568965517243 0.04148706896551724
0 0.6420617816091954 0.3759428879310345 0.026221264367816022 0.04498922413793105
0 0.6232040229885057 0.4659213362068966 0.024066091954022983 0.03367456896551724
0 0.4864403735632184 0.6030441810344828 0.02819683908045978 0.036368534482758674
0 0.6742097701149425 0.48477909482758624 0.03196839080459768 0.04552801724137934
0 0.578125 0.4939385775862069 0.03125 0.04822198275862066
0 0.3723958333333333 0.5013469827586208 0.03178879310344829 0.04364224137931039
0 0.6534662356321839 0.7536368534482758 0.023527298850574696 0.04337284482758619
0 0.755926724137931 0.6148976293103448 0.03268678160919536 0.04714439655172409
0 0.5741738505747126 0.3605872844827587 0.01795977011494254 0.02074353448275862
0 0.546246408045977 0.2210398706896552 0.029992816091954033 0.0460668103448276
0 0.6226652298850575 0.3872575431034483 0.02837643678160917 0.04175646551724138
0 0.49425287356321845 0.6755118534482758 0.026580459770114973 0.04822198275862066
0 0.4240301724137931 0.5883620689655172 0.02765804597701149 0.051724137931034475
0 0.49452227011494254 0.5431034482758621 0.0274784482758621 0.04741379310344829
0 0.47126436781609193 0.5206088362068966 0.024425287356321823 0.0352909482758621
0 0.5842313218390804 0.2537715517241379 0.03125 0.042564655172413784
0 0.6792385057471264 0.6453394396551724 0.02442528735632188 0.04714439655172409
0 0.530621408045977 0.5270743534482758 0.0274784482758621 0.04714439655172409
0 0.5294540229885057 0.34240301724137934 0.02586206896551735 0.03556034482758624
0 0.5417564655172413 0.40032327586206895 0.027837643678160995 0.03771551724137928
0 0.516253591954023 0.5732758620689655 0.024245689655172376 0.0544181034482758
0 0.37311422413793105 0.5774515086206897 0.019935344827586188 0.02559267241379304
0 0.5152658045977012 0.5165678879310345 0.026221264367816022 0.04445043103448282
0 0.5645653735632183 0.2778825431034483 0.029274425287356354 0.04445043103448276
0 0.5802801724137931 0.2075700431034483 0.029454022988505746 0.043372844827586216
0 0.34545617816091956 0.7005657327586207 0.02209051724137928 0.036368534482758674
0 0.6701688218390804 0.5905172413793104 0.030711206896551713 0.045797413793103425
0 0.5598060344827587 0.42551185344827586 0.02837643678160917 0.043911637931034475
0 0.6464619252873562 0.5095635775862069 0.02460488505747127 0.047144396551724144
0 0.5154454022988506 0.47077047413793105 0.02909482758620696 0.04552801724137928
0 0.4483656609195402 0.3985721982758621 0.02855603448275862 0.04552801724137928
0 0.5475933908045978 0.3197737068965517 0.024784482758620663 0.045797413793103425
0 0.3890086206896552 0.6065463362068966 0.02765804597701149 0.053609913793103425
0 0.6021012931034482 0.29876077586206895 0.03178879310344829 0.044719827586206906
0 0.47476652298850575 0.3762122844827586 0.029992816091954033 0.04929956896551724
0 0.5773168103448276 0.32664331896551724 0.031070402298850608 0.047144396551724144
0 0.43884698275862066 0.5294989224137931 0.02855603448275862 0.03582974137931039
0 0.5970725574712643 0.654364224137931 0.01778017241379304 0.02909482758620685
0 0.5036817528735632 0.39709051724137934 0.027478448275862044 0.04256465517241376
0 0.7482938218390804 0.6411637931034483 0.02891522988505746 0.036099137931034475
0 0.6902837643678161 0.7235991379310345 0.02819683908045978 0.04903017241379315
0 0.5986889367816093 0.36584051724137934 0.022090517241379337 0.04418103448275862
0 0.7021372126436781 0.6792834051724137 0.02532327586206895 0.04552801724137934
0 0.5486709770114943 0.5099676724137931 0.027298850574712707 0.04418103448275856
0 0.45869252873563215 0.6476293103448276 0.028376436781609227 0.0506465517241379
0 0.5792025862068966 0.3910290948275862 0.023347701149425304 0.031519396551724144
0 0.5343929597701149 0.29876077586206895 0.008081896551724088 0.025862068965517238
0 0.5170617816091954 0.32219827586206895 0.023347701149425304 0.025862068965517238
0 0.5944683908045978 0.4084051724137931 0.02083333333333337 0.04040948275862066
0 0.6566091954022988 0.51953125 0.02298850574712652 0.037984913793103425
0 0.6388290229885057 0.5765086206896552 0.03591954022988508 0.04849137931034486
0 0.6119791666666667 0.6872306034482759 0.029274425287356354 0.046875
0 0.6467313218390804 0.6524784482758621 0.024425287356321768 0.03933189655172409
0 0.7218031609195403 0.7314116379310345 0.023347701149425304 0.047952586206896575
