0 0.39511494252873564 0.49366918103448276 0.026221264367816133 0.02990301724137928
0 0.5594468390804597 0.46632543103448276 0.016163793103448287 0.028017241379310387
0 0.3957435344827586 0.5272090517241379 0.029992816091954033 0.04148706896551724
0 0.5150862068965517 0.8217941810344828 0.021192528735632266 0.036368534482758674
0 0.5967133620689655 0.3115571120689655 0.017420977011494254 0.02667025862068967
0 0.3813757183908046 0.48464439655172414 0.025682471264367845 0.03771551724137934
0 0.3806573275862069 0.44504310344827586 0.02819683908045978 0.042025862068965525
0 0.4999102011494253 0.5220905172413793 0.02568247126436779 0.04094827586206895
0 0.36584051724137934 0.603582974137931 0.018678160919540276 0.03744612068965525
0 0.5435524425287357 0.8325700431034483 0.023168103448275912 0.0309806034482758
0 0.3914331896551724 0.6186691810344828 0.023168103448275856 0.03313577586206895
0 0.5400502873563219 0.8157327586206897 0.024066091954022983 0.03933189655172409
0 0.2591594827586207 0.5389278017241379 0.030172413793103453 0.04067887931034486
0 0.3323455459770115 0.6244612068965518 0.026760057471264365 0.04256465517241381
0 0.34545617816091956 0.5897090517241379 0.023168103448275856 0.03771551724137934
0 0.5535201149425287 0.4170258620689655 0.026221264367816133 0.038254310344827624
0 0.4032866379310345 0.6458782327586208 0.027837643678160884 0.04337284482758619
0 0.5172413793103448 0.3911637931034483 0.012571839080459779 0.022090517241379337
0 0.5147270114942528 0.591864224137931 0.025502873563218453 0.0387931034482758
0 0.5510057471264367 0.7450161637931034 0.02227011494252873 0.04229525862068961
0 0.48114224137931033 0.6515355603448276 0.023347701149425304 0.03582974137931039
0 0.5252334770114943 0.41769935344827586 0.018857758620689724 0.02936422413793105
0 0.5082614942528736 0.6177262931034483 0.017600574712643646 0.022090517241379226
0 0.48311781609195403 0.40988685344827586 0.02765804597701149 0.040140086206896575
0 0.5387931034482758 0.6694504310344828 0.024784482758620663 0.03340517241379315
0 0.3338721264367816 0.5608836206896551 0.024066091954022983 0.038254310344827624
0 0.4985632183908046 0.4446390086206896 0.024784482758620663 0.040678879310344807
0 0.6027298850574713 0.7862338362068966 0.0193965517241379 0.040140086206896575
0 0.6123383620689655 0.7400323275862069 0.026400862068965525 0.03825431034482751
0 0.44306752873563215 0.6764547413793103 0.02191091954022989 0.03987068965517249
0 0.40625 0.5700431034482758 0.02909482758620685 0.04633620689655171
0 0.5677981321839081 0.49084051724137934 0.018857758620689724 0.032327586206896575
0 0.5778556034482758 0.45083512931034486 0.02460488505747127 0.042834051724137956
0 0.6257183908045978 0.7848868534482758 0.026939655172413812 0.04121767241379304
0 0.4858117816091954 0.5728717672413793 0.020474137931034475 0.028286637931034475
0 0.5283764367816092 0.47858297413793105 0.02155172413793105 0.031519396551724144
0 0.521551724137931 0.6518049568965517 0.025502873563218342 0.034213362068965525
0 0.5417564655172413 0.5367726293103448 0.024245689655172487 0.03151939655172409
0 0.47485632183908044 0.5880926724137931 0.025502873563218398 0.046875
0 0.3745510057471264 0.5548221982758621 0.0174209770114942 0.03582974137931039
0 0.5033225574712643 0.7455549568965517 0.02640086206896547 0.04067887931034475
0 0.5621408045977011 0.6012931034482758 0.025143678160919558 0.03987068965517249
0 0.5391522988505748 0.5964439655172413 0.023347701149425304 0.03825431034482751
0 0.5633979885057472 0.7955280172413793 0.02227011494252873 0.038254310344827624
0 0.5951867816091954 0.7603717672413793 0.023706896551724088 0.040140086206896575
0 0.4286997126436781 0.5732758620689655 0.019396551724137956 0.04471982758620685
0 0.2769396551724138 0.5712553879310345 0.026580459770114973 0.046066810344827624
0 0.4848239942528736 0.4881465517241379 0.023886494252873536 0.03448275862068967
0 0.2978627873563219 0.5515894396551724 0.02855603448275862 0.04067887931034486
0 0.5941091954022988 0.3438846982758621 0.017241379310344862 0.03582974137931033
0 0.5677083333333333 0.3915678879310345 0.024784482758620663 0.037984913793103425
0 0.5760596264367817 0.34051724137931033 0.024964080459770055 0.04040948275862066
0 0.530621408045977 0.4484105603448276 0.0231681034482758 0.036907327586206906
0 0.5711206896551724 0.7607758620689655 0.019755747126436796 0.037715517241379226
0 0.4546515804597701 0.4089439655172414 0.02604166666666663 0.038254310344827624
0 0.41801364942528735 0.5164331896551724 0.024245689655172376 0.040948275862068895
0 0.48976293103448276 0.5542834051724138 0.026221264367816133 0.030441810344827624
0 0.5829741379310345 0.3816002155172414 0.02155172413793105 0.037984913793103425
0 0.5406788793103448 0.5149515086206896 0.021372126436781547 0.03636853448275862
0 0.522808908045977 0.5608836206896552 0.024784482758620774 0.03286637931034486
0 0.5491199712643678 0.4835668103448276 0.02388649425287359 0.03017241379310348
0 0.5809087643678161 0.4190463362068966 0.023527298850574696 0.02451508620689652
0 0.3556034482758621 0.5556303879310345 0.019396551724137956 0.0272090517241379
0 0.44351652298850575 0.5180495689655172 0.018139367816091934 0.04148706896551729
0 0.5341235632183907 0.3884698275862069 0.011494252873563204 0.02532327586206895
