0 0.34626436781609193 0.3895474137931034 0.02765804597701149 0.045258620689655193
0 0.27262931034482757 0.5863415948275863 0.024066091954022983 0.04067887931034486
0 0.5176005747126436 0.29269935344827586 0.026580459770114917 0.04067887931034486
0 0.43723060344827586 0.32287176724137934 0.019935344827586188 0.02235991379310348
0 0.4344468390804598 0.39251077586206895 0.025862068965517238 0.04364224137931033
0 0.45061063218390807 0.3475215517241379 0.02227011494252873 0.039331896551724144
0 0.41199712643678166 0.6534213362068966 0.025502873563218398 0.04552801724137934
0 0.5974317528735633 0.6302532327586207 0.02460488505747127 0.04121767241379315
0 0.3858656609195402 0.37324892241379315 0.026400862068965525 0.04175646551724138
0 0.36889367816091956 0.5678879310344828 0.029454022988505746 0.047952586206896575
0 0.44001436781609193 0.5239762931034483 0.02478448275862072 0.04525862068965525
0 0.49757543103448276 0.3157327586206896 0.028556034482758674 0.04418103448275862
0 0.4051724137931034 0.3238146551724138 0.02191091954022989 0.03017241379310348
0 0.5667205459770115 0.40759698275862066 0.0199353448275863 0.03663793103448271
0 0.3843390804597701 0.6849407327586208 0.023347701149425304 0.03960129310344829
0 0.39197198275862066 0.19908405172413793 0.029274425287356298 0.044719827586206906
0 0.5642959770114943 0.5703125 0.02981321839080464 0.044181034482758674
0 0.4954202586206896 0.5560344827586207 0.025323275862068895 0.04094827586206895
0 0.4063397988505747 0.2889278017241379 0.02460488505747127 0.03582974137931033
0 0.6277837643678161 0.6213631465517242 0.02891522988505746 0.04822198275862066
0 0.29436063218390807 0.5118534482758621 0.03160919540229884 0.0431034482758621
0 0.43157327586206895 0.29849137931034486 0.029454022988505746 0.044719827586206906
0 0.5765086206896551 0.6163793103448276 0.02155172413793105 0.04525862068965514
0 0.5158045977011494 0.5933459051724137 0.027298850574712596 0.04337284482758619
0 0.4366020114942529 0.21255387931034483 0.030172413793103425 0.04741379310344829
0 0.4849137931034483 0.4313038793103448 0.025502873563218398 0.04148706896551724
0 0.3876616379310345 0.5350215517241379 0.0274784482758621 0.04418103448275856
0 0.30486709770114945 0.5941540948275862 0.01921695402298851 0.0390625
0 0.3318067528735632 0.6019665948275862 0.03142959770114945 0.04121767241379315
0 0.5977011494252873 0.5855334051724137 0.025502873563218453 0.03744612068965514
0 0.5627693965517242 0.6724137931034483 0.027119252873563204 0.046875
0 0.40346623563218387 0.4498922413793104 0.02855603448275862 0.045258620689655193
0 0.41855244252873564 0.24663254310344826 0.029633620689655138 0.04606681034482757
0 0.3563218390804598 0.5914601293103448 0.028735632183908066 0.04552801724137934
0 0.42304238505747127 0.1683728448275862 0.030711206896551713 0.045258620689655166
0 0.4639906609195402 0.39264547413793105 0.027837643678160884 0.04606681034482757
0 0.6258081896551724 0.5216864224137931 0.03214798850574707 0.04768318965517243
0 0.44243893678160917 0.2726293103448276 0.02496408045977011 0.03771551724137928
0 0.3823635057471264 0.4994612068965517 0.029813218390804586 0.04040948275862072
0 0.5277478448275862 0.55078125 0.03142959770114939 0.0471443965517242
0 0.35650143678160917 0.6585398706896552 0.026221264367816077 0.04714439655172409
0 0.35730962643678166 0.5177801724137931 0.026760057471264365 0.04364224137931033
0 0.4458512931034483 0.4709051724137931 0.029633620689655193 0.04633620689655171
0 0.46749281609195403 0.3075161637931034 0.025502873563218398 0.04229525862068967
0 0.34832974137931033 0.6936961206896552 0.02532327586206895 0.03771551724137934
0 0.46228448275862066 0.24299568965517243 0.02873563218390801 0.04256465517241381
0 0.4090337643678161 0.4136584051724138 0.02532327586206895 0.035290948275862044
0 0.421875 0.49771012931034486 0.024784482758620663 0.04391163793103453
0 0.5484913793103448 0.4102909482758621 0.02837643678160917 0.044719827586206906
0 0.4136135057471264 0.5181842672413793 0.02478448275862072 0.040140086206896575
0 0.5720186781609196 0.5228987068965517 0.02837643678160917 0.042025862068965525
0 0.5752514367816093 0.37257543103448276 0.03053160919540232 0.04256465517241381
0 0.4063397988505747 0.4872036637931034 0.01670258620689652 0.028286637931034475
0 0.3582974137931034 0.36247306034482757 0.025143678160919503 0.03960129310344829
0 0.47153376436781613 0.3504849137931034 0.023168103448275856 0.03663793103448276
0 0.39870689655172414 0.14991918103448276 0.021192528735632155 0.03798491379310345
0 0.39583333333333337 0.3508890086206896 0.024425287356321823 0.042834051724137956
0 0.41792385057471265 0.5536099137931034 0.025143678160919558 0.03663793103448276
0 0.37616738505747127 0.642645474137931 0.02819683908045978 0.04445043103448276
0 0.5413074712643678 0.5037715517241379 0.026221264367816133 0.039870689655172376
0 0.5052083333333334 0.4970366379310345 0.025502873563218398 0.04471982758620685
0 0.5379849137931034 0.4838362068965517 0.029274425287356354 0.02855603448275862
0 0.6310165229885057 0.54296875 0.028196839080459668 0.024515086206896575
0 0.31330818965517243 0.5467403017241379 0.02819683908045978 0.03151939655172409
0 0.32641882183908044 0.5390625 0.026041666666666685 0.04471982758620685
