0 0.5965337643678161 0.48356681034482757 0.021372126436781547 0.03448275862068961
0 0.41864224137931033 0.61328125 0.02765804597701149 0.042295258620689724
0 0.5890804597701149 0.7509428879310345 0.026580459770114917 0.045528017241379226
0 0.5024245689655172 0.4364224137931034 0.024245689655172376 0.039331896551724144
0 0.5695043103448276 0.5849946120689655 0.026580459770114917 0.03313577586206895
0 0.5913254310344828 0.6518049568965518 0.028196839080459668 0.04445043103448276
0 0.4296875 0.24070581896551724 0.022808908045977017 0.03744612068965514
0 0.5285560344827587 0.40099676724137934 0.029454022988505746 0.04337284482758624
0 0.4344468390804598 0.5335398706896551 0.029094827586206906 0.046066810344827624
0 0.3900862068965517 0.6682381465517242 0.026939655172413812 0.04445043103448276
0 0.4270833333333333 0.4370959051724138 0.025862068965517238 0.041217672413793094
0 0.4667744252873563 0.3002424568965517 0.03125 0.046605603448275856
0 0.4542025862068966 0.2570043103448276 0.029454022988505746 0.045258620689655193
0 0.6014727011494253 0.6051993534482758 0.026221264367816133 0.04175646551724144
0 0.40912356321839083 0.7190193965517242 0.03125 0.045797413793103536
0 0.4540229885057471 0.5836476293103448 0.026939655172413812 0.04445043103448276
0 0.4941630747126437 0.4792564655172413 0.02819683908045978 0.046874999999999944
0 0.6019216954022988 0.6977370689655172 0.020294540229884972 0.043642241379310276
0 0.4727909482758621 0.3624730603448276 0.02783764367816094 0.040678879310344807
0 0.4389367816091954 0.3793103448275862 0.023347701149425304 0.04148706896551724
0 0.49299568965517243 0.33068426724137934 0.029454022988505746 0.042834051724137956
0 0.515625 0.5130657327586207 0.025143678160919558 0.04014008620689652
0 0.3639547413793104 0.6829202586206897 0.027478448275862044 0.04741379310344829
0 0.5585488505747126 0.6287715517241379 0.03125 0.04741379310344829
0 0.3467133620689655 0.6278286637931034 0.031070402298850608 0.03960129310344829
0 0.3999640804597701 0.646551724137931 0.02981321839080464 0.047952586206896575
0 0.47099497126436785 0.40988685344827586 0.02209051724137928 0.025053879310344862
0 0.6226652298850575 0.7121497844827587 0.0237068965517242 0.0390625
0 0.42349137931034486 0.28973599137931033 0.031968390804597735 0.04445043103448276
0 0.5693247126436782 0.5629040948275862 0.02909482758620696 0.026670258620689724
0 0.46309267241379315 0.38860452586206895 0.02855603448275862 0.042834051724137956
0 0.37688577586206895 0.47009698275862066 0.027478448275862044 0.044719827586206906
0 0.4458512931034483 0.6027747844827587 0.02532327586206895 0.04175646551724144
0 0.46587643678160917 0.48195043103448276 0.025502873563218398 0.0431034482758621
0 0.49829382183908044 0.3935883620689655 0.02855603448275862 0.04364224137931033
0 0.6542744252873562 0.705010775862069 0.029454022988505746 0.046875
0 0.3353987068965517 0.671875 0.021012931034482762 0.04094827586206895
0 0.6593929597701149 0.627020474137931 0.022090517241379337 0.0272090517241379
0 0.6516702586206897 0.6087015086206897 0.0314295977011495 0.04822198275862066
0 0.4491738505747126 0.3353987068965517 0.029094827586206906 0.045258620689655193
0 0.39188218390804597 0.4446390086206896 0.026939655172413812 0.046605603448275856
0 0.4406429597701149 0.4950161637931034 0.02424568965517243 0.03636853448275862
0 0.4499820402298851 0.4501616379310345 0.02352729885057475 0.039331896551724144
0 0.4149604885057471 0.7629310344827587 0.02819683908045978 0.03825431034482751
0 0.6253591954022988 0.669854525862069 0.024784482758620663 0.042295258620689724
0 0.47261135057471265 0.6082974137931034 0.022808908045977017 0.04471982758620685
0 0.30702227011494254 0.6689116379310345 0.026400862068965525 0.04525862068965525
0 0.6043462643678161 0.4504310344827586 0.03125 0.042025862068965525
0 0.4765625 0.5595366379310345 0.029992816091954033 0.04525862068965525
0 0.38775143678160917 0.5961745689655172 0.024066091954022983 0.040409482758620774
0 0.5775862068965517 0.48828125 0.02765804597701149 0.043911637931034475
0 0.4803340517241379 0.4342672413793104 0.02424568965517243 0.039331896551724144
0 0.44926364942528735 0.6305226293103449 0.02819683908045978 0.03313577586206895
0 0.32695761494252873 0.5902478448275862 0.03142959770114939 0.042025862068965525
0 0.4421695402298851 0.7331627155172413 0.022270114942528785 0.04121767241379304
0 0.4139727011494253 0.5790678879310345 0.03089080459770116 0.046066810344827624
0 0.5473239942528736 0.3745959051724138 0.026400862068965525 0.0390625
0 0.5464260057471264 0.6722790948275862 0.025682471264367845 0.043911637931034475
0 0.5361889367816092 0.5789331896551724 0.028556034482758674 0.04525862068965514
0 0.4406429597701149 0.5744881465517242 0.026041666666666685 0.03636853448275856
0 0.36054238505747127 0.6056034482758621 0.025682471264367845 0.024245689655172376
