0 0.8089978448275862 0.6328125 0.026400862068965525 0.043642241379310276
0 0.6496048850574713 0.4040948275862069 0.024066091954022983 0.046875
0 0.6325431034482758 0.34213362068965514 0.030890804597701105 0.049030172413793094
0 0.6205100574712643 0.2009698275862069 0.023706896551724088 0.04471982758620688
0 0.6886673850574713 0.5697737068965517 0.029274425287356243 0.0393318965517242
0 0.4245689655172414 0.7093211206896552 0.026580459770114917 0.05441810344827591
0 0.5561242816091954 0.3508890086206896 0.022808908045977017 0.03205818965517243
0 0.7994791666666666 0.6663523706896552 0.026400862068965525 0.04660560344827591
0 0.5599856321839081 0.4754849137931034 0.033045977011494254 0.04579741379310348
0 0.3979885057471264 0.6709321120689655 0.03017241379310348 0.0471443965517242
0 0.607489224137931 0.4370959051724138 0.029274425287356243 0.04768318965517243
0 0.5589978448275862 0.5626346982758621 0.021372126436781658 0.0352909482758621
0 0.6288613505747127 0.3793103448275862 0.01778017241379304 0.02424568965517243
0 0.4407327586206896 0.7544450431034483 0.026221264367816077 0.0466056034482758
0 0.5255028735632183 0.5926724137931034 0.029454022988505746 0.04849137931034486
0 0.49658764367816094 0.5731411637931034 0.02442528735632188 0.0509159482758621
0 0.6979166666666667 0.4364224137931034 0.026221264367816022 0.04579741379310348
0 0.6529274425287356 0.7093211206896551 0.022808908045977017 0.04094827586206895
0 0.7359015804597702 0.7547144396551724 0.025682471264367845 0.053609913793103425
0 0.5705818965517242 0.43494073275862066 0.023347701149425304 0.04337284482758624
0 0.6187140804597702 0.29835668103448276 0.032327586206896464 0.04121767241379315
0 0.38514727011494254 0.7646821120689655 0.029992816091954033 0.055765086206896575
0 0.6022808908045977 0.24313038793103448 0.03142959770114939 0.049838362068965525
0 0.5904274425287357 0.5587284482758621 0.029992816091953922 0.05118534482758619
0 0.7496408045977012 0.7052801724137931 0.025862068965517238 0.04633620689655171
0 0.5763290229885057 0.3793103448275862 0.030172413793103425 0.04418103448275862
0 0.6607399425287357 0.6454741379310345 0.02155172413793094 0.03340517241379315
0 0.5933010057471264 0.4189116379310345 0.03178879310344829 0.04040948275862066
0 0.7070761494252873 0.6003502155172413 0.028735632183907955 0.04606681034482751
0 0.35910560344827586 0.7537715517241379 0.02460488505747127 0.04741379310344829
0 0.49407327586206895 0.6377963362068966 0.03089080459770116 0.0546875
0 0.5498383620689655 0.4158135775862069 0.03142959770114939 0.049838362068965525
0 0.6952227011494253 0.6497844827586207 0.025502873563218342 0.05280172413793105
0 0.6415229885057472 0.5245150862068966 0.023347701149425304 0.0393318965517242
0 0.38487787356321834 0.7156519396551724 0.023706896551724144 0.04229525862068961
0 0.6739403735632183 0.43601831896551724 0.030711206896551713 0.049838362068965525
0 0.5978807471264368 0.49407327586206895 0.030172413793103425 0.04741379310344834
0 0.6956716954022988 0.7696659482758621 0.025682471264367845 0.04418103448275856
0 0.641882183908046 0.29067887931034486 0.029454022988505746 0.049030172413793094
0 0.6299389367816093 0.4793911637931034 0.033225574712643646 0.05199353448275862
0 0.5382543103448276 0.5303071120689655 0.02765804597701149 0.047683189655172376
0 0.7263829022988506 0.5686961206896551 0.035380747126436796 0.05280172413793105
0 0.7104885057471264 0.7342403017241379 0.021910919540229834 0.04337284482758619
0 0.639996408045977 0.45379849137931033 0.022090517241379226 0.027747844827586188
0 0.4092133620689655 0.5107758620689655 0.02891522988505746 0.04364224137931033
0 0.4339080459770115 0.5921336206896552 0.025143678160919558 0.03286637931034486
0 0.5190373563218391 0.3950700431034483 0.03125 0.049838362068965525
0 0.6398168103448276 0.24259159482758622 0.029274425287356354 0.042834051724137956
0 0.4053520114942529 0.5553609913793103 0.02442528735632188 0.04229525862068961
0 0.6609195402298851 0.3394396551724138 0.026580459770114917 0.05010775862068967
0 0.5995869252873562 0.33755387931034486 0.027119252873563204 0.045258620689655193
0 0.7303340517241379 0.65625 0.023527298850574696 0.049568965517241326
0 0.5145474137931034 0.5432381465517242 0.033764367816091934 0.04876077586206906
0 0.5557650862068966 0.5204741379310345 0.01778017241379315 0.040409482758620774
0 0.5279274425287357 0.6712015086206897 0.03214798850574707 0.05199353448275856
0 0.4912895114942529 0.4236260775862069 0.03286637931034486 0.05037715517241381
0 0.4483656609195402 0.6596174568965517 0.027119252873563204 0.0546875
0 0.5765984195402298 0.5181842672413793 0.02819683908045978 0.046066810344827624
0 0.4224137931034483 0.5782596982758621 0.030172413793103425 0.05414870689655171
0 0.4665948275862069 0.564520474137931 0.024066091954022983 0.05414870689655171
0 0.47198275862068967 0.7060883620689655 0.029454022988505746 0.045797413793103425
0 0.7621228448275862 0.7854256465517242 0.020294540229885083 0.037984913793103536
0 0.6392780172413792 0.6087015086206897 0.021012931034482762 0.02720905172413801
0 0.5860272988505748 0.3673221982758621 0.024784482758620663 0.040678879310344807
0 0.6416127873563218 0.4370959051724138 0.018857758620689613 0.019127155172413757
