0 0.548760775862069 0.6491109913793103 0.023527298850574696 0.04067887931034486
0 0.5362787356321839 0.7188846982758621 0.025502873563218453 0.04121767241379315
0 0.5993175287356323 0.24730603448275862 0.026939655172413812 0.04148706896551724
0 0.5454382183908046 0.5030980603448276 0.02442528735632188 0.040140086206896575
0 0.2612248563218391 0.42025862068965514 0.030352011494252873 0.040948275862069006
0 0.38936781609195403 0.3723060344827586 0.024784482758620663 0.039870689655172376
0 0.4364224137931034 0.46457435344827586 0.022988505747126464 0.04337284482758619
0 0.4021192528735632 0.4168911637931034 0.03089080459770116 0.043911637931034475
0 0.5397808908045977 0.38079202586206895 0.02388649425287359 0.03313577586206895
0 0.6055136494252873 0.28879310344827586 0.020294540229884972 0.036099137931034475
0 0.41181752873563215 0.4609375 0.02801724137931033 0.046875
0 0.5093390804597702 0.4212015086206896 0.028017241379310387 0.042834051724137956
0 0.6145833333333333 0.6511314655172413 0.026939655172413812 0.04148706896551724
0 0.6000359195402298 0.3309536637931034 0.018318965517241437 0.03259698275862072
0 0.39385775862068967 0.5075431034482758 0.02837643678160917 0.037176724137930994
0 0.5556752873563218 0.6918103448275862 0.02442528735632188 0.044181034482758674
0 0.47027658045977017 0.30051185344827586 0.026760057471264365 0.040140086206896575
0 0.3245330459770115 0.4566271551724138 0.017241379310344862 0.03394396551724138
0 0.5713900862068966 0.3215247844827586 0.028556034482758674 0.03960129310344829
0 0.5297234195402298 0.4621497844827586 0.021012931034482762 0.04067887931034486
0 0.4453125 0.5660021551724138 0.024245689655172376 0.042025862068965525
0 0.3504849137931034 0.4718480603448276 0.025323275862069006 0.040678879310344807
0 0.5129310344827587 0.7199622844827587 0.02227011494252873 0.040140086206896464
0 0.5455280172413793 0.3515625 0.02532327586206895 0.03717672413793105
0 0.5691451149425288 0.5086206896551724 0.025862068965517238 0.043103448275862044
0 0.3009159482758621 0.4339978448275862 0.026760057471264365 0.042025862068965525
0 0.5424748563218391 0.31815732758620685 0.023168103448275912 0.03448275862068967
0 0.3656609195402299 0.4931303879310345 0.019755747126436796 0.031519396551724144
0 0.5508261494252873 0.44342672413793105 0.024784482758620663 0.02855603448275862
0 0.3353987068965517 0.5109105603448276 0.0274784482758621 0.04337284482758619
0 0.27954382183908044 0.4536637931034483 0.026400862068965525 0.046875
0 0.3916127873563219 0.33054956896551724 0.029274425287356298 0.04418103448275862
0 0.5928520114942528 0.3603178879310345 0.026580459770115028 0.04067887931034486
0 0.5391522988505748 0.5633081896551724 0.02227011494252873 0.028556034482758563
0 0.5128412356321839 0.5200700431034483 0.020294540229885083 0.026131465517241326
0 0.5905172413793103 0.2997036637931034 0.025502873563218453 0.040678879310344807
0 0.4063397988505747 0.5358297413793103 0.02891522988505746 0.04256465517241381
0 0.5245150862068966 0.6841325431034482 0.02244971264367812 0.03367456896551724
0 0.5026041666666666 0.6421066810344828 0.02640086206896547 0.039601293103448176
0 0.38469827586206895 0.4463900862068966 0.02478448275862072 0.042025862068965525
0 0.5346623563218391 0.2886584051724138 0.013649425287356354 0.023976293103448287
0 0.4964978448275862 0.3833512931034483 0.02532327586206895 0.036099137931034475
0 0.6217672413793103 0.22117456896551724 0.02442528735632188 0.030172413793103453
0 0.6019216954022988 0.7002963362068966 0.020653735632183978 0.040140086206896575
0 0.4812320402298851 0.48221982758620685 0.02568247126436779 0.04795258620689652
0 0.521551724137931 0.4962284482758621 0.025502873563218342 0.040948275862069006
0 0.6183548850574713 0.2543103448275862 0.018318965517241326 0.03448275862068967
0 0.5380747126436781 0.7427262931034483 0.024066091954022983 0.028017241379310276
0 0.595635775862069 0.6687769396551724 0.02460488505747127 0.04121767241379304
0 0.49353448275862066 0.47077047413793105 0.021551724137930994 0.035290948275862044
0 0.40436422413793105 0.38106142241379315 0.02783764367816094 0.030980603448275856
0 0.45079022988505746 0.4132543103448276 0.020833333333333315 0.038793103448275856
0 0.4254669540229885 0.40786637931034486 0.024784482758620663 0.04418103448275862
0 0.4829382183908046 0.5486260775862069 0.02155172413793105 0.03259698275862066
0 0.33926005747126436 0.4419450431034483 0.025862068965517238 0.03960129310344829
0 0.5523527298850575 0.2889278017241379 0.016702586206896575 0.027747844827586243
0 0.6249102011494252 0.6982758620689655 0.027119252873563204 0.0425646551724137
0 0.49973060344827586 0.3056303879310345 0.029274425287356354 0.04229525862068967
0 0.5501975574712643 0.41945043103448276 0.02460488505747127 0.039331896551724144
0 0.5134698275862069 0.3402478448275862 0.026580459770115028 0.038793103448275856
0 0.5769576149425287 0.3743265086206896 0.01778017241379315 0.031519396551724144
0 0.5650143678160919 0.3939924568965517 0.025143678160919558 0.02613146551724138
0 0.5103268678160919 0.3592403017241379 0.029992816091954033 0.033135775862069006
0 0.49793462643678166 0.4527209051724138 0.026760057471264365 0.025053879310344807
