0 0.5119432471264368 0.38914331896551724 0.02604166666666674 0.03582974137931039
0 0.29813218390804597 0.4123114224137931 0.026580459770114917 0.04498922413793105
0 0.37059985632183906 0.4591864224137931 0.02460488505747127 0.03313577586206895
0 0.4162176724137931 0.44719827586206895 0.021731321839080442 0.03771551724137928
0 0.4873383620689655 0.3367456896551724 0.02711925287356315 0.04040948275862072
0 0.43256106321839083 0.5394665948275862 0.02711925287356326 0.041756465517241326
0 0.5667205459770115 0.7029903017241379 0.021731321839080442 0.037984913793103425
0 0.46749281609195403 0.4912446120689655 0.02191091954022989 0.03367456896551718
0 0.4140625 0.5086206896551724 0.025682471264367845 0.04202586206896547
0 0.3953843390804598 0.4348060344827586 0.021372126436781602 0.036099137931034475
0 0.42052801724137934 0.37634698275862066 0.02568247126436779 0.037176724137930994
0 0.5135596264367817 0.5352909482758621 0.024964080459770055 0.04040948275862066
0 0.3244432471264368 0.4024784482758621 0.026041666666666685 0.04040948275862072
0 0.5749820402298851 0.42887931034482757 0.02388649425287359 0.042025862068965525
0 0.5926724137931034 0.32960668103448276 0.025502873563218342 0.04229525862068961
0 0.4384877873563219 0.3956088362068966 0.02568247126436779 0.034213362068965525
0 0.4540229885057471 0.6965247844827587 0.02227011494252873 0.034213362068965414
0 0.5422054597701149 0.4074622844827586 0.02227011494252873 0.03690732758620685
0 0.4551903735632184 0.6565193965517242 0.02244971264367812 0.03717672413793094
0 0.34177442528735635 0.4275323275862069 0.027298850574712652 0.04040948275862066
0 0.4572557471264368 0.732354525862069 0.02765804597701149 0.040140086206896575
0 0.4873383620689655 0.7250808189655172 0.021731321839080442 0.0390625
0 0.5254130747126436 0.42605064655172414 0.020653735632183867 0.03960129310344829
0 0.3707794540229885 0.4260506465517241 0.024245689655172376 0.03636853448275862
0 0.43229166666666663 0.3409213362068966 0.028376436781609227 0.04014008620689652
0 0.5392420977011494 0.7421875 0.024245689655172376 0.040409482758620774
0 0.5600754310344827 0.3855064655172414 0.02460488505747127 0.038254310344827624
0 0.4787176724137931 0.4314385775862069 0.02532327586206895 0.04337284482758619
0 0.5399604885057472 0.44207974137931033 0.018139367816092045 0.030711206896551713
0 0.2859195402298851 0.3739224137931034 0.02873563218390801 0.04040948275862072
0 0.49802442528735635 0.3918372844827586 0.02155172413793105 0.03744612068965514
0 0.5748922413793103 0.37365301724137934 0.026221264367816022 0.04148706896551729
0 0.4540229885057471 0.4742726293103448 0.030172413793103425 0.04445043103448276
0 0.5530711206896552 0.716729525862069 0.023168103448275912 0.03690732758620685
0 0.5325969827586207 0.3446928879310345 0.015625 0.027747844827586188
0 0.6121587643678161 0.31115301724137934 0.022808908045977017 0.03125
0 0.5345725574712643 0.375 0.024245689655172487 0.03340517241379315
0 0.5352909482758621 0.5492995689655172 0.020653735632183867 0.0393318965517242
0 0.4453125 0.42834051724137934 0.029274425287356354 0.04202586206896547
0 0.5510057471264367 0.5611530172413792 0.02227011494252873 0.04148706896551724
0 0.5061961206896552 0.4575700431034483 0.023168103448275912 0.037984913793103425
0 0.5190373563218391 0.4847790948275862 0.020474137931034475 0.03044181034482757
0 0.34258261494252873 0.4838362068965517 0.02496408045977011 0.04094827586206895
0 0.4468390804597701 0.5321928879310345 0.019037356321839116 0.03690732758620685
0 0.5326867816091954 0.4692887931034483 0.024066091954022983 0.03663793103448276
0 0.5106860632183908 0.35075431034482757 0.024964080459770166 0.04148706896551724
0 0.44270833333333337 0.5751616379310345 0.024425287356321823 0.0355603448275863
0 0.5466954022988506 0.34738685344827586 0.015445402298850608 0.0234375
0 0.36979166666666663 0.48302801724137934 0.025502873563218398 0.027478448275862044
0 0.3525502873563219 0.45083512931034486 0.014008620689655193 0.02613146551724138
0 0.45195761494252873 0.7547144396551724 0.02460488505747127 0.02559267241379304
0 0.48931393678160917 0.41217672413793105 0.021012931034482762 0.029633620689655193
