0 0.5017061781609196 0.3011853448275862 0.02711925287356315 0.033405172413793094
0 0.5308010057471264 0.2808459051724138 0.027837643678160884 0.04175646551724138
0 0.5106860632183907 0.26198814655172414 0.019576149425287404 0.041217672413793066
0 0.5387033045977012 0.3203125 0.027837643678160995 0.038254310344827624
0 0.5214619252873562 0.3483297413793104 0.02676005747126442 0.045258620689655193
0 0.5584590517241379 0.35088900862068967 0.03035201149425293 0.03852370689655171
0 0.4875179597701149 0.38644935344827586 0.017780172413793094 0.016433189655172376
0 0.5334051724137931 0.3946659482758621 0.026580459770115028 0.040948275862069006
0 0.5026041666666667 0.36166487068965514 0.007722701149425304 0.014816810344827569
0 0.5858477011494253 0.42012392241379315 0.025143678160919558 0.041217672413793094
0 0.5361889367816092 0.4191810344827586 0.01706178160919536 0.014008620689655138
0 0.5440912356321839 0.37432650862068967 0.01849856321839083 0.03259698275862066
0 0.4832974137931034 0.4540678879310345 0.02119252873563221 0.0352909482758621
0 0.5613326149425288 0.4100215517241379 0.02460488505747127 0.03987068965517243
0 0.4962284482758621 0.43588362068965514 0.025502873563218398 0.039331896551724144
0 0.5140086206896551 0.4519127155172414 0.022629310344827624 0.03582974137931039
0 0.45761494252873564 0.4422144396551724 0.026939655172413812 0.04606681034482757
0 0.4973958333333333 0.5216864224137931 0.027119252873563204 0.04121767241379304
0 0.4102909482758621 0.5933459051724138 0.014906609195402265 0.024515086206896575
0 0.544989224137931 0.54296875 0.027837643678160884 0.04121767241379315
0 0.6189834770114943 0.5126616379310345 0.0231681034482758 0.045797413793103425
0 0.6417025862068966 0.6941002155172413 0.01867816091954022 0.04283405172413801
0 0.5277478448275862 0.4797952586206896 0.024245689655172376 0.04579741379310337
0 0.6997126436781609 0.6295797413793103 0.02765804597701149 0.02909482758620696
0 0.43094468390804597 0.7295258620689655 0.022449712643678177 0.038254310344827624
0 0.6019216954022988 0.4011314655172413 0.02388649425287348 0.03394396551724138
0 0.4998204022988506 0.4039601293103448 0.019396551724137956 0.028825431034482762
0 0.5100574712643678 0.3859105603448276 0.022988505747126464 0.042834051724137956
0 0.5536099137931034 0.48275862068965514 0.025682471264367845 0.045797413793103425
0 0.6204202586206897 0.6134159482758621 0.02819683908045978 0.039870689655172376
0 0.5212823275862069 0.5638469827586207 0.02460488505747127 0.039870689655172376
0 0.4808728448275862 0.5905172413793103 0.02496408045977011 0.03825431034482751
0 0.46417025862068967 0.6186691810344828 0.02891522988505746 0.04121767241379315
0 0.4623742816091954 0.6900592672413792 0.027119252873563204 0.04552801724137934
0 0.38568606321839083 0.5695043103448276 0.02711925287356326 0.03933189655172409
0 0.44351652298850575 0.58203125 0.025682471264367845 0.03690732758620685
0 0.46875 0.5695043103448276 0.026939655172413812 0.04040948275862066
0 0.5098778735632183 0.5810883620689655 0.025862068965517238 0.04471982758620685
0 0.5275682471264368 0.5969827586206897 0.020653735632183867 0.03340517241379304
0 0.5045797413793103 0.6127424568965517 0.028556034482758563 0.04121767241379315
0 0.45186781609195403 0.6364493534482758 0.025862068965517238 0.04175646551724144
0 0.4262751436781609 0.6438577586206897 0.023886494252873536 0.03987068965517249
0 0.4510596264367816 0.7359913793103449 0.024245689655172376 0.03717672413793105
0 0.4917385057471264 0.7023168103448276 0.022270114942528785 0.04364224137931039
0 0.49802442528735635 0.5603448275862069 0.02191091954022989 0.03178879310344829
0 0.44073275862068967 0.46336206896551724 0.026580459770114917 0.04525862068965514
0 0.6443067528735632 0.4822198275862069 0.03142959770114939 0.03987068965517249
0 0.5667205459770115 0.5154903017241379 0.024964080459770166 0.047144396551724144
0 0.6077586206896551 0.6491109913793103 0.022629310344827624 0.04121767241379304
0 0.640625 0.6480334051724138 0.026580459770114917 0.04121767241379315
0 0.7021372126436782 0.6130118534482758 0.027119252873563204 0.04175646551724144
0 0.6285919540229885 0.7350484913793103 0.02227011494252884 0.04337284482758619
0 0.3765265804597701 0.6247306034482758 0.027119252873563204 0.03771551724137934
0 0.6857938218390804 0.7064924568965517 0.02532327586206895 0.040140086206896575
0 0.6613685344827587 0.7043372844827587 0.025682471264367845 0.04283405172413801
0 0.6666666666666667 0.6667564655172413 0.02227011494252873 0.03717672413793094
0 0.5915948275862069 0.6876346982758621 0.024784482758620663 0.04067887931034486
0 0.5776760057471264 0.5814924568965517 0.02532327586206895 0.0428340517241379
0 0.6399066091954022 0.6116648706896552 0.023347701149425304 0.030980603448275912
0 0.6339798850574713 0.5145474137931034 0.014367816091954033 0.033943965517241326
0 0.5614224137931034 0.44665948275862066 0.016882183908045967 0.030711206896551768
0 0.4994612068965517 0.49016702586206895 0.025502873563218342 0.028825431034482818
0 0.5413972701149425 0.44059806034482757 0.021012931034482762 0.03367456896551724
0 0.6091954022988506 0.5774515086206897 0.026939655172413812 0.03852370689655171
