0 0.3859554597701149 0.48195043103448276 0.022270114942528785 0.030711206896551713
0 0.30334051724137934 0.5475484913793103 0.020833333333333315 0.028825431034482762
0 0.5994073275862069 0.5611530172413793 0.023527298850574696 0.02909482758620685
0 0.5632183908045978 0.45528017241379315 0.017241379310344862 0.02801724137931033
0 0.26302083333333337 0.7517510775862069 0.01885775862068967 0.03529094827586199
0 0.5121228448275862 0.5090247844827587 0.020653735632183867 0.033135775862069006
0 0.42753232758620685 0.4139278017241379 0.019576149425287348 0.02990301724137928
0 0.4425287356321839 0.5540140086206897 0.023347701149425304 0.03367456896551724
0 0.40337643678160917 0.4302262931034483 0.017959770114942486 0.0274784482758621
0 0.556573275862069 0.35021551724137934 0.023347701149425304 0.03232758620689652
0 0.46542744252873564 0.5383890086206897 0.02388649425287359 0.03582974137931039
0 0.5413074712643678 0.3154633620689655 0.02298850574712641 0.03125
0 0.5784841954022988 0.3325700431034483 0.02442528735632188 0.028286637931034475
0 0.3195941091954023 0.9011314655172413 0.02496408045977011 0.03987068965517249
0 0.46650502873563215 0.30536099137931033 0.019935344827586243 0.03259698275862066
0 0.5373563218390804 0.6329471982758621 0.02083333333333326 0.03259698275862066
0 0.3698814655172414 0.5680226293103449 0.023168103448275912 0.0352909482758621
0 0.30702227011494254 0.619073275862069 0.01921695402298851 0.034482758620689724
0 0.41181752873563215 0.4630926724137931 0.02047413793103453 0.030711206896551713
0 0.33557830459770116 0.4284752155172414 0.017420977011494254 0.028825431034482762
0 0.33405172413793105 0.818426724137931 0.019396551724137956 0.02909482758620685
0 0.5339439655172413 0.47683189655172414 0.02155172413793094 0.03556034482758619
0 0.3978987068965517 0.5107758620689655 0.022449712643678177 0.03394396551724138
0 0.3195941091954023 0.8619342672413792 0.023168103448275856 0.03744612068965514
0 0.5737248563218391 0.4300915948275862 0.024964080459770055 0.03259698275862072
0 0.5625897988505747 0.3186961206896552 0.020294540229885083 0.030711206896551713
0 0.31537356321839083 0.5575161637931034 0.020114942528735635 0.03313577586206895
0 0.5254130747126438 0.3363415948275862 0.022090517241379337 0.03205818965517243
0 0.5713002873563218 0.39264547413793105 0.022629310344827513 0.036907327586206906
0 0.4525862068965517 0.5094288793103449 0.02191091954022989 0.03609913793103453
0 0.2535919540229885 0.4831627155172413 0.025143678160919558 0.035290948275862044
0 0.5015265804597702 0.4457165948275862 0.021731321839080497 0.028286637931034475
0 0.5513649425287357 0.4334590517241379 0.02011494252873558 0.03556034482758624
0 0.537176724137931 0.3662446120689655 0.02155172413793105 0.036907327586206906
0 0.5867456896551724 0.4523168103448276 0.02155172413793105 0.02801724137931033
0 0.5092492816091954 0.3199084051724138 0.021731321839080386 0.03313577586206895
0 0.49973060344827586 0.5906519396551724 0.02244971264367812 0.037984913793103425
0 0.37688577586206895 0.509967672413793 0.021012931034482762 0.03232758620689652
0 0.3616199712643678 0.6384698275862069 0.01921695402298851 0.036099137931034475
0 0.32273706896551724 0.9369612068965517 0.024066091954022983 0.03340517241379315
0 0.48554238505747127 0.3343211206896552 0.02496408045977011 0.03178879310344829
0 0.39251077586206895 0.4513739224137931 0.019935344827586188 0.03259698275862066
0 0.3942169540229885 0.5511853448275863 0.029454022988505746 0.04148706896551724
0 0.5562140804597702 0.6404903017241379 0.02011494252873558 0.032058189655172376
0 0.2998383620689655 0.5146821120689655 0.022090517241379337 0.036368534482758674
0 0.44297772988505746 0.5924030172413792 0.019935344827586188 0.03663793103448276
0 0.5587284482758621 0.2859644396551724 0.02011494252873558 0.036907327586206906
0 0.4619252873563219 0.3759428879310345 0.017600574712643702 0.027747844827586188
0 0.31905531609195403 0.45864762931034486 0.01885775862068967 0.033135775862069006
0 0.41963002873563215 0.5882273706896552 0.027478448275862044 0.03852370689655171
0 0.39565373563218387 0.6640625 0.019396551724137956 0.036099137931034475
0 0.556573275862069 0.5833782327586207 0.024784482758620663 0.034213362068965525
0 0.19270833333333334 0.6146282327586207 0.020474137931034475 0.032058189655172376
0 0.5257722701149425 0.5383890086206897 0.021731321839080442 0.03205818965517249
0 0.5294540229885057 0.6780711206896551 0.024066091954022983 0.0431034482758621
0 0.29193606321839083 0.7501346982758621 0.019576149425287348 0.028286637931034475
0 0.4735093390804598 0.5948275862068966 0.018139367816091934 0.03178879310344829
0 0.6169181034482758 0.4061153017241379 0.025502873563218453 0.030980603448275856
0 0.3640445402298851 0.7133620689655172 0.017600574712643702 0.02909482758620685
0 0.34249281609195403 0.7657596982758621 0.025502873563218398 0.03852370689655171
0 0.5928520114942528 0.5911907327586208 0.02227011494252873 0.03475215517241381
0 0.5597162356321839 0.6837284482758621 0.022090517241379337 0.03933189655172409
0 0.2359913793103448 0.568292025862069 0.021551724137931022 0.0309806034482758
0 0.3389906609195402 0.46241918103448276 0.026400862068965525 0.03367456896551724
0 0.23895474137931033 0.7654903017241379 0.0184985632183908 0.029903017241379337
0 0.3238146551724138 0.7755926724137931 0.020114942528735635 0.03825431034482751
0 0.38308189655172414 0.3895474137931034 0.02298850574712641 0.03178879310344823
0 0.24236709770114945 0.6763200431034482 0.019935344827586216 0.03960129310344829
0 0.3644935344827586 0.6647359913793103 0.021012931034482762 0.025053879310344862
0 0.5419360632183908 0.6613685344827587 0.020294540229885083 0.02747844827586199
0 0.48760775862068967 0.3822737068965517 0.02155172413793105 0.02855603448275862
0 0.28582974137931033 0.609375 0.023527298850574696 0.034482758620689724
0 0.4452227011494253 0.4688846982758621 0.02155172413793105 0.03044181034482757
0 0.2733477011494253 0.7152478448275862 0.017241379310344807 0.03125
0 0.34823994252873564 0.8433459051724137 0.025143678160919558 0.04067887931034486
0 0.5044001436781609 0.5428340517241379 0.021012931034482762 0.03125
0 0.5941091954022988 0.42416487068965514 0.02442528735632188 0.03044181034482757
0 0.37652658045977017 0.607489224137931 0.02496408045977011 0.0387931034482758
0 0.5349317528735632 0.5067349137931034 0.022808908045977017 0.03125
0 0.24937140804597702 0.7205010775862069 0.022090517241379337 0.030980603448275912
0 0.34985632183908044 0.7328933189655172 0.023347701149425304 0.032596982758620774
0 0.4729705459770115 0.48450969827586204 0.02388649425287359 0.03636853448275856
0 0.578125 0.36072198275862066 0.018318965517241326 0.029094827586206906
0 0.35344827586206895 0.595635775862069 0.025143678160919558 0.0387931034482758
0 0.29714439655172414 0.7229256465517242 0.023527298850574696 0.03582974137931039
0 0.5099676724137931 0.5595366379310345 0.021372126436781547 0.02963362068965525
0 0.5023347701149425 0.6756465517241379 0.01975574712643674 0.03178879310344829
0 0.39197198275862066 0.41190732758620685 0.020294540229885027 0.03394396551724138
0 0.29463002873563215 0.5798760775862069 0.02352729885057475 0.027747844827586188
0 0.33728448275862066 0.5631734913793104 0.023706896551724144 0.034213362068965525
0 0.5043103448275862 0.41662176724137934 0.02298850574712641 0.03582974137931033
0 0.35281968390804597 0.4174299568965517 0.020653735632183923 0.030980603448275856
0 0.41289511494252873 0.556707974137931 0.01831896551724138 0.028825431034482762
0 0.44351652298850575 0.4370959051724138 0.019935344827586188 0.031519396551724144
0 0.36745689655172414 0.3755387931034483 0.020474137931034475 0.03717672413793105
0 0.2598778735632184 0.6104525862068966 0.02442528735632188 0.03286637931034486
0 0.27460488505747127 0.5233028017241379 0.024784482758620663 0.03690732758620685
0 0.5799209770114943 0.6412984913793103 0.021192528735632266 0.03582974137931039
0 0.5806393678160919 0.2728987068965517 0.02155172413793105 0.03987068965517243
0 0.5859375 0.30657327586206895 0.02532327586206895 0.030172413793103425
0 0.5378951149425287 0.2925646551724138 0.02011494252873569 0.02209051724137928
0 0.5219109195402298 0.30616918103448276 0.015804597701149503 0.026670258620689613
0 0.485003591954023 0.2811153017241379 0.021012931034482762 0.029364224137930994
0 0.4795258620689655 0.2683189655172414 0.015804597701149392 0.026400862068965525
0 0.4947916666666667 0.3058997844827586 0.023347701149425304 0.022898706896551713
0 0.46587643678160917 0.34226831896551724 0.017241379310344807 0.0428340517241379
0 0.48617097701149425 0.36085668103448276 0.02227011494252873 0.0272090517241379
0 0.5132004310344827 0.3837553879310345 0.021012931034482762 0.0272090517241379
0 0.5095186781609196 0.3648976293103448 0.015804597701149392 0.018049568965517238
0 0.5031429597701149 0.35223599137931033 0.010596264367816077 0.022898706896551713
0 0.46255387931034486 0.4128502155172414 0.016343390804597735 0.026670258620689613
0 0.48266882183908044 0.41540948275862066 0.021012931034482762 0.032866379310344807
0 0.5248742816091954 0.41244612068965514 0.019576149425287404 0.038793103448275856
0 0.5396012931034483 0.39533943965517243 0.020653735632183867 0.022898706896551713
0 0.5579202586206896 0.37702047413793105 0.018139367816091934 0.0234375
0 0.5986889367816093 0.39601293103448276 0.02244971264367812 0.024245689655172376
0 0.5369073275862069 0.4212015086206896 0.012392241379310387 0.027209051724137956
0 0.5231681034482758 0.44679418103448276 0.019037356321839005 0.0272090517241379
0 0.5390625 0.4465247844827587 0.010955459770114917 0.02074353448275862
0 0.5165229885057472 0.47077047413793105 0.01329022988505757 0.025053879310344807
0 0.5048491379310345 0.4834321120689655 0.012931034482758619 0.022898706896551713
0 0.492816091954023 0.4694234913793104 0.018678160919540276 0.030980603448275856
0 0.47979525862068967 0.44787176724137934 0.018139367816091934 0.025053879310344807
0 0.46210488505747127 0.4482758620689655 0.016163793103448287 0.02855603448275862
0 0.44279813218390807 0.40207435344827586 0.021372126436781602 0.025053879310344862
0 0.3526400862068966 0.38133081896551724 0.021372126436781602 0.0352909482758621
0 0.3385416666666667 0.3838900862068966 0.014367816091954033 0.032866379310344807
0 0.3247126436781609 0.4923221982758621 0.017241379310344807 0.030980603448275856
0 0.3595545977011494 0.47481142241379315 0.016163793103448232 0.031519396551724144
0 0.3559626436781609 0.44288793103448276 0.02334770114942525 0.0193965517241379
0 0.37957974137931033 0.42712823275862066 0.01634339080459768 0.02235991379310348
0 0.40795617816091956 0.4067887931034483 0.017780172413793094 0.02424568965517243
0 0.49461206896551724 0.5102370689655172 0.01795977011494254 0.03340517241379315
0 0.4809626436781609 0.5142780172413793 0.02119252873563221 0.02532327586206895
0 0.4902119252873563 0.5437769396551724 0.017420977011494254 0.03367456896551724
0 0.48554238505747127 0.5665409482758621 0.021012931034482762 0.02909482758620685
0 0.4660560344827586 0.5693696120689655 0.01867816091954022 0.0272090517241379
0 0.45653735632183906 0.5938846982758621 0.014367816091954033 0.0390625
0 0.5316989942528736 0.6023706896551724 0.017420977011494254 0.028556034482758563
0 0.521551724137931 0.6330818965517242 0.016163793103448287 0.028017241379310387
0 0.5147270114942528 0.6280980603448276 0.01329022988505757 0.030441810344827513
0 0.48778735632183906 0.6402209051724138 0.019755747126436796 0.0272090517241379
0 0.4890445402298851 0.669989224137931 0.016522988505747127 0.032327586206896575
0 0.5167923850574713 0.6538254310344828 0.01490660919540221 0.0199353448275863
0 0.5038613505747127 0.63671875 0.01490660919540232 0.03313577586206895
0 0.5166127873563219 0.5851293103448276 0.012033045977011492 0.02532327586206895
0 0.5310704022988506 0.5705818965517242 0.016882183908045967 0.029633620689655138
0 0.5424748563218391 0.5377155172413793 0.017420977011494254 0.028556034482758674
0 0.547503591954023 0.5501077586206897 0.01490660919540221 0.024784482758620663
0 0.5580100574712643 0.5266702586206897 0.021192528735632155 0.028017241379310387
0 0.5623204022988506 0.5030980603448276 0.024066091954022983 0.021821120689655138
0 0.5551364942528736 0.4690193965517241 0.013649425287356354 0.029094827586206906
0 0.5704022988505747 0.4847790948275862 0.021910919540229834 0.027209051724137956
0 0.5788433908045978 0.5708512931034483 0.014008620689655138 0.0393318965517242
0 0.5642061781609196 0.5491648706896552 0.012751436781609171 0.021821120689655138
0 0.4286099137931034 0.4873383620689655 0.019935344827586243 0.024784482758620663
0 0.3436602011494253 0.48828125 0.022449712643678177 0.02667025862068967
0 0.3545258620689655 0.5041756465517242 0.019037356321839116 0.026131465517241437
0 0.33872126436781613 0.5203394396551724 0.020833333333333315 0.026131465517241437
0 0.3699712643678161 0.5344827586206897 0.01867816091954022 0.02747844827586199
0 0.4281609195402299 0.525457974137931 0.02155172413793105 0.037984913793103425
0 0.4005926724137931 0.6058728448275862 0.020294540229885083 0.04471982758620685
0 0.4113685344827586 0.6340247844827587 0.022090517241379337 0.029903017241379337
0 0.38505747126436785 0.6324084051724138 0.02406609195402304 0.02559267241379315
0 0.2080639367816092 0.6124730603448276 0.021012931034482762 0.026670258620689613
0 0.22467672413793105 0.5972521551724138 0.02442528735632185 0.03125
0 0.2202765804597701 0.6338900862068966 0.027478448275862072 0.029633620689655138
0 0.21677442528735633 0.6707974137931034 0.016163793103448287 0.03286637931034486
0 0.21964798850574713 0.7522898706896551 0.026221264367816077 0.03313577586206895
0 0.2302442528735632 0.7102640086206897 0.0165229885057471 0.030980603448275912
0 0.2805316091954023 0.6783405172413792 0.02119252873563221 0.03178879310344829
0 0.2998383620689655 0.6616379310344828 0.017420977011494254 0.04525862068965525
0 0.3039691091954023 0.7029903017241379 0.019935344827586243 0.026131465517241437
0 0.3249820402298851 0.7035290948275862 0.01813936781609199 0.035829741379310276
0 0.30253232758620685 0.7982219827586207 0.021372126436781602 0.039870689655172376
0 0.2855603448275862 0.7875808189655172 0.017241379310344807 0.034213362068965525
0 0.2577227011494253 0.7730334051724138 0.01867816091954025 0.032058189655172376
0 0.281878591954023 0.8817349137931034 0.014547413793103425 0.038254310344827624
0 0.30495689655172414 0.8232758620689655 0.02837643678160917 0.02909482758620685
0 0.37257543103448276 0.7916217672413793 0.021372126436781602 0.032058189655172376
0 0.39260057471264365 0.8089978448275862 0.016522988505747127 0.0274784482758621
0 0.35704022988505746 0.8937230603448276 0.02262931034482757 0.049838362068965525
0 0.5514547413793104 0.6997575431034483 0.018139367816091934 0.036368534482758674
0 0.5742636494252873 0.6798221982758621 0.013829022988505746 0.0428340517241379
0 0.42771192528735635 0.4463900862068966 0.01813936781609199 0.026939655172413757
0 0.44818606321839083 0.41931573275862066 0.014906609195402265 0.018049568965517293
