0 0.37742456896551724 0.4424838362068966 0.02244971264367812 0.04014008620689652
0 0.24326508620689652 0.5501077586206897 0.03178879310344826 0.04256465517241381
0 0.4330998563218391 0.3974946120689655 0.02496408045977011 0.034213362068965525
0 0.545617816091954 0.3018588362068966 0.025862068965517238 0.040678879310344807
0 0.3781429597701149 0.796875 0.02209051724137928 0.039870689655172376
0 0.42843031609195403 0.6518049568965517 0.03142959770114939 0.0428340517241379
0 0.35748922413793105 0.8209859913793103 0.01921695402298851 0.03636853448275856
0 0.5695043103448276 0.6751077586206896 0.026221264367816022 0.04094827586206895
0 0.5847701149425287 0.48639547413793105 0.02298850574712641 0.0352909482758621
0 0.6177262931034483 0.35775862068965514 0.025682471264367734 0.03448275862068967
0 0.44207974137931033 0.4240301724137931 0.020294540229885083 0.030711206896551713
0 0.3943965517241379 0.4331896551724138 0.02262931034482757 0.03771551724137928
0 0.475933908045977 0.6010237068965517 0.0193965517241379 0.028017241379310276
0 0.3662895114942529 0.45918642241379315 0.021731321839080442 0.03582974137931033
0 0.24649784482758622 0.8273168103448276 0.021731321839080497 0.032327586206896575
0 0.6117995689655172 0.43965517241379315 0.023527298850574807 0.029094827586206906
0 0.45510057471264365 0.36920797413793105 0.024425287356321823 0.03044181034482757
0 0.5411278735632183 0.2741109913793104 0.025862068965517238 0.03044181034482757
0 0.19630028735632182 0.8060344827586207 0.023706896551724116 0.03340517241379315
0 0.3921515804597701 0.8677262931034482 0.020653735632183867 0.03663793103448276
0 0.31905531609195403 0.49851831896551724 0.03178879310344829 0.03852370689655177
0 0.23626077586206895 0.7891971982758621 0.023886494252873564 0.04067887931034486
0 0.5640265804597702 0.26481681034482757 0.023168103448275912 0.04148706896551721
0 0.4602191091954023 0.4245689655172414 0.02209051724137928 0.03340517241379315
0 0.45123922413793105 0.5847252155172413 0.02209051724137928 0.034213362068965414
0 0.2614044540229885 0.8538523706896552 0.02244971264367812 0.03960129310344829
0 0.5216415229885057 0.5747575431034483 0.022449712643678232 0.034213362068965525
0 0.3238146551724138 0.4011314655172414 0.02262931034482757 0.04040948275862066
0 0.3785021551724138 0.5281519396551724 0.02496408045977011 0.03475215517241381
0 0.5862966954022988 0.5972521551724138 0.028556034482758563 0.04471982758620685
0 0.595007183908046 0.6800915948275862 0.021192528735632266 0.035829741379310276
0 0.5920438218390804 0.31505926724137934 0.027119252873563204 0.02990301724137928
0 0.48617097701149425 0.3631465517241379 0.02909482758620685 0.026939655172413757
0 0.4451329022988506 0.49420797413793105 0.025323275862069006 0.036907327586206906
0 0.4401939655172414 0.4574353448275862 0.026580459770114917 0.03556034482758624
0 0.39511494252873564 0.5603448275862069 0.026580459770114917 0.04256465517241381
0 0.3000179597701149 0.6860183189655172 0.019576149425287348 0.039601293103448176
0 0.30280172413793105 0.7330280172413792 0.019396551724137956 0.03663793103448276
0 0.3140265804597701 0.4482758620689655 0.024245689655172376 0.033405172413793094
0 0.5942887931034483 0.4212015086206896 0.02981321839080464 0.037446120689655193
0 0.5650143678160919 0.7256196120689655 0.025862068965517238 0.04067887931034475
0 0.5499281609195402 0.4769665948275862 0.024784482758620774 0.043911637931034475
0 0.5519037356321839 0.6734913793103448 0.021910919540229945 0.03663793103448276
0 0.2130926724137931 0.5107758620689655 0.029274425287356326 0.039870689655172376
0 0.32956178160919536 0.65625 0.02801724137931033 0.039870689655172376
0 0.5786637931034482 0.7039331896551724 0.025862068965517238 0.03556034482758619
0 0.41945043103448276 0.6212284482758621 0.020653735632183867 0.030711206896551713
0 0.2996587643678161 0.6037176724137931 0.022808908045977017 0.04525862068965514
0 0.4313038793103448 0.5542834051724137 0.022808908045977017 0.03259698275862066
0 0.5676185344827587 0.4306303879310345 0.02388649425287348 0.0390625
0 0.2952586206896552 0.7708782327586207 0.02227011494252873 0.04121767241379315
0 0.36691810344827586 0.6434536637931034 0.02981321839080464 0.04552801724137934
0 0.4167564655172414 0.4331896551724138 0.023168103448275912 0.03556034482758624
0 0.5838721264367817 0.4490840517241379 0.02083333333333337 0.032866379310344807
0 0.5870150862068966 0.2439385775862069 0.02604166666666663 0.047144396551724116
0 0.38038793103448276 0.6900592672413792 0.030172413793103425 0.04660560344827591
0 0.5888110632183907 0.37904094827586204 0.029274425287356354 0.04148706896551724
0 0.29911997126436785 0.8235452586206897 0.02711925287356326 0.03933189655172409
0 0.4787176724137931 0.5033674568965517 0.031070402298850608 0.0390625
0 0.4574353448275862 0.5367726293103448 0.025862068965517238 0.04714439655172409
0 0.5593570402298851 0.6342941810344828 0.02604166666666663 0.03690732758620685
0 0.33719468390804597 0.4678071120689655 0.02424568965517243 0.030441810344827624
0 0.4031968390804598 0.6740301724137931 0.02765804597701149 0.05064655172413801
0 0.3442887931034483 0.3953394396551724 0.024784482758620663 0.042834051724137956
0 0.3546156609195402 0.8601831896551724 0.029274425287356354 0.045797413793103425
0 0.5929418103448276 0.34348060344827586 0.023527298850574696 0.030711206896551713
0 0.22620330459770116 0.8481950431034483 0.01813936781609196 0.0272090517241379
0 0.5283764367816092 0.3274515086206896 0.026580459770114917 0.03582974137931033
0 0.5691451149425287 0.34159482758620685 0.024784482758620774 0.03394396551724138
0 0.40598060344827586 0.4963631465517241 0.023527298850574696 0.03421336206896547
0 0.6370330459770115 0.35910560344827586 0.025502873563218342 0.03771551724137934
0 0.4750359195402299 0.5666756465517241 0.02765804597701149 0.0390625
0 0.3829920977011494 0.48841594827586204 0.02352729885057475 0.03663793103448276
0 0.2839439655172414 0.5686961206896552 0.024066091954022983 0.03556034482758619
0 0.5348419540229885 0.7063577586206896 0.02227011494252884 0.03717672413793105
0 0.19791666666666666 0.5802801724137931 0.02765804597701149 0.04849137931034486
0 0.5276580459770115 0.5340786637931034 0.024425287356321768 0.04067887931034486
0 0.5174209770114943 0.4987877155172414 0.02155172413793105 0.029903017241379337
0 0.33405172413793105 0.4447737068965517 0.025143678160919558 0.032327586206896575
0 0.2797234195402299 0.64453125 0.029274425287356354 0.03690732758620685
0 0.27900502873563215 0.7889278017241379 0.01813936781609199 0.03151939655172409
0 0.4150502873563218 0.8949353448275862 0.02155172413793105 0.038254310344827624
0 0.1526580459770115 0.6360452586206897 0.032686781609195414 0.04310344827586199
0 0.3958333333333333 0.619207974137931 0.033045977011494254 0.046066810344827624
0 0.4571659482758621 0.33364762931034486 0.02209051724137928 0.03475215517241376
0 0.45536997126436785 0.2801724137931034 0.02496408045977011 0.032866379310344807
0 0.39251077586206895 0.4696928879310345 0.021012931034482762 0.03475215517241381
0 0.4838362068965517 0.3366109913793104 0.03268678160919536 0.035290948275862044
0 0.5205639367816092 0.6223060344827587 0.02676005747126431 0.04525862068965514
0 0.5703125 0.30320581896551724 0.022808908045977017 0.03367456896551724
0 0.594378591954023 0.2847521551724138 0.030711206896551824 0.035021551724137956
0 0.46066810344827586 0.4644396551724138 0.02155172413793105 0.03717672413793105
0 0.33351293103448276 0.8795797413793104 0.02442528735632188 0.04094827586206895
0 0.5454382183908046 0.568426724137931 0.025862068965517238 0.038254310344827624
0 0.3635057471264368 0.4133890086206896 0.026939655172413812 0.040678879310344807
0 0.4886853448275862 0.38900862068965514 0.024425287356321768 0.035021551724137956
0 0.21174568965517243 0.7548491379310345 0.026221264367816105 0.04094827586206895
0 0.5111350574712643 0.46012931034482757 0.021910919540229945 0.026400862068965525
0 0.3506645114942529 0.6857489224137931 0.02676005747126442 0.04606681034482751
0 0.48967313218390807 0.6285021551724137 0.024604885057471215 0.03771551724137934
0 0.6104525862068966 0.5440463362068966 0.02083333333333337 0.04822198275862066
0 0.3714978448275862 0.962823275862069 0.029274425287356298 0.046875
0 0.25700431034482757 0.6721443965517242 0.03556034482758619 0.030172413793103536
0 0.5551364942528736 0.5278825431034483 0.02442528735632188 0.036368534482758674
0 0.5008979885057472 0.5932112068965518 0.02442528735632188 0.03556034482758619
0 0.5086206896551724 0.31478987068965514 0.0193965517241379 0.027747844827586243
0 0.6345186781609196 0.5297683189655172 0.02909482758620685 0.0347521551724137
0 0.3117816091954023 0.3976293103448276 0.02191091954022989 0.04418103448275862
0 0.2785560344827586 0.7262931034482759 0.03053160919540232 0.042025862068965525
0 0.5669899425287357 0.5614224137931034 0.023706896551724088 0.0393318965517242
0 0.5109554597701149 0.43130387931034486 0.02765804597701149 0.03825431034482757
0 0.4260057471264368 0.5191271551724138 0.019396551724137956 0.03340517241379315
0 0.5158045977011494 0.3861799568965517 0.024066091954022983 0.03475215517241381
0 0.2718211206896552 0.5313846982758621 0.02460488505747127 0.0390625
0 0.1869612068965517 0.619207974137931 0.030531609195402293 0.035829741379310276
0 0.37239583333333337 0.5584590517241379 0.02209051724137928 0.03286637931034486
0 0.3478807471264368 0.5132004310344828 0.026580459770114917 0.03771551724137928
0 0.2582614942528736 0.6982758620689655 0.019396551724137956 0.032327586206896575
0 0.6210488505747127 0.6848060344827587 0.02442528735632188 0.03933189655172409
0 0.6329920977011494 0.5642510775862069 0.02244971264367812 0.03151939655172409
0 0.24685704022988506 0.7367995689655172 0.029633620689655193 0.043642241379310276
0 0.626885775862069 0.5960398706896551 0.020294540229885083 0.0352909482758621
0 0.5109554597701149 0.6769935344827587 0.02442528735632188 0.036099137931034586
0 0.23338721264367818 0.6857489224137931 0.023886494252873564 0.030441810344827513
0 0.477191091954023 0.31088362068965514 0.02765804597701149 0.02209051724137928
0 0.18301005747126436 0.654229525862069 0.03160919540229884 0.03744612068965525
0 0.5048491379310345 0.5730064655172413 0.020114942528735635 0.04094827586206906
0 0.5465158045977012 0.3620689655172414 0.025502873563218453 0.053879310344827624
0 0.343121408045977 0.5506465517241379 0.01921695402298851 0.04094827586206895
0 0.5061961206896552 0.5377155172413793 0.021012931034482762 0.033943965517241326
0 0.4047234195402299 0.7241379310344828 0.026400862068965525 0.049568965517241326
0 0.18911637931034483 0.7005657327586207 0.02765804597701149 0.04121767241379315
0 0.32417385057471265 0.5265355603448276 0.022629310344827624 0.020204741379310387
0 0.5172413793103449 0.3585668103448276 0.026221264367816133 0.02424568965517243
0 0.42447916666666663 0.6901939655172413 0.01670258620689652 0.04256465517241381
0 0.2973239942528736 0.48221982758620685 0.03214798850574713 0.040948275862068895
0 0.5339439655172413 0.4175646551724138 0.02155172413793094 0.049030172413793094
0 0.2166846264367816 0.7178071120689655 0.023527298850574724 0.0390625
0 0.49012212643678155 0.5369073275862069 0.021551724137930994 0.032327586206896464
0 0.5521731321839081 0.3910290948275862 0.02244971264367812 0.022898706896551713
0 0.3514727011494253 0.9296875 0.026580459770114973 0.032327586206896575
0 0.4342672413793104 0.6169181034482758 0.02119252873563221 0.04094827586206906
0 0.5817169540229885 0.5330010775862069 0.027298850574712707 0.030441810344827513
0 0.5713002873563218 0.3681303879310345 0.02083333333333337 0.023976293103448287
0 0.33764367816091956 0.9835668103448276 0.025502873563218398 0.03286637931034486
0 0.5290050287356323 0.47683189655172414 0.019576149425287404 0.030172413793103425
0 0.5034123563218391 0.4793911637931034 0.022988505747126464 0.02667025862068967
0 0.4848239942528736 0.4308997844827586 0.029274425287356298 0.04660560344827591
0 0.40589080459770116 0.8541217672413792 0.02298850574712641 0.03744612068965514
0 0.39286997126436785 0.7652209051724137 0.02352729885057475 0.03744612068965514
0 0.4035560344827587 0.5235721982758621 0.020114942528735635 0.024515086206896575
0 0.47009698275862066 0.39682112068965514 0.01526580459770116 0.025323275862069006
0 0.4565373563218391 0.3984375 0.015445402298850552 0.0274784482758621
0 0.390625 0.5895743534482758 0.024066091954022983 0.030980603448275912
0 0.36215876436781613 0.7203663793103448 0.021372126436781602 0.02909482758620696
0 0.4566271551724138 0.630792025862069 0.023527298850574696 0.05037715517241381
0 0.48239942528735635 0.4603987068965517 0.02119252873563221 0.020474137931034475
0 0.3718570402298851 0.7334321120689655 0.02352729885057475 0.032058189655172376
0 0.5356501436781609 0.45096982758620685 0.019935344827586188 0.02424568965517243
0 0.5330459770114943 0.5941540948275862 0.02298850574712641 0.018588362068965525
0 0.3098060344827586 0.9085398706896552 0.021910919540229834 0.05145474137931039
0 0.32641882183908044 0.9556842672413793 0.023527298850574696 0.03690732758620685
0 0.5513649425287357 0.44383081896551724 0.011494252873563204 0.022898706896551713
0 0.553430316091954 0.5928071120689655 0.01778017241379315 0.028825431034482762
0 0.2960668103448276 0.9827586206896552 0.02209051724137928 0.03448275862068961
0 0.5497485632183908 0.4168911637931034 0.016522988505747183 0.02613146551724138
0 0.602191091954023 0.72265625 0.02298850574712641 0.05253232758620685
0 0.6198814655172413 0.40827047413793105 0.029633620689655138 0.03044181034482757
0 0.5884518678160919 0.7366648706896552 0.02244971264367812 0.03151939655172409
0 0.5150862068965517 0.7060883620689655 0.016882183908045967 0.033943965517241326
0 0.615930316091954 0.38496767241379315 0.024245689655172376 0.023706896551724144
0 0.5211027298850575 0.29108297413793105 0.022090517241379226 0.04337284482758619
0 0.5431034482758621 0.6602909482758621 0.02011494252873558 0.03448275862068961
0 0.5397808908045978 0.6128771551724138 0.012392241379310387 0.02155172413793105
0 0.48958333333333337 0.2980872844827586 0.025502873563218398 0.034213362068965525
0 0.2592492816091954 0.5823006465517242 0.026760057471264337 0.03259698275862066
0 0.47683189655172414 0.2605064655172414 0.03125 0.03717672413793105
0 0.4717133620689655 0.2320851293103448 0.022090517241379337 0.025053879310344834
