0 0.6478987068965518 0.3252963362068966 0.019935344827586188 0.03044181034482757
0 0.5037715517241379 0.46659482758620685 0.02262931034482757 0.033405172413793094
0 0.4565373563218391 0.3857758620689655 0.020833333333333315 0.029633620689655138
0 0.41118893678160917 0.3504849137931034 0.01885775862068967 0.02801724137931033
0 0.6656788793103448 0.3387661637931034 0.018857758620689613 0.029364224137930994
0 0.37006106321839083 0.5094288793103449 0.016343390804597735 0.025323275862069006
0 0.6036278735632183 0.6142241379310345 0.017600574712643646 0.034482758620689724
0 0.5334949712643677 0.5121228448275862 0.02460488505747127 0.033943965517241326
0 0.37329382183908044 0.3173491379310345 0.02209051724137928 0.03125
0 0.506555316091954 0.3799838362068966 0.0174209770114942 0.02990301724137928
0 0.6652298850574712 0.41163793103448276 0.02227011494252873 0.030711206896551713
0 0.5483117816091954 0.33566810344827586 0.01795977011494254 0.026400862068965525
0 0.47323994252873564 0.4053071120689655 0.01867816091954022 0.030980603448275856
0 0.4059806034482759 0.5711206896551724 0.023168103448275856 0.03178879310344829
0 0.5191271551724138 0.5414870689655172 0.02532327586206895 0.03286637931034475
0 0.4104705459770115 0.4225484913793104 0.021731321839080442 0.037446120689655193
0 0.6850754310344828 0.32745150862068967 0.024245689655172376 0.028286637931034475
0 0.5660919540229885 0.3484644396551724 0.018318965517241326 0.025053879310344807
0 0.4509698275862069 0.5387931034482758 0.019037356321839116 0.030711206896551713
0 0.4613864942528736 0.3037446120689655 0.017959770114942486 0.0352909482758621
0 0.5993175287356323 0.26414331896551724 0.017241379310344862 0.030980603448275884
0 0.4874281609195402 0.32637392241379315 0.019037356321839116 0.03205818965517243
0 0.45572916666666663 0.34307650862068967 0.023168103448275856 0.03475215517241381
0 0.39394755747126436 0.3902209051724138 0.01634339080459768 0.023976293103448287
0 0.4971264367816092 0.5490301724137931 0.019755747126436796 0.032327586206896464
0 0.34626436781609193 0.3240840517241379 0.01831896551724138 0.039331896551724144
0 0.6654992816091954 0.30697737068965514 0.018857758620689613 0.03205818965517243
0 0.46300287356321834 0.6188038793103449 0.012931034482758619 0.0350215517241379
0 0.4971264367816092 0.4344019396551724 0.017241379310344862 0.025592672413793094
0 0.3709590517241379 0.6103178879310345 0.020294540229885027 0.032058189655172376
0 0.5791127873563219 0.4951508620689655 0.01921695402298851 0.025862068965517182
0 0.5529813218390804 0.36099137931034486 0.018318965517241326 0.02801724137931033
0 0.5389727011494252 0.4854525862068966 0.017600574712643646 0.029094827586206906
0 0.6675646551724138 0.3828125 0.016882183908045967 0.028017241379310387
0 0.3559626436781609 0.5259967672413792 0.020114942528735635 0.028825431034482762
0 0.6136853448275863 0.5106411637931034 0.02227011494252873 0.032058189655172376
0 0.5686961206896552 0.3762122844827586 0.01634339080459768 0.026670258620689613
0 0.5711206896551724 0.43615301724137934 0.023347701149425304 0.03017241379310348
0 0.6135955459770115 0.3759428879310345 0.017420977011494254 0.02613146551724138
0 0.48213002873563215 0.5654633620689655 0.021731321839080497 0.036099137931034475
0 0.5492995689655172 0.4249730603448276 0.020653735632183867 0.027209051724137956
0 0.4383979885057471 0.3553340517241379 0.02011494252873558 0.03017241379310348
0 0.5713900862068966 0.5583243534482758 0.021012931034482762 0.03313577586206906
0 0.5957255747126436 0.36920797413793105 0.019037356321839116 0.025592672413793094
0 0.6382004310344828 0.36691810344827586 0.0231681034482758 0.03771551724137934
0 0.5529813218390804 0.45730064655172414 0.021910919540229834 0.032058189655172376
0 0.6852550287356323 0.2970096982758621 0.019935344827586188 0.031519396551724144
0 0.5001795977011494 0.5189924568965517 0.023347701149425304 0.0315193965517242
0 0.4083153735632184 0.4671336206896552 0.021731321839080442 0.03178879310344829
0 0.5368175287356323 0.37688577586206895 0.018318965517241437 0.029094827586206906
0 0.4756645114942529 0.5294989224137931 0.01849856321839083 0.03367456896551724
0 0.5850395114942528 0.5284213362068966 0.020653735632183978 0.036368534482758674
0 0.4718031609195402 0.3211206896551724 0.01831896551724138 0.033405172413793094
0 0.32201867816091956 0.49030172413793105 0.02191091954022989 0.02801724137931033
0 0.6836386494252874 0.4028825431034483 0.022808908045977017 0.028286637931034475
0 0.41280531609195403 0.5052532327586207 0.02424568965517243 0.037984913793103425
0 0.6148527298850575 0.5915948275862069 0.01921695402298851 0.03125
0 0.4413613505747126 0.6509967672413792 0.017780172413793094 0.028825431034482762
0 0.5002693965517241 0.3469827586206896 0.021372126436781602 0.032866379310344807
0 0.6048850574712643 0.48248922413793105 0.018318965517241437 0.029633620689655193
0 0.42708333333333337 0.43386314655172414 0.01903735632183906 0.032058189655172376
0 0.3255208333333333 0.41594827586206895 0.017420977011494254 0.02532327586206895
0 0.38838002873563215 0.4838362068965517 0.024604885057471215 0.03178879310344829
0 0.38541666666666663 0.5228987068965518 0.01903735632183906 0.030711206896551713
0 0.5804597701149425 0.2634698275862069 0.02083333333333326 0.03286637931034486
0 0.6574173850574713 0.35708512931034486 0.022090517241379226 0.03259698275862072
0 0.6375718390804598 0.5241109913793103 0.019037356321839116 0.03205818965517249
0 0.6404454022988506 0.4803340517241379 0.018318965517241437 0.02855603448275862
0 0.631555316091954 0.3382273706896552 0.01921695402298851 0.028286637931034475
0 0.6341594827586207 0.6026400862068966 0.020474137931034475 0.03340517241379315
0 0.3817349137931034 0.5701778017241379 0.021731321839080497 0.03151939655172409
0 0.3620689655172414 0.4682112068965517 0.023347701149425304 0.03663793103448276
0 0.46129669540229884 0.6589439655172413 0.020294540229885083 0.03340517241379304
0 0.3900862068965517 0.3547952586206896 0.02298850574712641 0.033405172413793094
0 0.6522988505747127 0.6099137931034483 0.019037356321839005 0.037715517241379226
0 0.41388290229885055 0.3782327586206896 0.021012931034482762 0.02855603448275862
0 0.46596623563218387 0.4248383620689655 0.01885775862068967 0.029094827586206906
0 0.3474317528735632 0.4496228448275862 0.021731321839080442 0.03125
0 0.46291307471264365 0.5580549568965518 0.021372126436781602 0.03367456896551724
0 0.6259877873563218 0.4831627155172413 0.01706178160919547 0.02613146551724138
0 0.47332974137931033 0.3545258620689655 0.02388649425287359 0.029633620689655138
0 0.4755747126436781 0.591729525862069 0.019396551724137956 0.03313577586206895
0 0.5778556034482758 0.3098060344827586 0.015984195402298895 0.0274784482758621
0 0.6197018678160919 0.31842672413793105 0.017420977011494254 0.025862068965517238
0 0.5272090517241379 0.4566271551724138 0.011673850574712596 0.02424568965517243
0 0.6284123563218391 0.30293642241379315 0.015804597701149392 0.03205818965517243
0 0.47045617816091956 0.48370150862068967 0.01670258620689652 0.02936422413793105
0 0.48195043103448276 0.4718480603448276 0.010237068965517238 0.021282327586206906
0 0.6476293103448276 0.2995689655172414 0.016163793103448287 0.020474137931034475
0 0.6760057471264368 0.42322198275862066 0.014727011494252817 0.016163793103448232
0 0.6084770114942528 0.2974137931034483 0.016882183908046078 0.023706896551724144
0 0.5640265804597702 0.29067887931034486 0.009877873563218453 0.02209051724137928
0 0.6829202586206897 0.38362068965517243 0.015265804597701105 0.02155172413793105
0 0.5770474137931034 0.28663793103448276 0.015086206896551713 0.015625
0 0.6912715517241379 0.3801185344827586 0.008620689655172376 0.022629310344827624
0 0.5370869252873564 0.35735452586206895 0.01778017241379315 0.015355603448275856
0 0.592492816091954 0.30105064655172414 0.011494252873563204 0.0234375
0 0.49245689655172414 0.3587015086206896 0.021910919540229945 0.02613146551724138
0 0.5635775862068966 0.3153286637931034 0.007543103448275801 0.017510775862069006
0 0.4725215517241379 0.36880387931034486 0.018678160919540276 0.014008620689655193
0 0.5708512931034483 0.33001077586206895 0.015984195402298784 0.020474137931034475
0 0.595635775862069 0.32785560344827586 0.021012931034482762 0.019935344827586188
0 0.6684626436781609 0.4872036637931034 0.013290229885057459 0.01697198275862072
0 0.5824353448275862 0.3560075431034483 0.012931034482758674 0.022898706896551713
0 0.6544540229885057 0.49609375 0.011494252873563315 0.02559267241379315
0 0.5507363505747127 0.39924568965517243 0.015265804597701105 0.03125
0 0.5651041666666667 0.4050377155172414 0.013469827586206962 0.0272090517241379
0 0.5851293103448276 0.3954741379310345 0.02298850574712641 0.030172413793103425
0 0.6065014367816093 0.4078663793103448 0.017241379310344862 0.03178879310344829
0 0.6228448275862069 0.4007273706896552 0.015445402298850497 0.03852370689655171
0 0.6461925287356323 0.4128502155172414 0.014727011494252928 0.03151939655172409
0 0.6830998563218391 0.3475215517241379 0.01778017241379304 0.017241379310344807
0 0.6917205459770115 0.35681573275862066 0.01346982758620685 0.02451508620689652
0 0.7053699712643678 0.3582974137931034 0.021731321839080442 0.03017241379310348
0 0.6780711206896552 0.3643588362068966 0.015265804597701105 0.019665948275862044
0 0.6169181034482758 0.3521012931034483 0.01652298850574707 0.020474137931034475
0 0.5158045977011494 0.4055765086206896 0.015804597701149392 0.027209051724137956
0 0.5038613505747126 0.4094827586206896 0.015624999999999944 0.029633620689655193
0 0.49470186781609193 0.38254310344827586 0.012392241379310276 0.024245689655172376
0 0.5187679597701149 0.36489762931034486 0.01849856321839083 0.03205818965517243
0 0.4850933908045977 0.3832165948275862 0.008620689655172431 0.023976293103448287
0 0.46749281609195403 0.45285560344827586 0.010057471264367845 0.024784482758620663
0 0.48401580459770116 0.4486799568965517 0.020474137931034475 0.02667025862068967
0 0.5211027298850575 0.4228178879310345 0.013110632183908066 0.018049568965517238
0 0.5116738505747126 0.4334590517241379 0.013290229885057459 0.016163793103448232
0 0.5613326149425287 0.4806034482758621 0.018498563218390718 0.02478448275862072
0 0.5750718390804598 0.46322737068965514 0.013649425287356243 0.02235991379310348
0 0.5886314655172413 0.4731950431034483 0.01706178160919547 0.024515086206896575
0 0.5988685344827587 0.44679418103448276 0.012033045977011492 0.030441810344827624
0 0.6006645114942528 0.42052801724137934 0.018139367816092045 0.02478448275862072
0 0.6249102011494253 0.4346713362068966 0.015984195402298784 0.027209051724137956
0 0.6538254310344828 0.4302262931034483 0.015265804597701216 0.017780172413793094
0 0.6754669540229885 0.4657866379310345 0.01795977011494254 0.029633620689655138
0 0.6573275862068966 0.4678071120689655 0.013290229885057459 0.0390625
0 0.639367816091954 0.45676185344827586 0.023347701149425304 0.026670258620689613
0 0.5577406609195402 0.4989224137931034 0.01778017241379315 0.02909482758620685
0 0.5632183908045977 0.5219558189655172 0.014727011494252817 0.022359913793103425
0 0.6123383620689655 0.5517241379310345 0.017420977011494254 0.02963362068965525
0 0.5988685344827587 0.5592672413793103 0.01849856321839083 0.028556034482758563
0 0.6070402298850575 0.580145474137931 0.02227011494252873 0.026131465517241326
0 0.5672593390804598 0.5796066810344828 0.012392241379310276 0.0158943965517242
0 0.6302981321839081 0.6287715517241379 0.015265804597701216 0.02909482758620685
0 0.6182650862068966 0.6158405172413793 0.01706178160919536 0.024245689655172376
0 0.595007183908046 0.5013469827586207 0.014727011494252817 0.03125
0 0.6296695402298851 0.5079471982758621 0.012212643678160884 0.027209051724137956
0 0.5145474137931034 0.4874730603448276 0.014008620689655138 0.02451508620689652
0 0.4969468390804598 0.4772359913793104 0.016882183908045967 0.025592672413793094
0 0.4204382183908046 0.576104525862069 0.013290229885057459 0.0315193965517242
0 0.4119971264367816 0.6025053879310345 0.012571839080459779 0.026131465517241326
0 0.39089439655172414 0.5980603448275863 0.020294540229885083 0.024784482758620663
0 0.43875718390804597 0.7408405172413793 0.0193965517241379 0.033943965517241326
0 0.41029094827586204 0.7804418103448276 0.021012931034482762 0.02909482758620696
0 0.41172772988505746 0.810614224137931 0.017420977011494254 0.030172413793103425
0 0.47323994252873564 0.8220635775862069 0.019755747126436796 0.03475215517241381
0 0.4412715517241379 0.7657596982758621 0.017600574712643702 0.0196659482758621
0 0.41208692528735635 0.7489224137931034 0.02352729885057475 0.030172413793103425
0 0.4852729885057471 0.7091864224137931 0.013290229885057459 0.02559267241379304
0 0.47323994252873564 0.7139008620689655 0.013290229885057459 0.030711206896551713
0 0.4852729885057471 0.7332974137931034 0.010775862068965525 0.024245689655172376
0 0.47485632183908044 0.7788254310344828 0.016522988505747127 0.038254310344827624
0 0.4745869252873563 0.6842672413793103 0.017420977011494254 0.028556034482758563
0 0.4836566091954023 0.6609644396551724 0.013290229885057514 0.027747844827586188
0 0.4889547413793104 0.6813038793103449 0.008081896551724144 0.030172413793103425
0 0.42681393678160917 0.7040678879310345 0.01526580459770116 0.0234375
0 0.44728807471264365 0.7073006465517241 0.01813936781609199 0.034213362068965525
0 0.42394037356321834 0.6652747844827587 0.017780172413793094 0.026670258620689613
0 0.4020294540229885 0.6675646551724137 0.015265804597701105 0.029633620689655138
0 0.3742816091954023 0.7087823275862069 0.010775862068965525 0.03717672413793105
0 0.40391522988505746 0.6241918103448276 0.016522988505747127 0.024784482758620663
0 0.3884698275862069 0.6412984913793103 0.01795977011494254 0.030980603448275912
0 0.40077227011494254 0.5431034482758621 0.021372126436781602 0.02909482758620685
0 0.3616199712643678 0.5616918103448276 0.015625 0.04040948275862066
0 0.3445581896551724 0.564520474137931 0.011673850574712652 0.0315193965517242
0 0.33818247126436785 0.4696928879310345 0.02191091954022989 0.0234375
0 0.35605244252873564 0.41258081896551724 0.022808908045977017 0.03259698275862066
0 0.3253412356321839 0.3977640086206896 0.019935344827586188 0.025053879310344807
0 0.3373742816091954 0.3472521551724138 0.022090517241379337 0.03232758620689652
0 0.43947557471264365 0.3898168103448276 0.013649425287356298 0.02801724137931033
0 0.5334051724137931 0.39641702586206895 0.019037356321839005 0.022898706896551713
0 0.5313397988505747 0.4341325431034483 0.010955459770114917 0.02613146551724138
