0 0.868164 0.758301 0.173828 0.135742
0 0.492676 0.933594 0.137695 0.130859
0 0.931152 0.988281 0.133789 0.021484
0 0.649414 0.482910 0.136719 0.147461
0 0.142578 0.506836 0.126953 0.130859
0 0.409180 0.509277 0.142578 0.133789
0 0.755371 0.272949 0.145508 0.163086
0 0.311035 0.701172 0.116211 0.115234
0 0.304199 0.422363 0.141602 0.143555
0 0.120117 0.072754 0.123047 0.120117
0 0.969727 0.512207 0.058594 0.143555
0 0.088379 0.977539 0.151367 0.042969
0 0.172852 0.693359 0.121094 0.119141
0 0.133301 0.827148 0.151367 0.154297
0 0.037598 0.741211 0.075195 0.126953
0 0.515137 0.438477 0.143555 0.146484
0 0.627441 0.601074 0.127930 0.112305
0 0.146484 0.187500 0.128906 0.128906
0 0.283691 0.848633 0.159180 0.156250
0 0.059570 0.202148 0.119141 0.140625
0 0.496582 0.324219 0.129883 0.113281
0 0.384766 0.353516 0.132812 0.166016
0 0.224609 0.342285 0.117188 0.143555
0 0.631348 0.333984 0.120117 0.166016
0 0.788086 0.416504 0.162109 0.110352
0 0.908691 0.519043 0.116211 0.120117
0 0.778809 0.512695 0.149414 0.087891
0 0.767578 0.587402 0.126953 0.081055
0 0.501465 0.630859 0.120117 0.187500
0 0.120605 0.371094 0.096680 0.123047
0 0.052246 0.416992 0.104492 0.123047
0 0.064453 0.311523 0.128906 0.074219
0 0.037598 0.512695 0.075195 0.107422
0 0.337891 0.577637 0.128906 0.100586
0 0.270020 0.940918 0.133789 0.081055
0 0.406250 0.815430 0.123047 0.162109
0 0.211914 0.944824 0.087891 0.108398
0 0.600586 0.822266 0.136719 0.167969
0 0.745117 0.823730 0.152344 0.145508
0 0.287598 0.988770 0.112305 0.020508
0 0.731934 0.693848 0.125977 0.139648
0 0.871094 0.648438 0.152344 0.113281
0 0.799316 0.990234 0.129883 0.017578
0 0.685059 0.918457 0.090820 0.084961
0 0.857422 0.858398 0.113281 0.091797
0 0.027832 0.887207 0.055664 0.143555
0 0.083008 0.651855 0.091797 0.094727
0 0.029785 0.622559 0.059570 0.092773
