0 0.490723 0.733887 0.155273 0.176758
0 0.799316 0.392578 0.108398 0.150391
0 0.534668 0.095703 0.145508 0.134766
0 0.766602 0.599609 0.160156 0.121094
0 0.910645 0.033691 0.147461 0.067383
0 0.433105 0.560059 0.155273 0.165039
0 0.060547 0.478027 0.121094 0.172852
0 0.633789 0.003418 0.123047 0.006836
0 0.050293 0.844727 0.100586 0.144531
0 0.375488 0.019043 0.131836 0.038086
0 0.943359 0.156250 0.111328 0.146484
0 0.898438 0.281738 0.150391 0.137695
0 0.907715 0.432617 0.163086 0.160156
0 0.356934 0.707031 0.141602 0.167969
0 0.586426 0.493164 0.176758 0.156250
0 0.991211 0.232910 0.015625 0.143555
0 0.701172 0.027344 0.117188 0.054687
0 0.069336 0.077637 0.138672 0.155273
0 0.229980 0.645020 0.149414 0.145508
0 0.033203 0.307129 0.066406 0.149414
0 0.614258 0.230957 0.148437 0.161133
0 0.457520 0.272949 0.112305 0.108398
0 0.562500 0.019043 0.105469 0.038086
0 0.348633 0.080566 0.105469 0.155273
0 0.250000 0.020996 0.140625 0.041992
0 0.469727 0.171875 0.166016 0.105469
0 0.714844 0.299316 0.093750 0.143555
0 0.794434 0.073730 0.088867 0.088867
0 0.998047 0.353027 0.001953 0.110352
0 0.574219 0.316406 0.107422 0.109375
0 0.661133 0.065918 0.091797 0.098633
0 0.011230 0.691406 0.022461 0.152344
0 0.458008 0.966309 0.146484 0.065430
0 0.354492 0.972656 0.136719 0.052734
0 0.040039 0.956543 0.080078 0.084961
0 0.808105 0.144043 0.120117 0.118164
0 0.213379 0.316406 0.102539 0.130859
