0 0.177246 0.902344 0.118164 0.150391
0 0.254395 0.997559 0.168945 0.002930
0 0.942383 0.956543 0.113281 0.084961
0 0.310059 0.933594 0.168945 0.130859
0 0.275879 0.827637 0.133789 0.127930
0 0.660645 0.978516 0.190430 0.041016
0 0.509277 0.675781 0.159180 0.189453
0 0.040039 0.938477 0.080078 0.121094
0 0.110840 0.966309 0.166992 0.065430
0 0.393066 0.784180 0.143555 0.166016
0 0.462891 0.933105 0.158203 0.131836
0 0.584961 0.833984 0.173828 0.140625
0 0.001953 0.832031 0.003906 0.156250
0 0.627930 0.935059 0.177734 0.127930
