0 0.018555 0.094238 0.037109 0.147461
0 0.179688 0.763184 0.125000 0.127930
0 0.358887 0.296875 0.139648 0.125000
0 0.326660 0.593750 0.127930 0.105469
0 0.006348 0.024414 0.012695 0.048828
0 0.066895 0.017578 0.125977 0.035156
0 0.219238 0.142090 0.147461 0.108398
0 0.231445 0.526855 0.162109 0.135742
0 0.028809 0.729004 0.057617 0.159180
0 0.086426 0.561035 0.129883 0.141602
0 0.174805 0.627930 0.113281 0.119141
0 0.201660 0.374023 0.159180 0.150391
0 0.224121 0.245117 0.127930 0.111328
0 0.094727 0.238281 0.134766 0.123047
0 0.463867 0.301758 0.138672 0.136719
0 0.101074 0.099121 0.124023 0.122070
0 0.231934 0.047852 0.166992 0.095703
0 0.018066 0.995117 0.036133 0.007812
0 0.319336 0.941895 0.113281 0.114258
0 0.042480 0.913574 0.084961 0.131836
0 0.450195 0.920410 0.158203 0.125977
0 0.083008 0.981445 0.128906 0.035156
0 0.441895 0.993652 0.122070 0.010742
0 0.020508 0.312500 0.041016 0.195312
0 0.031738 0.417480 0.063477 0.083008
0 0.163086 0.932129 0.148438 0.110352
0 0.106445 0.334473 0.113281 0.086914
0 0.014648 0.608887 0.029297 0.083008
0 0.017090 0.511230 0.034180 0.094727
0 0.370605 0.479980 0.161133 0.110352
0 0.349121 0.395508 0.131836 0.085938
