0 0.420898 0.060547 0.117188 0.111328
0 0.821777 0.424316 0.141602 0.129883
0 0.769043 0.291992 0.157227 0.130859
0 0.038574 0.559570 0.077148 0.128906
0 0.628418 0.024414 0.135742 0.048828
0 0.089355 0.656738 0.100586 0.116211
0 0.312012 0.012207 0.114258 0.024414
0 0.660156 0.110352 0.126953 0.121094
0 0.921387 0.303223 0.104492 0.108398
0 0.006348 0.694824 0.012695 0.163086
0 0.276367 0.502441 0.144531 0.149414
0 0.387207 0.178223 0.135742 0.129883
0 0.041016 0.017090 0.082031 0.034180
0 0.548828 0.358887 0.144531 0.141602
0 0.664551 0.432129 0.116211 0.131836
0 0.545410 0.073242 0.122070 0.125000
0 0.776855 0.164551 0.135742 0.120117
0 0.632812 0.238770 0.123047 0.131836
0 0.010742 0.114746 0.021484 0.153320
0 0.966309 0.357910 0.065430 0.100586
0 0.926270 0.470703 0.114258 0.132812
0 0.465332 0.617676 0.088867 0.125977
0 0.519043 0.486816 0.125977 0.108398
0 0.286133 0.055176 0.119141 0.110352
0 0.162598 0.044434 0.092773 0.088867
0 0.062012 0.058594 0.122070 0.117188
0 0.108398 0.157227 0.085937 0.128906
0 0.005859 0.230469 0.011719 0.119141
0 0.063965 0.261230 0.104492 0.143555
0 0.245117 0.199707 0.171875 0.122070
0 0.303711 0.337891 0.111328 0.167969
0 0.449219 0.289551 0.136719 0.092773
0 0.377930 0.391602 0.107422 0.132812
0 0.189453 0.321777 0.111328 0.151367
0 0.032715 0.343262 0.065430 0.079102
0 0.096191 0.364746 0.088867 0.100586
0 0.089355 0.420898 0.096680 0.132812
0 0.398926 0.546387 0.100586 0.182617
