0 0.200684 0.059570 0.151367 0.119141
0 0.561035 0.107910 0.180664 0.157227
0 0.545410 0.015137 0.157227 0.030273
0 0.521484 0.827148 0.177734 0.210938
0 0.888184 0.446777 0.122070 0.135742
0 0.727539 0.326172 0.132812 0.119141
0 0.588867 0.351074 0.121094 0.124023
0 0.867676 0.269531 0.145508 0.189453
0 0.018066 0.205078 0.036133 0.207031
0 0.701172 0.806641 0.175781 0.191406
0 0.388184 0.067871 0.163086 0.135742
0 0.340820 0.766602 0.177734 0.181641
0 0.576660 0.633301 0.182617 0.186523
0 0.940918 0.541992 0.116211 0.179687
0 0.692871 0.217773 0.170898 0.175781
0 0.736816 0.488281 0.184570 0.193359
0 0.952637 0.094238 0.092773 0.147461
0 0.935059 0.951172 0.127930 0.095703
0 0.878906 0.013184 0.136719 0.026367
0 0.772461 0.062500 0.171875 0.125000
0 0.104492 0.006836 0.197266 0.013672
0 0.977539 0.358887 0.042969 0.225586
0 0.077148 0.073242 0.134766 0.101562
0 0.945801 0.828613 0.106445 0.165039
0 0.988770 0.663086 0.020508 0.115234
0 0.886719 0.666016 0.152344 0.197266
0 0.168945 0.640625 0.207031 0.146484
0 0.085449 0.803223 0.170898 0.153320
0 0.045410 0.942383 0.090820 0.113281
0 0.058105 0.315918 0.116211 0.118164
0 0.291992 0.420898 0.171875 0.187500
0 0.531738 0.237793 0.206055 0.133789
