0 0.109863 0.190430 0.172852 0.162109
0 0.729980 0.014160 0.141602 0.028320
0 0.090820 0.047852 0.166016 0.095703
0 0.239258 0.086426 0.175781 0.172852
0 0.574219 0.481934 0.140625 0.170898
0 0.603027 0.054199 0.155273 0.108398
0 0.425781 0.306641 0.130859 0.138672
0 0.797852 0.263184 0.164062 0.141602
0 0.348633 0.003906 0.140625 0.007813
0 0.041504 0.541992 0.083008 0.179687
0 0.929199 0.057617 0.139648 0.115234
0 0.966309 0.446289 0.065430 0.187500
0 0.573242 0.251953 0.166016 0.187500
0 0.481445 0.074219 0.144531 0.148437
0 0.012695 0.094238 0.025391 0.147461
0 0.002441 0.951172 0.004883 0.095703
0 0.295898 0.336426 0.097656 0.129883
0 0.281250 0.215820 0.171875 0.130859
0 0.395508 0.083984 0.089844 0.166016
0 0.417480 0.184570 0.108398 0.111328
0 0.739258 0.071289 0.152344 0.126953
0 0.812012 0.003906 0.083008 0.007812
0 0.182617 0.359375 0.146484 0.212891
0 0.054688 0.358887 0.109375 0.225586
0 0.854980 0.454590 0.168945 0.200195
0 0.938965 0.582031 0.120117 0.111328
0 0.820312 0.110352 0.142578 0.171875
0 0.675781 0.172852 0.095703 0.093750
0 0.787109 0.438477 0.171875 0.187500
0 0.920410 0.646973 0.133789 0.184570
0 0.638672 0.570801 0.136719 0.145508
0 0.022949 0.828613 0.045898 0.165039
0 0.054688 0.663086 0.109375 0.115234
0 0.758301 0.568359 0.102539 0.087891
