0 0.770508 0.424805 0.138672 0.164062
0 0.953613 0.963867 0.090820 0.070312
0 0.727051 0.796875 0.159180 0.140625
0 0.981934 0.215820 0.034180 0.146484
0 0.660645 0.970215 0.129883 0.057617
0 0.920898 0.408203 0.156250 0.138672
0 0.982422 0.089355 0.033203 0.106445
0 0.376465 0.510254 0.178711 0.137695
0 0.601562 0.730957 0.175781 0.149414
0 0.990234 0.742676 0.017578 0.141602
0 0.730957 0.594727 0.147461 0.158203
0 0.481934 0.479004 0.149414 0.161133
0 0.936035 0.840332 0.125977 0.172852
0 0.854492 0.551758 0.130859 0.117188
0 0.445801 0.643066 0.135742 0.118164
0 0.566895 0.609375 0.165039 0.148438
0 0.627441 0.460938 0.149414 0.164062
0 0.709961 0.904785 0.164062 0.133789
0 0.985840 0.549805 0.026367 0.099609
0 0.958984 0.649414 0.080078 0.132812
0 0.847168 0.699219 0.147461 0.140625
0 0.806641 0.968262 0.125000 0.061523
0 0.902344 0.958984 0.066406 0.080078
