0 0.739258 0.691406 0.123047 0.121094
0 0.482422 0.398438 0.113281 0.107422
0 0.235840 0.270508 0.102539 0.101562
0 0.028320 0.846680 0.056641 0.091797
0 0.900879 0.856445 0.133789 0.123047
0 0.044922 0.150391 0.089844 0.113281
0 0.754395 0.377441 0.094727 0.108398
0 0.965820 0.216797 0.066406 0.095703
0 0.573242 0.469238 0.101562 0.112305
0 0.822754 0.951172 0.137695 0.095703
0 0.231934 0.531738 0.118164 0.135742
0 0.452148 0.948242 0.103516 0.101563
0 0.508789 0.101074 0.097656 0.127930
0 0.650391 0.183105 0.103516 0.116211
0 0.478027 0.243652 0.125977 0.125977
0 0.142090 0.414551 0.088867 0.086914
0 0.703125 0.965332 0.107422 0.067383
0 0.703125 0.574707 0.093750 0.092773
0 0.978027 0.308594 0.041992 0.101562
0 0.930664 0.759766 0.095703 0.105469
0 0.621582 0.991699 0.118164 0.014648
0 0.964844 0.540527 0.068359 0.098633
0 0.383789 0.288086 0.109375 0.109375
0 0.973145 0.657715 0.051758 0.116211
0 0.719727 0.881348 0.126953 0.114258
0 0.220215 0.693359 0.118164 0.115234
0 0.918945 0.366211 0.099609 0.105469
0 0.586426 0.919434 0.100586 0.122070
0 0.565430 0.164062 0.099609 0.121094
0 0.244629 0.831543 0.131836 0.137695
0 0.720215 0.257812 0.116211 0.119141
0 0.322266 0.572754 0.103516 0.116211
0 0.111816 0.753906 0.133789 0.115234
0 0.095703 0.895508 0.103516 0.111328
0 0.016113 0.697266 0.032227 0.132812
0 0.121094 0.286133 0.125000 0.121094
0 0.250488 0.371094 0.114258 0.103516
0 0.533691 0.540039 0.102539 0.105469
0 0.517090 0.980469 0.116211 0.037109
0 0.573730 0.285156 0.129883 0.107422
0 0.866699 0.655273 0.063477 0.087891
0 0.558105 0.753418 0.090820 0.106445
0 0.620605 0.710449 0.055664 0.077148
0 0.920410 0.295410 0.096680 0.055664
0 0.677734 0.300293 0.119141 0.094727
0 0.569336 0.336914 0.101562 0.050781
0 0.976074 0.447266 0.045898 0.113281
0 0.804688 0.470215 0.085937 0.098633
0 0.739746 0.484375 0.084961 0.107422
0 0.689941 0.386719 0.067383 0.087891
0 0.820801 0.322754 0.100586 0.116211
0 0.637695 0.389160 0.046875 0.086914
0 0.541992 0.641602 0.054688 0.089844
0 0.631836 0.626465 0.111328 0.096680
0 0.833496 0.532715 0.071289 0.065430
0 0.782227 0.571289 0.072266 0.058594
0 0.991699 0.808594 0.014648 0.105469
0 0.797852 0.767090 0.076172 0.088867
0 0.702148 0.729980 0.091797 0.092773
0 0.179199 0.957520 0.116211 0.083008
0 0.004395 0.980957 0.008789 0.036133
0 0.389648 0.413086 0.074219 0.101562
0 0.900391 0.437012 0.103516 0.083008
0 0.889160 0.573730 0.059570 0.094727
