0 0.098633 0.747070 0.121094 0.111328
0 0.784668 0.845215 0.112305 0.120117
0 0.324707 0.500488 0.106445 0.108398
0 0.406250 0.973145 0.126953 0.051758
0 0.193359 0.559570 0.097656 0.099609
0 0.980957 0.269531 0.036133 0.117188
0 0.530762 0.942871 0.129883 0.112305
0 0.939941 0.143555 0.118164 0.113281
0 0.536621 0.106934 0.108398 0.118164
0 0.037109 0.997070 0.074219 0.003906
0 0.239258 0.678711 0.111328 0.111328
0 0.903320 0.728516 0.117187 0.128906
0 0.163574 0.851562 0.122070 0.123047
0 0.856934 0.219238 0.120117 0.116211
0 0.460938 0.846680 0.119141 0.130859
0 0.727051 0.615723 0.118164 0.102539
0 0.971191 0.571289 0.055664 0.128906
0 0.920898 0.327637 0.117188 0.133789
0 0.769043 0.159668 0.118164 0.120117
0 0.053223 0.848633 0.106445 0.117188
0 0.640137 0.211914 0.135742 0.115234
0 0.134277 0.636230 0.108398 0.118164
0 0.143555 0.960938 0.160156 0.076172
0 0.991211 0.051758 0.015625 0.103516
0 0.511719 0.362793 0.095703 0.100586
0 0.858887 0.946289 0.118164 0.105469
0 0.083008 0.412109 0.125000 0.115234
0 0.651367 0.385742 0.117188 0.103516
0 0.420898 0.699707 0.117188 0.110352
0 0.742676 0.955078 0.114258 0.087891
0 0.908691 0.836914 0.124023 0.113281
0 0.571777 0.756348 0.129883 0.131836
0 0.772949 0.986816 0.116211 0.024414
0 0.131348 0.493164 0.110352 0.123047
0 0.742188 0.510254 0.125000 0.129883
0 0.245117 0.982422 0.099609 0.033203
0 0.411621 0.584473 0.108398 0.114258
0 0.026855 0.361328 0.053711 0.134766
0 0.924805 0.060547 0.109375 0.080078
0 0.837891 0.109863 0.085938 0.096680
0 0.637207 0.036133 0.114258 0.072266
0 0.607422 0.010254 0.085937 0.020508
0 0.690430 0.108887 0.126953 0.083008
0 0.533203 0.240723 0.093750 0.155273
0 0.643555 0.308105 0.121094 0.098633
0 0.790527 0.391113 0.114258 0.098633
0 0.770508 0.322754 0.085937 0.065430
0 0.735840 0.276855 0.057617 0.083008
0 0.515137 0.496582 0.088867 0.096680
0 0.624512 0.505859 0.114258 0.119141
0 0.854004 0.495117 0.106445 0.140625
0 0.934082 0.433105 0.112305 0.083008
0 0.991699 0.366699 0.014648 0.084961
0 0.919434 0.526855 0.067383 0.098633
0 0.844727 0.619629 0.103516 0.098633
0 0.931152 0.618652 0.059570 0.075195
0 0.808594 0.706543 0.072266 0.090820
0 0.745117 0.752441 0.070312 0.083008
0 0.679688 0.701660 0.101562 0.112305
0 0.608887 0.623535 0.098633 0.090820
0 0.512695 0.625000 0.087891 0.103516
0 0.407715 0.457520 0.116211 0.090820
0 0.063965 0.548340 0.088867 0.081055
0 0.218262 0.474609 0.096680 0.087891
0 0.689453 0.849609 0.097656 0.121094
0 0.615234 0.864258 0.115234 0.091797
0 0.665527 0.954590 0.094727 0.088867
0 0.949707 0.948242 0.094727 0.101562
0 0.967773 0.974121 0.062500 0.049805
0 0.987793 0.909180 0.022461 0.101562
0 0.995605 0.823730 0.006836 0.079102
0 0.990234 0.700195 0.017578 0.105469
0 0.330566 0.766602 0.108398 0.089844
0 0.031250 0.937500 0.062500 0.099609
0 0.328125 0.904785 0.117188 0.137695
0 0.325684 0.618164 0.098633 0.097656
0 0.437012 0.520020 0.081055 0.065430
