0 0.205078 0.923828 0.136719 0.128906
0 0.512695 0.915039 0.181641 0.167969
0 0.630859 0.968262 0.216797 0.061523
0 0.368164 0.945313 0.164062 0.107422
0 0.301270 0.738770 0.155273 0.137695
0 0.457520 0.752441 0.133789 0.151367
0 0.073730 0.942383 0.147461 0.113281
0 0.609375 0.752930 0.187500 0.154297
0 0.325195 0.856445 0.150391 0.138672
0 0.036133 0.710937 0.072266 0.152344
0 0.232910 0.996582 0.161133 0.004883
0 0.153320 0.708984 0.144531 0.091797
0 0.158203 0.809570 0.183594 0.134766
0 0.041992 0.848145 0.083984 0.125977
0 0.010254 0.962402 0.020508 0.073242
