0 0.455078 0.833496 0.154297 0.168945
0 0.541504 0.256348 0.180664 0.180664
0 0.512695 0.001953 0.181641 0.003906
0 0.630859 0.063965 0.216797 0.127930
0 0.368164 0.024902 0.164062 0.049805
0 0.339355 0.520020 0.188477 0.168945
0 0.031738 0.100586 0.063477 0.160156
0 0.073730 0.024414 0.147461 0.048828
0 0.398926 0.205566 0.143555 0.153320
0 0.653320 0.375488 0.175781 0.170898
0 0.832520 0.303711 0.170898 0.160156
0 0.462402 0.104492 0.149414 0.148438
0 0.232910 0.069336 0.161133 0.138672
0 0.010254 0.021484 0.020508 0.042969
0 0.057617 0.236816 0.115234 0.174805
0 0.020508 0.269043 0.041016 0.153320
0 0.074707 0.701660 0.149414 0.174805
0 0.164551 0.887207 0.141602 0.170898
0 0.314453 0.870605 0.128906 0.168945
0 0.056152 0.897949 0.112305 0.163086
0 0.339355 0.372559 0.116211 0.135742
0 0.038086 0.401855 0.076172 0.131836
0 0.183105 0.433594 0.127930 0.177734
0 0.506348 0.614746 0.174805 0.165039
