0 0.496582 0.021973 0.155273 0.043945
0 0.953125 0.074707 0.091797 0.147461
0 0.446777 0.181152 0.151367 0.145508
0 0.872559 0.007812 0.127930 0.015625
0 0.032715 0.033203 0.065430 0.066406
0 0.802246 0.978027 0.161133 0.041992
0 0.951660 0.688965 0.094727 0.161133
0 0.307129 0.534180 0.143555 0.142578
0 0.623047 0.091797 0.158203 0.158203
0 0.163086 0.044922 0.166016 0.089844
0 0.682129 0.794434 0.147461 0.133789
0 0.826172 0.114258 0.154297 0.146484
0 0.722656 0.028809 0.156250 0.057617
0 0.841309 0.746094 0.165039 0.175781
0 0.968750 0.472656 0.060547 0.150391
0 0.888672 0.365723 0.160156 0.176758
0 0.935547 0.863770 0.126953 0.161133
0 0.754883 0.446289 0.144531 0.121094
0 0.734863 0.593750 0.184570 0.171875
0 0.439941 0.545410 0.135742 0.159180
0 0.320801 0.206055 0.125977 0.134766
0 0.939453 0.213867 0.119141 0.138672
0 0.025879 0.083984 0.051758 0.105469
0 0.341309 0.002930 0.118164 0.005859
0 0.377441 0.059082 0.127930 0.118164
0 0.235352 0.075684 0.130859 0.122070
0 0.907227 0.553223 0.113281 0.153320
0 0.792969 0.308105 0.080078 0.110352
0 0.583008 0.249512 0.105469 0.129883
0 0.275879 0.346191 0.149414 0.166992
0 0.443359 0.281250 0.107422 0.087891
0 0.479004 0.389160 0.127930 0.135742
0 0.629395 0.366211 0.147461 0.142578
0 0.782715 0.188965 0.155273 0.108398
0 0.672852 0.235840 0.099609 0.149414
0 0.617188 0.515625 0.123047 0.164062
0 0.397949 0.639160 0.147461 0.065430
0 0.259766 0.581543 0.121094 0.135742
0 0.254395 0.692871 0.174805 0.108398
0 0.338379 0.747070 0.149414 0.167969
0 0.489746 0.727539 0.114258 0.146484
0 0.566406 0.575195 0.138672 0.154297
0 0.648926 0.683594 0.125977 0.097656
0 0.975098 0.005371 0.047852 0.010742
