0 0.649414 0.965820 0.113281 0.066406
0 0.973633 0.997070 0.050781 0.003906
0 0.824707 0.553223 0.094727 0.104492
0 0.714844 0.979980 0.109375 0.038086
0 0.378906 0.751465 0.136719 0.127930
0 0.995605 0.848633 0.006836 0.117188
0 0.630371 0.865723 0.120117 0.131836
0 0.734863 0.662598 0.102539 0.120117
0 0.843262 0.676270 0.143555 0.122070
0 0.833984 0.989258 0.128906 0.019531
0 0.918457 0.513184 0.112305 0.112305
0 0.970703 0.361328 0.056641 0.134766
0 0.493164 0.896973 0.134766 0.133789
0 0.917480 0.382324 0.116211 0.127930
0 0.840820 0.391602 0.078125 0.119141
0 0.765625 0.784668 0.093750 0.112305
0 0.955078 0.721191 0.087891 0.114258
0 0.935547 0.605469 0.126953 0.070312
0 0.868652 0.770020 0.122070 0.096680
0 0.927734 0.827637 0.103516 0.094727
0 0.841797 0.886230 0.113281 0.094727
0 0.979980 0.937500 0.038086 0.099609
