0 0.492676 0.007324 0.137695 0.014648
0 0.931152 0.054687 0.133789 0.109375
0 0.479980 0.207520 0.137695 0.133789
0 0.499023 0.725098 0.138672 0.157227
0 0.463867 0.854492 0.113281 0.126953
0 0.650391 0.873535 0.126953 0.131836
0 0.633301 0.745605 0.114258 0.135742
0 0.422852 0.343750 0.150391 0.142578
0 0.010742 0.156250 0.021484 0.146484
0 0.458496 0.527344 0.139648 0.132812
0 0.088379 0.047852 0.151367 0.095703
0 0.619629 0.158691 0.149414 0.124023
0 0.055664 0.232910 0.111328 0.143555
0 0.777832 0.791992 0.127930 0.160156
0 0.192871 0.609863 0.153320 0.168945
0 0.269043 0.469727 0.139648 0.140625
0 0.211914 0.020996 0.087891 0.041992
0 0.345703 0.212402 0.123047 0.137695
0 0.236328 0.194824 0.109375 0.143555
0 0.287598 0.061523 0.112305 0.123047
0 0.157227 0.154297 0.105469 0.091797
0 0.285645 0.338867 0.094727 0.144531
0 0.539062 0.315918 0.109375 0.133789
0 0.646484 0.372559 0.126953 0.133789
0 0.799316 0.087891 0.129883 0.175781
0 0.618652 0.059082 0.168945 0.112305
0 0.906738 0.145508 0.084961 0.101562
0 0.760742 0.212402 0.074219 0.116211
0 0.415527 0.668945 0.122070 0.119141
0 0.367187 0.604980 0.097656 0.137695
0 0.310059 0.679688 0.094727 0.103516
0 0.717773 0.612305 0.152344 0.140625
0 0.189453 0.323730 0.091797 0.100586
0 0.160645 0.343750 0.100586 0.140625
0 0.053711 0.353027 0.107422 0.110352
0 0.115234 0.444824 0.113281 0.127930
0 0.546387 0.837891 0.108398 0.080078
0 0.191406 0.704102 0.105469 0.060547
