0 0.058105 0.888672 0.116211 0.144531
0 0.329590 0.362793 0.170898 0.155273
0 0.587891 0.178711 0.105469 0.101562
0 0.453613 0.119629 0.120117 0.124023
0 0.836426 0.083496 0.122070 0.124023
0 0.148437 0.054199 0.144531 0.108398
0 0.970215 0.441406 0.057617 0.132812
0 0.280762 0.251953 0.112305 0.111328
0 0.345215 0.034180 0.124023 0.068359
0 0.038086 0.332520 0.076172 0.165039
0 0.075195 0.501465 0.150391 0.168945
0 0.487305 0.015625 0.140625 0.031250
0 0.984863 0.299316 0.028320 0.133789
0 0.192383 0.443359 0.150391 0.183594
0 0.583008 0.062500 0.150391 0.125000
0 0.908203 0.560547 0.121094 0.134766
0 0.869141 0.004883 0.132812 0.009766
0 0.152344 0.244629 0.179688 0.166992
0 0.830566 0.255859 0.145508 0.164062
0 0.947266 0.064941 0.103516 0.129883
0 0.662598 0.278320 0.133789 0.136719
0 0.723633 0.150391 0.132812 0.128906
0 0.042480 0.041992 0.084961 0.083984
0 0.778320 0.454102 0.132812 0.130859
0 0.745117 0.077148 0.109375 0.148438
0 0.752441 0.005371 0.114258 0.010742
0 0.200684 0.625000 0.143555 0.179687
0 0.308105 0.501953 0.090820 0.154297
0 0.665039 0.002441 0.117187 0.004883
0 0.361328 0.236328 0.115234 0.148438
0 0.136230 0.773926 0.127930 0.135742
0 0.124023 0.137207 0.130859 0.112305
0 0.013672 0.611328 0.027344 0.105469
0 0.482910 0.286621 0.127930 0.182617
0 0.042969 0.658691 0.085938 0.116211
0 0.898438 0.153809 0.125000 0.067383
0 0.979980 0.148926 0.038086 0.104492
0 0.800781 0.559570 0.091797 0.123047
0 0.948730 0.393555 0.100586 0.125000
0 0.935059 0.221680 0.067383 0.078125
