0 0.706543 0.346680 0.139648 0.142578
0 0.131836 0.449707 0.158203 0.114258
0 0.354492 0.931152 0.101562 0.114258
0 0.884766 0.973633 0.121094 0.050781
0 0.017090 0.881348 0.034180 0.161133
0 0.340332 0.619141 0.135742 0.117188
0 0.291016 0.722168 0.109375 0.102539
0 0.984375 0.516113 0.029297 0.120117
0 0.851562 0.252441 0.140625 0.139648
0 0.553711 0.294434 0.140625 0.141602
0 0.630859 0.532715 0.121094 0.124023
0 0.895508 0.902344 0.136719 0.132812
0 0.973633 0.946289 0.050781 0.105469
0 0.826172 0.504395 0.128906 0.116211
0 0.891602 0.625488 0.130859 0.161133
0 0.765137 0.819824 0.127930 0.124023
0 0.981445 0.657715 0.035156 0.149414
0 0.010742 0.717285 0.021484 0.153320
0 0.380859 0.472656 0.119141 0.125000
0 0.057129 0.525391 0.114258 0.152344
0 0.256348 0.830078 0.168945 0.132812
0 0.978516 0.816895 0.041016 0.137695
0 0.904785 0.766113 0.143555 0.131836
0 0.447266 0.418945 0.136719 0.126953
0 0.127930 0.987305 0.126953 0.023437
0 0.107910 0.024902 0.147461 0.049805
0 0.008301 0.062988 0.016602 0.125977
0 0.765137 0.940918 0.120117 0.116211
0 0.434082 0.807617 0.137695 0.128906
0 0.836426 0.383301 0.116211 0.112305
0 0.041504 0.091797 0.083008 0.128906
0 0.333984 0.382324 0.128906 0.092773
0 0.940918 0.418457 0.116211 0.165039
0 0.741211 0.504395 0.089844 0.122070
0 0.620605 0.444824 0.165039 0.104492
0 0.550781 0.541992 0.132812 0.132812
0 0.445312 0.570312 0.064453 0.082031
0 0.672852 0.699707 0.146484 0.125977
0 0.731934 0.663574 0.114258 0.147461
0 0.527832 0.685059 0.114258 0.118164
0 0.466797 0.696289 0.093750 0.111328
0 0.488281 0.936035 0.107422 0.125977
0 0.625000 0.895020 0.107422 0.157227
0 0.575684 0.983398 0.108398 0.031250
