0 0.096680 0.447266 0.142578 0.148438
0 0.187988 0.165039 0.155273 0.162109
0 0.235352 0.465332 0.115234 0.129883
0 0.072266 0.630371 0.140625 0.147461
0 0.030273 0.441406 0.060547 0.132812
0 0.146484 0.551758 0.140625 0.128906
0 0.056152 0.299316 0.112305 0.133789
0 0.018066 0.064941 0.036133 0.129883
0 0.319336 0.029785 0.113281 0.059570
0 0.083008 0.053223 0.128906 0.106445
0 0.376953 0.482422 0.132812 0.142578
0 0.441895 0.051270 0.122070 0.102539
0 0.408691 0.160645 0.110352 0.127930
0 0.028809 0.148926 0.057617 0.104492
0 0.274414 0.619629 0.125000 0.190430
0 0.199707 0.670410 0.122070 0.114258
0 0.003906 0.393555 0.007812 0.125000
