0 0.045898 0.484863 0.091797 0.182617
0 0.099609 0.024902 0.150391 0.049805
0 0.137695 0.745605 0.152344 0.163086
0 0.318359 0.192871 0.113281 0.116211
0 0.998047 0.942383 0.001953 0.113281
0 0.188477 0.185547 0.154297 0.142578
0 0.418945 0.122559 0.109375 0.124023
0 0.310059 0.387695 0.127930 0.138672
0 0.844238 0.771484 0.172852 0.152344
0 0.103027 0.344727 0.172852 0.158203
0 0.251465 0.328125 0.147461 0.164062
0 0.956055 0.710938 0.085938 0.152344
0 0.150391 0.516602 0.175781 0.167969
0 0.462891 0.290527 0.091797 0.094727
0 0.041504 0.100586 0.083008 0.130859
0 0.194824 0.097168 0.141602 0.075195
0 0.395020 0.241699 0.079102 0.100586
0 0.313477 0.092285 0.107422 0.084961
0 0.367188 0.433105 0.134766 0.092773
0 0.969727 0.848145 0.058594 0.125977
0 0.732422 0.916992 0.177734 0.140625
0 0.922363 0.962402 0.153320 0.073242
0 0.848633 0.996094 0.152344 0.005859
0 0.010254 0.236328 0.020508 0.121094
0 0.027344 0.854004 0.054688 0.129883
0 0.106445 0.996094 0.064453 0.005859
0 0.058594 0.945312 0.117187 0.107422
0 0.287598 0.693359 0.153320 0.115234
0 0.013672 0.637695 0.027344 0.140625
0 0.303223 0.559082 0.157227 0.133789
0 0.404297 0.545410 0.083984 0.098633
