0 0.042969 0.074707 0.085937 0.147461
0 0.027344 0.688965 0.054687 0.161133
0 0.732910 0.295898 0.131836 0.138672
0 0.944824 0.100586 0.108398 0.160156
0 0.998047 0.024414 0.001953 0.048828
0 0.044434 0.472656 0.088867 0.150391
0 0.017090 0.863770 0.034180 0.161133
0 0.020508 0.213867 0.041016 0.138672
0 0.922363 0.021484 0.153320 0.042969
0 0.848633 0.083984 0.152344 0.167969
0 0.992676 0.236816 0.012695 0.174805
0 0.971191 0.269043 0.055664 0.153320
0 0.714355 0.611328 0.122070 0.146484
0 0.851074 0.648437 0.143555 0.171875
0 0.983887 0.701660 0.030273 0.174805
0 0.781738 0.839844 0.116211 0.162109
0 0.899902 0.941406 0.100586 0.115234
0 0.985352 0.897949 0.027344 0.163086
0 0.829102 0.973633 0.107422 0.050781
0 0.723633 0.962891 0.091797 0.072266
0 0.951660 0.401855 0.094727 0.131836
0 0.106445 0.082031 0.064453 0.164062
0 0.916504 0.790527 0.124023 0.159180
0 0.058594 0.005371 0.117187 0.010742
