0 0.207520 0.070312 0.125977 0.115234
0 0.822754 0.011230 0.137695 0.022461
0 0.452148 0.004395 0.103516 0.008789
0 0.703125 0.024414 0.107422 0.048828
0 0.517578 0.243164 0.070312 0.126953
0 0.036133 0.212402 0.072266 0.116211
0 0.621582 0.057617 0.118164 0.115234
0 0.399902 0.359863 0.096680 0.104492
0 0.075684 0.066895 0.118164 0.114258
0 0.508301 0.388672 0.110352 0.121094
0 0.517090 0.041992 0.116211 0.083984
0 0.585938 0.145020 0.105469 0.120117
0 0.286133 0.088379 0.072266 0.114258
0 0.240234 0.184082 0.068359 0.094727
0 0.125488 0.167969 0.110352 0.089844
0 0.385742 0.685547 0.105469 0.123047
0 0.230957 0.829102 0.114258 0.105469
0 0.238770 0.938477 0.094727 0.109375
0 0.573242 0.958008 0.107422 0.082031
0 0.399414 0.775879 0.095703 0.071289
0 0.240723 0.714844 0.127930 0.109375
0 0.638672 0.570801 0.072266 0.092773
0 0.573242 0.587891 0.072266 0.111328
0 0.638672 0.658203 0.058594 0.087891
0 0.582031 0.823242 0.089844 0.138672
0 0.580566 0.480469 0.094727 0.103516
0 0.629883 0.395996 0.072266 0.100586
0 0.658691 0.469727 0.043945 0.109375
0 0.320801 0.552246 0.083008 0.084961
0 0.432129 0.563965 0.098633 0.124023
0 0.305176 0.411621 0.096680 0.096680
0 0.186035 0.419922 0.083008 0.107422
0 0.035156 0.569336 0.058594 0.134766
0 0.196289 0.262695 0.089844 0.089844
0 0.112305 0.324707 0.097656 0.112305
0 0.179199 0.010742 0.116211 0.021484
0 0.004395 0.054687 0.008789 0.109375
