0 0.649414 0.018555 0.113281 0.037109
0 0.430176 0.725098 0.102539 0.127930
0 0.973633 0.061523 0.050781 0.123047
0 0.669434 0.244141 0.104492 0.125000
0 0.816406 0.956543 0.105469 0.084961
0 0.714844 0.040527 0.109375 0.081055
0 0.956543 0.314453 0.084961 0.130859
0 0.051758 0.228027 0.103516 0.116211
0 0.587402 0.719238 0.106445 0.102539
0 0.965332 0.585938 0.067383 0.105469
0 0.862305 0.775879 0.138672 0.139648
0 0.283203 0.060059 0.117188 0.112305
0 0.299316 0.774902 0.100586 0.108398
0 0.760742 0.811523 0.109375 0.138672
0 0.317871 0.451660 0.108398 0.143555
0 0.961914 0.409668 0.074219 0.090820
0 0.554199 0.208984 0.127930 0.125000
0 0.486328 0.592773 0.093750 0.113281
0 0.893555 0.991211 0.136719 0.015625
0 0.989258 0.202148 0.019531 0.140625
0 0.355957 0.611816 0.120117 0.112305
0 0.902344 0.656738 0.126953 0.118164
0 0.921875 0.159180 0.136719 0.140625
0 0.615723 0.620605 0.127930 0.129883
0 0.602051 0.102051 0.127930 0.100586
0 0.833984 0.051758 0.128906 0.103516
0 0.413086 0.212891 0.132812 0.119141
0 0.131348 0.220215 0.114258 0.096680
0 0.221680 0.165039 0.132812 0.113281
0 0.197754 0.297852 0.149414 0.107422
0 0.178711 0.431641 0.087891 0.119141
0 0.194336 0.727051 0.142578 0.120117
0 0.251953 0.574707 0.089844 0.112305
0 0.525391 0.458984 0.115234 0.115234
0 0.630371 0.398437 0.094727 0.164062
0 0.652832 0.548340 0.108398 0.094727
0 0.767090 0.550293 0.098633 0.129883
0 0.645020 0.893555 0.116211 0.144531
0 0.552734 0.854980 0.093750 0.124023
0 0.401367 0.802246 0.101562 0.116211
0 0.658203 0.965332 0.154297 0.067383
0 0.983398 0.869629 0.031250 0.116211
