0 0.567383 0.541992 0.251953 0.255859
0 0.128906 0.729492 0.257812 0.326172
0 0.891602 0.689453 0.212891 0.308594
0 0.124023 0.902344 0.248047 0.191406
0 0.044922 0.565430 0.089844 0.318359
0 0.113281 0.328125 0.226562 0.320312
0 0.433594 0.325195 0.359375 0.302734
0 0.770508 0.412109 0.298828 0.332031
0 0.908203 0.083984 0.179688 0.167969
0 0.779297 0.075195 0.253906 0.150391
0 0.968750 0.404297 0.058594 0.304688
0 0.444336 0.802734 0.322266 0.363281
0 0.757812 0.866211 0.273437 0.263672
0 0.544922 0.968750 0.343750 0.058594
