0 0.297852 0.589844 0.208984 0.187500
0 0.673828 0.702148 0.242188 0.232422
0 0.210938 0.162109 0.253906 0.218750
0 0.042969 0.089844 0.085937 0.179688
0 0.213867 0.962891 0.228516 0.070312
0 0.066406 0.315430 0.132812 0.232422
0 0.362305 0.831055 0.224609 0.263672
0 0.578125 0.498047 0.199219 0.214844
0 0.914062 0.799805 0.167969 0.232422
0 0.931641 0.482422 0.132812 0.207031
0 0.807617 0.502930 0.185547 0.189453
0 0.036133 0.003906 0.072266 0.007812
0 0.145508 0.017578 0.146484 0.035156
0 0.595703 0.036133 0.187500 0.072266
0 0.773437 0.022461 0.167969 0.044922
0 0.972656 0.053711 0.050781 0.107422
0 0.104492 0.484375 0.201172 0.179688
0 0.253906 0.358398 0.148437 0.162109
0 0.401367 0.430664 0.185547 0.177734
0 0.512695 0.239258 0.130859 0.220703
0 0.532227 0.069336 0.197266 0.138672
0 0.795898 0.151367 0.173828 0.197266
0 0.912109 0.311523 0.171875 0.193359
0 0.081055 0.617187 0.162109 0.210937
0 0.125000 0.784180 0.160156 0.162109
0 0.659180 0.945312 0.189453 0.105469
0 0.512695 0.974609 0.201172 0.046875
0 0.470703 0.634766 0.160156 0.226562
0 0.847656 0.682617 0.132812 0.197266
