0 0.927734 0.341797 0.140625 0.289062
0 0.818359 0.163086 0.265625 0.298828
0 0.657227 0.441406 0.302734 0.257812
0 0.996094 0.636719 0.003906 0.273437
0 0.750977 0.900391 0.263672 0.195312
0 0.068359 0.476562 0.136719 0.281250
0 0.485352 0.013672 0.271484 0.027344
0 0.492188 0.774414 0.335938 0.287109
0 0.138672 0.985352 0.277344 0.025391
0 0.605469 0.143555 0.253906 0.287109
0 0.418945 0.327148 0.232422 0.259766
0 0.271484 0.481445 0.316406 0.259766
0 0.101562 0.734375 0.203125 0.246094
0 0.942383 0.692383 0.111328 0.259766
0 0.704102 0.597656 0.197266 0.113281
0 0.500000 0.945313 0.281250 0.105469
0 0.298828 0.830078 0.191406 0.238281
