0 0.091797 0.892578 0.183594 0.210938
0 0.199219 0.049805 0.300781 0.099609
0 0.636719 0.385742 0.226562 0.232422
0 0.376953 0.371094 0.308594 0.285156
0 0.837891 0.245117 0.218750 0.248047
0 0.620117 0.775391 0.255859 0.277344
0 0.206055 0.689453 0.345703 0.316406
0 0.502930 0.656250 0.294922 0.328125
0 0.300781 0.931641 0.351562 0.132812
0 0.916016 0.581055 0.164062 0.189453
0 0.083008 0.201172 0.166016 0.261719
0 0.389648 0.194336 0.283203 0.150391
0 0.790039 0.483398 0.158203 0.201172
0 0.626953 0.184570 0.214844 0.169922
0 0.734375 0.866211 0.269531 0.185547
0 0.020508 0.472656 0.041016 0.242188
0 0.606445 0.991211 0.314453 0.013672
0 0.808594 0.995117 0.167969 0.005859
