0 0.263672 0.006836 0.316406 0.013672
0 0.708984 0.862305 0.203125 0.228516
0 0.034180 0.762695 0.068359 0.322266
0 0.680664 0.238281 0.271484 0.234375
0 0.582031 0.444336 0.218750 0.205078
0 0.021484 0.434570 0.042969 0.306641
0 0.761719 0.035156 0.238281 0.070312
0 0.114258 0.101562 0.228516 0.203125
0 0.512695 0.660156 0.337891 0.265625
0 0.255859 0.974609 0.253906 0.046875
0 0.864258 0.615234 0.267578 0.257812
0 0.983398 0.108398 0.029297 0.216797
0 0.890625 0.140625 0.128906 0.164062
0 0.969727 0.370117 0.056641 0.236328
0 0.918945 0.392578 0.158203 0.222656
0 0.933594 0.872070 0.128906 0.251953
