0 0.937500 0.892578 0.121094 0.210938
0 0.627930 0.621094 0.275391 0.273438
0 0.223633 0.923828 0.224609 0.148438
0 0.048828 0.358398 0.097656 0.271484
0 0.098633 0.996094 0.197266 0.003906
0 0.772461 0.865234 0.275391 0.265625
0 0.824219 0.052734 0.289062 0.105469
0 0.538086 0.707031 0.189453 0.281250
0 0.365234 0.258789 0.273438 0.220703
0 0.934570 0.201172 0.126953 0.261719
0 0.114258 0.756836 0.228516 0.228516
0 0.132812 0.432617 0.207031 0.220703
0 0.302734 0.551758 0.199219 0.216797
0 0.456055 0.410156 0.240234 0.265625
0 0.701172 0.310547 0.250000 0.222656
0 0.886719 0.472656 0.222656 0.242188
0 0.460938 0.992188 0.257812 0.011719
