0 0.632812 0.913086 0.210938 0.169922
0 0.174805 0.438477 0.212891 0.205078
0 0.930664 0.171875 0.134766 0.210937
0 0.724609 0.551758 0.277344 0.279297
0 0.521484 0.623047 0.218750 0.277344
0 0.033203 0.185547 0.066406 0.226562
0 0.787109 0.982422 0.273437 0.031250
0 0.804687 0.313477 0.253906 0.236328
0 0.231445 0.241211 0.255859 0.259766
0 0.083008 0.016602 0.166016 0.033203
0 0.305664 0.096680 0.216797 0.189453
0 0.534180 0.115234 0.197266 0.230469
0 0.290039 0.787109 0.232422 0.289062
0 0.105469 0.709961 0.187500 0.248047
0 0.316406 0.930664 0.308594 0.134766
0 0.966797 0.739258 0.062500 0.232422
