0 0.427734 0.192383 0.289062 0.298828
0 0.092773 0.835938 0.185547 0.285156
0 0.932617 0.994141 0.130859 0.007813
0 0.720703 0.667969 0.226562 0.257812
0 0.280273 0.585938 0.298828 0.320312
0 0.769531 0.039063 0.242188 0.078125
0 0.063477 0.418945 0.126953 0.314453
0 0.612305 0.417969 0.224609 0.265625
0 0.947266 0.034180 0.101562 0.068359
0 0.875000 0.880859 0.242188 0.230469
0 0.879883 0.229492 0.236328 0.306641
0 0.570312 0.892578 0.246094 0.210937
0 0.530273 0.008789 0.240234 0.017578
0 0.754883 0.997070 0.177734 0.001953
0 0.622070 0.997070 0.259766 0.001953
0 0.151367 0.120117 0.216797 0.240234
0 0.641602 0.125977 0.177734 0.208984
0 0.881836 0.460938 0.232422 0.238281
0 0.924805 0.686523 0.146484 0.158203
