0 0.077148 0.358398 0.154297 0.220703
0 0.239258 0.456055 0.205078 0.212891
0 0.234375 0.935547 0.242188 0.125000
0 0.450195 0.374023 0.263672 0.205078
0 0.237305 0.225586 0.205078 0.232422
0 0.259766 0.775391 0.183594 0.203125
0 0.033203 0.660156 0.066406 0.273438
0 0.452148 0.153320 0.216797 0.228516
0 0.434570 0.908203 0.248047 0.179688
0 0.149414 0.588867 0.240234 0.236328
0 0.065430 0.171875 0.130859 0.148438
0 0.426758 0.781250 0.166016 0.156250
0 0.517578 0.755859 0.093750 0.164062
0 0.053711 0.938477 0.107422 0.119141
0 0.428711 0.519531 0.193359 0.125000
0 0.522461 0.586914 0.146484 0.177734
0 0.670898 0.597656 0.236328 0.218750
0 0.374023 0.641602 0.166016 0.142578
