0 0.922852 0.867188 0.150391 0.261719
0 0.285156 0.072266 0.253906 0.144531
0 0.818359 0.076172 0.285156 0.152344
0 0.622070 0.402344 0.232422 0.230469
0 0.176758 0.955078 0.302734 0.085938
0 0.345703 0.386719 0.242188 0.238281
0 0.266602 0.654297 0.302734 0.308594
0 0.075195 0.482422 0.150391 0.253906
0 0.942383 0.011719 0.111328 0.023438
0 0.567383 0.697266 0.318359 0.312500
0 0.940430 0.261719 0.115234 0.375000
0 0.075195 0.066406 0.150391 0.132812
0 0.675781 0.155273 0.257812 0.201172
0 0.540039 0.881836 0.267578 0.162109
0 0.812500 0.630859 0.246094 0.324219
0 0.423828 0.889648 0.175781 0.216797
0 0.575195 0.977539 0.224609 0.041016
0 0.055664 0.774414 0.111328 0.287109
0 0.166016 0.303711 0.183594 0.189453
0 0.059570 0.245117 0.119141 0.185547
