0 0.812500 0.069336 0.253906 0.138672
0 0.964844 0.016602 0.066406 0.033203
0 0.074219 0.123047 0.148438 0.246094
0 0.018555 0.628906 0.037109 0.261719
0 0.287109 0.073242 0.320312 0.146484
0 0.817383 0.294922 0.216797 0.265625
0 0.563477 0.264648 0.298828 0.279297
0 0.302734 0.814453 0.210938 0.261719
0 0.039062 0.819336 0.078125 0.181641
0 0.115234 0.404297 0.230469 0.281250
0 0.490234 0.070312 0.199219 0.140625
0 0.982422 0.127930 0.031250 0.197266
0 0.942383 0.305664 0.111328 0.283203
0 0.356445 0.392578 0.220703 0.324219
0 0.473633 0.596680 0.240234 0.216797
0 0.187500 0.584961 0.261719 0.185547
