0 0.276367 0.686523 0.306641 0.310547
0 0.459961 0.859375 0.283203 0.277344
0 0.001953 0.087891 0.003906 0.175781
0 0.206055 0.935547 0.310547 0.125000
0 0.644531 0.580078 0.371094 0.296875
0 0.005859 0.268555 0.011719 0.212891
0 0.529297 0.028320 0.269531 0.056641
0 0.039063 0.819336 0.078125 0.330078
0 0.219727 0.184570 0.337891 0.353516
0 0.858398 0.944336 0.279297 0.107422
0 0.053711 0.985352 0.107422 0.025391
0 0.708008 0.388672 0.470703 0.234375
0 0.770508 0.131836 0.380859 0.263672
0 0.970703 0.128906 0.054688 0.257812
0 0.945312 0.464844 0.105469 0.324219
0 0.624023 0.870117 0.166016 0.255859
