0 0.736328 0.516602 0.347656 0.271484
0 0.061523 0.867188 0.123047 0.261719
0 0.862305 0.976562 0.267578 0.042969
0 0.298828 0.056641 0.273438 0.113281
0 0.939453 0.083984 0.117188 0.167969
0 0.086914 0.011719 0.173828 0.023438
0 0.254883 0.202148 0.255859 0.224609
0 0.817383 0.079102 0.232422 0.158203
0 0.557617 0.056641 0.298828 0.113281
0 0.535156 0.174805 0.253906 0.162109
0 0.061523 0.261719 0.123047 0.375000
0 0.201172 0.644531 0.273438 0.335938
0 0.490234 0.647461 0.304687 0.291016
0 0.463867 0.387695 0.251953 0.279297
0 0.742187 0.296875 0.304688 0.226562
0 0.598633 0.980469 0.259766 0.035156
0 0.370117 0.836914 0.181641 0.169922
0 0.714844 0.716797 0.226562 0.183594
