0 0.586914 0.628906 0.212891 0.265625
0 0.145508 0.876953 0.201172 0.226562
0 0.083008 0.078125 0.166016 0.156250
0 0.374023 0.564453 0.220703 0.234375
0 0.678711 0.376953 0.232422 0.242187
0 0.273438 0.137695 0.218750 0.236328
0 0.041992 0.900391 0.083984 0.195312
0 0.884766 0.249023 0.226562 0.232422
0 0.801758 0.627930 0.255859 0.267578
0 0.698242 0.958008 0.197266 0.080078
0 0.822266 0.934570 0.167969 0.126953
0 0.949219 0.453125 0.097656 0.210938
0 0.866211 0.012695 0.181641 0.025391
0 0.994141 0.010742 0.007812 0.021484
0 0.129883 0.298828 0.162109 0.253906
0 0.059570 0.651367 0.119141 0.255859
