0 0.459961 0.028320 0.283203 0.056641
0 0.148438 0.895508 0.281250 0.205078
0 0.206055 0.108398 0.310547 0.216797
0 0.595703 0.526367 0.328125 0.283203
0 0.858398 0.115234 0.279297 0.230469
0 0.932617 0.851562 0.130859 0.292969
0 0.156250 0.503906 0.312500 0.375000
0 0.053711 0.148437 0.107422 0.296875
0 0.478516 0.142578 0.304688 0.253906
0 0.624023 0.007812 0.166016 0.015625
0 0.709961 0.853516 0.337891 0.289062
0 0.640625 0.220703 0.285156 0.343750
0 0.351562 0.345703 0.191406 0.187500
0 0.574219 0.843750 0.343750 0.308594
0 0.277344 0.997070 0.273438 0.001953
