0 0.800781 0.141602 0.242188 0.236328
0 0.068359 0.885742 0.136719 0.224609
0 0.028320 0.467773 0.056641 0.166016
0 0.010742 0.570312 0.021484 0.101562
0 0.230469 0.937500 0.187500 0.121094
0 0.416016 0.963867 0.160156 0.068359
0 0.352539 0.824219 0.197266 0.210938
0 0.850586 0.000977 0.248047 0.001953
0 0.950195 0.098633 0.095703 0.197266
0 0.606445 0.019531 0.201172 0.039062
0 0.405273 0.054687 0.177734 0.109375
0 0.259766 0.005859 0.207031 0.011719
0 0.801758 0.269531 0.208984 0.125000
0 0.729492 0.342773 0.150391 0.134766
0 0.961914 0.279297 0.072266 0.136719
0 0.580078 0.147461 0.203125 0.224609
0 0.080078 0.134766 0.160156 0.191406
0 0.246094 0.228516 0.187500 0.250000
0 0.099609 0.013672 0.164062 0.027344
0 0.298828 0.451172 0.187500 0.179688
0 0.403320 0.217773 0.134766 0.228516
0 0.573242 0.417969 0.240234 0.234375
0 0.882812 0.409180 0.183594 0.220703
0 0.795898 0.638672 0.169922 0.195312
0 0.946289 0.662109 0.103516 0.210938
0 0.708008 0.566406 0.240234 0.183594
0 0.423828 0.616211 0.199219 0.240234
0 0.166992 0.549805 0.150391 0.150391
0 0.088867 0.275391 0.177734 0.121094
0 0.574219 0.721680 0.222656 0.263672
0 0.591797 0.907227 0.203125 0.138672
0 0.931641 0.842773 0.132812 0.232422
0 0.795898 0.835938 0.169922 0.175781
0 0.727539 0.962891 0.154297 0.070312
0 0.927734 0.959961 0.140625 0.076172
