0 0.769531 0.947266 0.242188 0.101562
0 0.968750 0.076172 0.058594 0.152344
0 0.261719 0.094727 0.242188 0.189453
0 0.791016 0.804688 0.273438 0.265625
0 0.947266 0.892578 0.101562 0.210938
0 0.652344 0.062500 0.257812 0.125000
0 0.783203 0.250977 0.261719 0.322266
0 0.530273 0.639648 0.255859 0.248047
0 0.962891 0.315430 0.070312 0.298828
0 0.957031 0.633789 0.082031 0.275391
0 0.809570 0.532227 0.287109 0.263672
0 0.530273 0.881836 0.240234 0.232422
0 0.002930 0.615234 0.005859 0.257812
0 0.881836 0.000977 0.232422 0.001953
0 0.482422 0.065430 0.179688 0.130859
0 0.117188 0.108398 0.234375 0.216797
0 0.345703 0.399414 0.292969 0.251953
0 0.463867 0.327148 0.228516 0.294922
0 0.084961 0.370117 0.169922 0.236328
0 0.013672 0.392578 0.027344 0.222656
0 0.041992 0.872070 0.083984 0.251953
0 0.250000 0.790039 0.214844 0.314453
0 0.151367 0.966797 0.216797 0.062500
