0 0.037109 0.188477 0.074219 0.294922
0 0.717773 0.593750 0.279297 0.250000
0 0.012695 0.048828 0.025391 0.097656
0 0.133789 0.035156 0.251953 0.070312
0 0.438477 0.284180 0.294922 0.216797
0 0.462891 0.958008 0.324219 0.080078
0 0.172852 0.989258 0.259766 0.017578
0 0.403320 0.748047 0.318359 0.300781
0 0.448242 0.490234 0.255859 0.222656
0 0.189453 0.476562 0.269531 0.246094
0 0.893555 0.603516 0.208984 0.273438
0 0.202148 0.198242 0.248047 0.244141
0 0.463867 0.095703 0.333984 0.191406
0 0.041016 0.625000 0.082031 0.390625
0 0.063477 0.834961 0.126953 0.166016
0 0.212891 0.668945 0.226562 0.173828
0 0.034180 0.962891 0.068359 0.070312
0 0.741211 0.923828 0.322266 0.148438
0 0.698242 0.791016 0.263672 0.171875
