0 0.478516 0.382812 0.246094 0.242187
0 0.801758 0.712891 0.267578 0.246094
0 0.146484 0.025391 0.203125 0.050781
0 0.645508 0.902344 0.275391 0.191406
0 0.003906 0.896484 0.007812 0.203125
0 0.406250 0.930664 0.214844 0.134766
0 0.406250 0.149414 0.187500 0.185547
0 0.861328 0.519531 0.191406 0.210938
0 0.243164 0.983398 0.236328 0.029297
0 0.929688 0.089844 0.136719 0.179688
0 0.946289 0.315430 0.103516 0.232422
0 0.439453 0.762695 0.253906 0.228516
0 0.172852 0.838867 0.201172 0.244141
0 0.084961 0.092773 0.169922 0.185547
0 0.075195 0.960938 0.150391 0.074219
0 0.733398 0.310547 0.126953 0.175781
0 0.116211 0.506836 0.181641 0.212891
0 0.241211 0.420898 0.111328 0.154297
0 0.952148 0.003906 0.091797 0.007812
0 0.609375 0.019531 0.171875 0.039062
0 0.479492 0.038086 0.169922 0.076172
0 0.083984 0.283203 0.109375 0.179687
0 0.263672 0.252930 0.222656 0.193359
0 0.666992 0.065430 0.142578 0.130859
0 0.564453 0.142578 0.144531 0.117188
0 0.983398 0.617188 0.029297 0.210937
0 0.595703 0.534180 0.152344 0.177734
0 0.404297 0.459961 0.183594 0.185547
0 0.778320 0.147461 0.119141 0.189453
