0 0.886719 0.208984 0.214844 0.218750
0 0.397461 0.500000 0.248047 0.199219
0 0.679688 0.036133 0.156250 0.072266
0 0.487305 0.041992 0.240234 0.083984
0 0.285156 0.078125 0.210938 0.156250
0 0.431641 0.141602 0.156250 0.123047
0 0.038086 0.098633 0.076172 0.197266
0 0.169922 0.211914 0.187500 0.224609
0 0.402344 0.314453 0.277344 0.191406
0 0.539063 0.320312 0.117188 0.234375
0 0.716797 0.256836 0.195312 0.314453
0 0.900391 0.354492 0.179688 0.134766
0 0.801758 0.470703 0.169922 0.136719
0 0.671875 0.470703 0.128906 0.218750
0 0.193359 0.628906 0.199219 0.187500
0 0.022461 0.279297 0.044922 0.136719
0 0.034180 0.662109 0.068359 0.210938
0 0.011719 0.842773 0.023438 0.232422
0 0.022461 0.959961 0.044922 0.076172
0 0.134766 0.847656 0.195312 0.250000
0 0.296875 0.787109 0.156250 0.191406
0 0.358398 0.693359 0.123047 0.199219
0 0.496094 0.789062 0.195312 0.203125
0 0.236328 0.985352 0.171875 0.025391
