0 0.062500 0.099609 0.125000 0.199219
0 0.921875 0.458008 0.152344 0.318359
0 0.206055 0.649414 0.337891 0.283203
0 0.057617 0.859375 0.115234 0.277344
0 0.166016 0.982422 0.300781 0.031250
0 0.738281 0.861328 0.265625 0.273438
0 0.626953 0.616211 0.234375 0.216797
0 0.063477 0.367188 0.126953 0.269531
0 0.894531 0.990234 0.207031 0.015625
0 0.558594 0.335938 0.238281 0.191406
0 0.951172 0.827148 0.093750 0.263672
0 0.556641 0.132812 0.300781 0.265625
0 0.504883 0.886719 0.228516 0.222656
0 0.806641 0.102539 0.234375 0.205078
0 0.330078 0.886719 0.234375 0.222656
0 0.752930 0.457031 0.212891 0.218750
0 0.474609 0.475586 0.250000 0.193359
0 0.272461 0.146484 0.318359 0.292969
0 0.246094 0.337891 0.230469 0.148437
0 0.825195 0.269531 0.216797 0.175781
0 0.965820 0.217773 0.064453 0.166016
0 0.943359 0.058594 0.109375 0.117188
