0 0.074219 0.043945 0.148437 0.087891
0 0.906250 0.149414 0.183594 0.294922
0 0.022461 0.362305 0.044922 0.291016
0 0.745117 0.015625 0.255859 0.031250
0 0.246094 0.183594 0.316406 0.316406
0 0.652344 0.228516 0.308594 0.292969
0 0.445312 0.057617 0.312500 0.115234
0 0.937500 0.896484 0.121094 0.203125
0 0.777344 0.731445 0.320312 0.353516
0 0.509766 0.884766 0.289062 0.226562
0 0.007812 0.964844 0.015625 0.066406
0 0.878906 0.427734 0.238281 0.277344
0 0.814453 0.975586 0.226562 0.044922
0 0.585937 0.616211 0.160156 0.220703
0 0.166016 0.499023 0.210938 0.259766
0 0.042969 0.778320 0.085937 0.271484
0 0.258789 0.732422 0.294922 0.285156
0 0.565430 0.377930 0.310547 0.216797
0 0.345703 0.471680 0.199219 0.298828
0 0.234375 0.932617 0.246094 0.130859
0 0.135742 0.997070 0.271484 0.001953
0 0.950195 0.010742 0.095703 0.021484
