0 0.298828 0.931641 0.226562 0.132813
0 0.947266 0.994141 0.101562 0.007812
0 0.649414 0.106445 0.189453 0.208984
0 0.429687 0.959961 0.218750 0.076172
0 0.991211 0.697266 0.013672 0.234375
0 0.260742 0.731445 0.240234 0.263672
0 0.469727 0.325195 0.205078 0.240234
0 0.686523 0.352539 0.287109 0.244141
0 0.667969 0.978516 0.257812 0.039062
0 0.836914 0.069336 0.224609 0.138672
0 0.060547 0.793945 0.121094 0.267578
0 0.531250 0.569336 0.187500 0.224609
0 0.910156 0.442383 0.175781 0.228516
0 0.871094 0.210938 0.253906 0.140625
0 0.737305 0.540039 0.244141 0.193359
0 0.855469 0.655273 0.207031 0.189453
0 0.683594 0.772461 0.226562 0.189453
0 0.959961 0.875000 0.076172 0.199219
