0 0.990234 0.208008 0.015625 0.291016
0 0.931641 0.329102 0.132812 0.259766
0 0.469727 0.614258 0.345703 0.279297
0 0.521484 0.027344 0.246094 0.054688
0 0.989258 0.829102 0.017578 0.251953
0 0.415039 0.250000 0.263672 0.242187
0 0.666992 0.391602 0.263672 0.220703
0 0.744141 0.010742 0.269531 0.021484
0 0.109375 0.996094 0.218750 0.003906
0 0.632812 0.224609 0.273437 0.234375
0 0.902344 0.072266 0.191406 0.144531
0 0.390625 0.021484 0.238281 0.042969
0 0.044922 0.852539 0.089844 0.283203
0 0.963867 0.963867 0.068359 0.068359
0 0.783203 0.720703 0.289062 0.273437
0 0.731445 0.920898 0.208984 0.154297
0 0.525391 0.817383 0.246094 0.146484
0 0.233398 0.496094 0.349609 0.296875
