0 0.359375 0.526367 0.250000 0.255859
0 0.653320 0.187500 0.255859 0.210938
0 0.462891 0.094727 0.324219 0.189453
0 0.057617 0.458008 0.115234 0.318359
0 0.172852 0.131836 0.259766 0.263672
0 0.349609 0.255859 0.226562 0.238281
0 0.036133 0.990234 0.072266 0.015625
0 0.638672 0.883789 0.226562 0.228516
0 0.084961 0.827148 0.169922 0.263672
0 0.870117 0.840820 0.255859 0.251953
0 0.166016 0.962891 0.257812 0.070312
0 0.879883 0.987305 0.236328 0.021484
0 0.326172 0.864258 0.296875 0.220703
0 0.029297 0.217773 0.058594 0.166016
0 0.034180 0.058594 0.068359 0.117188
0 0.741211 0.035156 0.322266 0.070312
