0 0.084961 0.341797 0.169922 0.289062
0 0.791016 0.706055 0.261719 0.302734
0 0.834961 0.355469 0.255859 0.257812
0 0.821289 0.932617 0.294922 0.130859
0 0.267578 0.860352 0.246094 0.275391
0 0.118164 0.636719 0.236328 0.273437
0 0.959961 0.482422 0.076172 0.253906
0 0.402344 0.937500 0.234375 0.121094
0 0.306641 0.480469 0.289062 0.285156
0 0.777344 0.128906 0.265625 0.257812
0 0.560547 0.565430 0.285156 0.267578
0 0.027344 0.692383 0.054687 0.259766
0 0.948242 0.066406 0.099609 0.132812
0 0.125000 0.889648 0.210938 0.216797
0 0.558594 0.759766 0.226562 0.183594
0 0.968750 0.774414 0.058594 0.287109
0 0.975586 0.245117 0.044922 0.185547
