0 0.074219 0.926758 0.148437 0.142578
0 0.745117 0.877930 0.255859 0.240234
0 0.937500 0.076172 0.121094 0.152344
0 0.018555 0.579102 0.037109 0.279297
0 0.445313 0.900391 0.312500 0.195312
0 0.223633 0.040039 0.224609 0.080078
0 0.740234 0.470703 0.312500 0.289062
0 0.098633 0.128906 0.197266 0.257812
0 0.763672 0.160156 0.304687 0.285156
0 0.100586 0.378906 0.201172 0.246094
0 0.772461 0.007812 0.275391 0.015625
0 0.079102 0.772461 0.158203 0.232422
0 0.199219 0.623047 0.250000 0.199219
0 0.369141 0.678711 0.250000 0.279297
0 0.400391 0.402344 0.312500 0.273438
0 0.460938 0.132812 0.257812 0.265625
0 0.932617 0.708008 0.130859 0.259766
0 0.639648 0.695312 0.267578 0.214844
0 0.950195 0.890625 0.095703 0.214844
0 0.179687 0.844727 0.187500 0.251953
0 0.916016 0.275391 0.164062 0.281250
