0 0.359375 0.186523 0.214844 0.240234
0 0.871094 0.425781 0.253906 0.214844
0 0.239258 0.693359 0.248047 0.195312
0 0.077148 0.476562 0.154297 0.207031
0 0.192383 0.294922 0.220703 0.210938
0 0.672852 0.860352 0.244141 0.212891
0 0.012695 0.596680 0.025391 0.220703
0 0.044922 0.306641 0.089844 0.164062
0 0.250000 0.529297 0.203125 0.222656
0 0.455078 0.784180 0.183594 0.197266
0 0.086914 0.756836 0.173828 0.291016
0 0.439453 0.396484 0.253906 0.171875
0 0.698242 0.472656 0.193359 0.203125
0 0.446289 0.528320 0.232422 0.150391
0 0.444336 0.641602 0.236328 0.134766
0 0.661133 0.681641 0.232422 0.195312
0 0.775391 0.625977 0.160156 0.173828
0 0.679688 0.971680 0.156250 0.052734
0 0.487305 0.943359 0.240234 0.109375
0 0.285156 0.977539 0.210938 0.041016
0 0.038086 0.959961 0.076172 0.076172
