0 0.895508 0.188477 0.205078 0.294922
0 0.041016 0.676758 0.082031 0.220703
0 0.871094 0.048828 0.253906 0.097656
0 0.062500 0.977539 0.125000 0.041016
0 0.287109 0.632812 0.316406 0.195312
0 0.746094 0.374023 0.289062 0.259766
0 0.045898 0.418945 0.091797 0.251953
0 0.043945 0.075195 0.087891 0.150391
0 0.261719 0.440430 0.355469 0.255859
0 0.314453 0.820313 0.265625 0.253906
0 0.531250 0.282227 0.210938 0.201172
0 0.556641 0.993164 0.300781 0.009766
0 0.609375 0.799805 0.261719 0.251953
0 0.189453 0.253906 0.300781 0.160156
0 0.901367 0.625000 0.193359 0.390625
0 0.625000 0.599609 0.285156 0.175781
0 0.806641 0.923828 0.234375 0.148438
0 0.940430 0.834961 0.115234 0.166016
0 0.272461 0.976562 0.318359 0.042969
0 0.112305 0.876953 0.166016 0.183594
0 0.024414 0.888672 0.048828 0.199219
0 0.943359 0.962891 0.109375 0.070312
0 0.666992 0.133789 0.240234 0.267578
0 0.324219 0.161133 0.277344 0.248047
0 0.185547 0.011719 0.339844 0.023438
