0 0.950195 0.512695 0.095703 0.361328
0 0.920898 0.003906 0.154297 0.007812
0 0.736328 0.049805 0.328125 0.099609
0 0.678711 0.934570 0.376953 0.126953
0 0.063477 0.201172 0.126953 0.320312
0 0.147461 0.048828 0.294922 0.097656
0 0.797852 0.411133 0.287109 0.306641
0 0.886719 0.208984 0.222656 0.296875
0 0.465820 0.138672 0.322266 0.277344
0 0.020508 0.042969 0.041016 0.085938
0 0.115234 0.473633 0.230469 0.349609
0 0.041016 0.538086 0.082031 0.306641
0 0.678711 0.745117 0.232422 0.271484
0 0.076172 0.803711 0.152344 0.263672
0 0.366211 0.843750 0.255859 0.308594
