0 0.285156 0.940430 0.253906 0.115234
0 0.818359 0.941406 0.285156 0.113281
0 0.608398 0.844727 0.283203 0.287109
0 0.240234 0.145508 0.246094 0.240234
0 0.942383 0.864258 0.111328 0.267578
0 0.292969 0.375000 0.257812 0.257812
0 0.119141 0.404297 0.238281 0.281250
0 0.930664 0.648438 0.134766 0.226562
0 0.769531 0.707031 0.265625 0.332031
0 0.449219 0.684570 0.234375 0.287109
0 0.241211 0.742188 0.193359 0.246094
0 0.104492 0.833984 0.208984 0.246094
0 0.128906 0.623047 0.257812 0.148438
0 0.075195 0.958008 0.150391 0.080078
