0 0.659180 0.725586 0.341797 0.310547
0 0.892578 0.239258 0.210937 0.248047
0 0.296875 0.108398 0.289062 0.216797
0 0.561523 0.503906 0.224609 0.222656
0 0.690430 0.068359 0.248047 0.136719
0 0.076172 0.665039 0.152344 0.330078
0 0.150391 0.916016 0.300781 0.164063
0 0.916016 0.031250 0.164062 0.062500
0 0.384766 0.850586 0.300781 0.294922
0 0.304688 0.489258 0.359375 0.333984
0 0.084961 0.083984 0.169922 0.167969
0 0.616211 0.923828 0.181641 0.148438
0 0.722656 0.472656 0.230469 0.296875
0 0.248047 0.274414 0.261719 0.224609
0 0.917969 0.573242 0.160156 0.365234
