0 0.191406 0.944336 0.300781 0.107422
0 0.508789 0.150391 0.337891 0.300781
0 0.620117 0.033203 0.337891 0.066406
0 0.875977 0.938477 0.244141 0.119141
0 0.080078 0.046875 0.160156 0.093750
0 0.221680 0.100586 0.333984 0.201172
0 0.141602 0.725586 0.283203 0.306641
0 0.882812 0.035156 0.230469 0.070312
0 0.490234 0.928711 0.332031 0.138672
0 0.926758 0.176758 0.142578 0.267578
0 0.807617 0.354492 0.298828 0.419922
0 0.488281 0.414062 0.312500 0.222656
0 0.500977 0.646484 0.388672 0.343750
0 0.765625 0.812500 0.304688 0.371094
0 0.910156 0.541992 0.175781 0.208984
0 0.086914 0.322266 0.173828 0.292969
0 0.013672 0.943359 0.027344 0.109375
0 0.163086 0.464844 0.326172 0.238281
