0 0.039062 0.796875 0.078125 0.214844
0 0.508789 0.754883 0.189453 0.216797
0 0.931641 0.433594 0.132813 0.191406
0 0.146484 0.912109 0.203125 0.171875
0 0.057617 0.202148 0.115234 0.255859
0 0.300781 0.366211 0.207031 0.232422
0 0.041016 0.487305 0.082031 0.251953
0 0.956055 0.617188 0.083984 0.203125
0 0.929687 0.990234 0.136719 0.015625
0 0.837891 0.732422 0.199219 0.210938
0 0.130859 0.328125 0.199219 0.242188
0 0.440430 0.515625 0.232422 0.238281
0 0.084961 0.986328 0.169922 0.023438
0 0.147461 0.570312 0.259766 0.214844
0 0.840820 0.590820 0.193359 0.111328
0 0.355469 0.600586 0.238281 0.189453
0 0.138672 0.673828 0.203125 0.101562
0 0.952148 0.889648 0.091797 0.216797
0 0.609375 0.919922 0.171875 0.156250
0 0.479492 0.929688 0.169922 0.136719
0 0.379883 0.773438 0.134766 0.175781
0 0.641602 0.645508 0.201172 0.232422
0 0.275391 0.778320 0.093750 0.173828
0 0.800781 0.874023 0.207031 0.166016
