1 0.44665948275862066 0.4410021551724138 0.47539511494252873 0.4808728448275862
1 0.23527298850574713 0.45554956896551724 0.26813936781609193 0.49595905172413796
1 0.4437859195402299 0.7297952586206896 0.4723419540229885 0.7785560344827587
1 0.5204741379310345 0.49030172413793105 0.5445402298850575 0.5320581896551724
1 0.5048491379310345 0.6392780172413793 0.5247844827586207 0.6807650862068966
1 0.43085488505747127 0.4156788793103448 0.4552801724137931 0.45689655172413796
1 0.6954022988505747 0.46632543103448276 0.7273706896551724 0.5037715517241379
1 0.6296695402298851 0.5153556034482759 0.654992816091954 0.5557650862068966
1 0.7106681034482759 0.5455280172413793 0.7352729885057471 0.5818965517241379
1 0.45276580459770116 0.5595366379310345 0.4795258620689655 0.5967133620689655
1 0.6585847701149425 0.38873922413793105 0.6837284482758621 0.42941810344827586
1 0.5662715517241379 0.39762931034482757 0.5896192528735632 0.43372844827586204
1 0.41433189655172414 0.45689655172413796 0.4421695402298851 0.49245689655172414
1 0.6138649425287356 0.3978987068965517 0.6400862068965517 0.4348060344827586
1 0.49407327586206895 0.7004310344827587 0.5235272988505747 0.7338362068965517
1 0.6273347701149425 0.5905172413793104 0.6526580459770115 0.6274245689655172
1 0.5247844827586207 0.44504310344827586 0.5483117816091954 0.48060344827586204
1 0.6307471264367817 0.7300646551724138 0.65625 0.7734375
1 0.2988505747126437 0.42564655172413796 0.32830459770114945 0.4665948275862069
1 0.5217313218390804 0.5334051724137931 0.5488505747126436 0.5703125
1 0.6266163793103449 0.7699353448275862 0.6474497126436781 0.8049568965517241
1 0.6772629310344828 0.3286637931034483 0.7040229885057471 0.37365301724137934
1 0.6596623563218391 0.7745150862068966 0.6830100574712644 0.8108836206896551
1 0.5982399425287356 0.45339439655172414 0.6196120689655172 0.48518318965517243
1 0.4331896551724138 0.6834590517241379 0.46174568965517243 0.7289870689655172
1 0.6576867816091954 0.7386853448275862 0.6786997126436781 0.7761314655172413
1 0.2927442528735632 0.5967133620689655 0.32076149425287354 0.6379310344827587
1 0.35955459770114945 0.6597521551724138 0.3900862068965517 0.7074353448275862
1 0.5946479885057471 0.37257543103448276 0.6206896551724138 0.41217672413793105
1 0.2686781609195402 0.46848060344827586 0.2979525862068966 0.5094288793103449
1 0.25395114942528735 0.5692349137931034 0.2769396551724138 0.6007543103448276
1 0.4730603448275862 0.5134698275862069 0.4956896551724138 0.5536099137931034
1 0.5625 0.27936422413793105 0.5851293103448276 0.3125
1 0.32489224137931033 0.4692887931034483 0.35542385057471265 0.5118534482758621
1 0.6156609195402298 0.626885775862069 0.6433189655172413 0.6662176724137931
1 0.36673850574712646 0.7648168103448276 0.3863146551724138 0.8046875
1 0.45923132183908044 0.4827586206896552 0.48150143678160917 0.5204741379310345
1 0.42474856321839083 0.5245150862068966 0.4489942528735632 0.5622306034482759
1 0.35560344827586204 0.46012931034482757 0.38038793103448276 0.4989224137931034
1 0.724676724137931 0.3973599137931034 0.7521551724137931 0.4369612068965517
1 0.5310704022988506 0.5746228448275862 0.5556752873563219 0.6150323275862069
1 0.5192169540229885 0.6104525862068966 0.546875 0.6484375
1 0.5197557471264368 0.6489762931034483 0.5497485632183908 0.6931573275862069
1 0.33979885057471265 0.7626616379310345 0.36745689655172414 0.8022629310344828
1 0.6232040229885057 0.6788793103448276 0.6488864942528736 0.7155172413793104
1 0.3999640804597701 0.39089439655172414 0.4249281609195402 0.4175646551724138
1 0.554058908045977 0.5396012931034483 0.5818965517241379 0.578125
1 0.6519396551724138 0.5783943965517241 0.6794181034482759 0.6126077586206896
1 0.39762931034482757 0.5008081896551724 0.42852011494252873 0.5404094827586207
1 0.4204382183908046 0.7235991379310345 0.44647988505747127 0.7699353448275862
1 0.4594109195402299 0.6662176724137931 0.49191810344827586 0.7093211206896551
1 0.5723778735632183 0.45070043103448276 0.5946479885057471 0.48356681034482757
1 0.5623204022988506 0.4827586206896552 0.5901580459770115 0.525323275862069
1 0.5486709770114943 0.5961745689655172 0.572198275862069 0.6357758620689655
1 0.30585488505747127 0.5573814655172413 0.33189655172413796 0.5948275862068966
1 0.5445402298850575 0.46282327586206895 0.5655531609195402 0.4978448275862069
1 0.4859913793103448 0.5347521551724138 0.5075431034482759 0.5668103448275862
1 0.47467672413793105 0.4603987068965517 0.501257183908046 0.49973060344827586
1 0.6332614942528736 0.3766163793103448 0.6596623563218391 0.4170258620689655
1 0.6830100574712644 0.748114224137931 0.7065373563218391 0.7922952586206896
1 0.26275143678160917 0.4927262931034483 0.2984913793103448 0.5328663793103449
1 0.3130387931034483 0.6131465517241379 0.33764367816091956 0.6519396551724138
1 0.5730962643678161 0.6966594827586207 0.6012931034482759 0.7432650862068966
1 0.5190373563218391 0.41325431034482757 0.5434626436781609 0.44935344827586204
1 0.41289511494252873 0.8469827586206896 0.4369612068965517 0.8911637931034483
1 0.36314655172413796 0.5479525862068966 0.3933189655172414 0.5945581896551724
1 0.6553520114942529 0.4261853448275862 0.6788793103448276 0.45716594827586204
1 0.5883620689655172 0.6619073275862069 0.6140445402298851 0.7007004310344828
1 0.30854885057471265 0.765625 0.33764367816091956 0.8084590517241379
1 0.5668103448275862 0.3098060344827586 0.5905172413793104 0.3453663793103448
1 0.3963721264367816 0.7095905172413793 0.4238505747126437 0.7497306034482759
1 0.3505747126436782 0.6158405172413793 0.3800287356321839 0.6570581896551724
1 0.26795977011494254 0.6584051724137931 0.2925646551724138 0.6947737068965517
1 0.3213002873563218 0.6990840517241379 0.34500718390804597 0.7381465517241379
1 0.5892600574712644 0.48841594827586204 0.6185344827586207 0.5315193965517241
1 0.32417385057471265 0.6433189655172413 0.35757902298850575 0.6850754310344828
1 0.5466954022988506 0.31223060344827586 0.5736350574712644 0.3510237068965517
1 0.4671336206896552 0.5932112068965517 0.4944324712643678 0.6376616379310345
1 0.49820402298850575 0.47332974137931033 0.5244252873563219 0.5102370689655172
1 0.4416307471264368 0.6120689655172413 0.46228448275862066 0.6419719827586207
1 0.4118175287356322 0.41271551724137934 0.43516522988505746 0.45339439655172414
1 0.6311063218390804 0.34967672413793105 0.654992816091954 0.38092672413793105
1 0.3956537356321839 0.4410021551724138 0.4170258620689655 0.47683189655172414
1 0.6102729885057471 0.3504849137931034 0.634698275862069 0.3962823275862069
1 0.37823275862068967 0.46228448275862066 0.4073275862068966 0.49811422413793105
1 0.5822557471264368 0.3504849137931034 0.6038074712643678 0.3900862068965517
1 0.36386494252873564 0.49811422413793105 0.3864942528735632 0.5320581896551724
1 0.6567887931034483 0.34509698275862066 0.6788793103448276 0.39089439655172414
1 0.6817528735632183 0.3755387931034483 0.711566091954023 0.40598060344827586
1 0.3374640804597701 0.5193965517241379 0.3620689655172414 0.548760775862069
1 0.26885775862068967 0.5369073275862069 0.29400143678160917 0.5681573275862069
1 0.7081537356321839 0.40247844827586204 0.7295258620689655 0.43561422413793105
1 0.6812140804597702 0.4051724137931034 0.7086925287356322 0.42941810344827586
1 0.28250718390804597 0.42834051724137934 0.30639367816091956 0.4787176724137931
1 0.6812140804597702 0.4267241379310345 0.7045617816091954 0.44908405172413796
1 0.2927442528735632 0.505926724137931 0.31537356321839083 0.5350215517241379
1 0.6329022988505747 0.4240301724137931 0.654992816091954 0.47575431034482757
1 0.44935344827586204 0.49137931034482757 0.46479885057471265 0.5272090517241379
1 0.5650143678160919 0.36126077586206895 0.5827945402298851 0.39520474137931033
1 0.4234913793103448 0.48841594827586204 0.4416307471264368 0.5040409482758621
1 0.5465158045977011 0.3739224137931034 0.570941091954023 0.4078663793103448
1 0.5483117816091954 0.3515625 0.5754310344827587 0.3720366379310345
1 0.5398706896551724 0.3504849137931034 0.5510057471264368 0.3817349137931034
1 0.5423850574712644 0.40247844827586204 0.5655531609195402 0.43211206896551724
1 0.6020114942528736 0.4213362068965517 0.6257183908045977 0.44908405172413796
1 0.5890804597701149 0.5242456896551724 0.6136853448275862 0.5466056034482759
1 0.6151221264367817 0.47844827586206895 0.6377514367816092 0.5231681034482759
1 0.5826149425287356 0.521551724137931 0.5987787356321839 0.5633081896551724
1 0.6496048850574713 0.4795258620689655 0.6747485632183908 0.5258620689655172
1 0.6039870689655172 0.5913254310344828 0.6266163793103449 0.6293103448275862
1 0.6747485632183908 0.48302801724137934 0.7027658045977011 0.5231681034482759
1 0.5851293103448276 0.5856681034482759 0.6052442528735632 0.6252693965517241
1 0.5942887931034483 0.5457974137931034 0.6149425287356322 0.5856681034482759
1 0.6747485632183908 0.4480064655172414 0.6979166666666666 0.4865301724137931
1 0.570941091954023 0.5816271551724138 0.5903376436781609 0.6069504310344828
1 0.6979166666666666 0.4391163793103448 0.725933908045977 0.4703663793103448
1 0.461566091954023 0.521551724137931 0.48096264367816094 0.5622306034482759
1 0.42223419540229884 0.5525323275862069 0.4416307471264368 0.5953663793103449
1 0.40086206896551724 0.5369073275862069 0.4267241379310345 0.5633081896551724
1 0.3864942528735632 0.5118534482758621 0.4040948275862069 0.5447198275862069
1 0.4389367816091954 0.5845905172413793 0.4694683908045977 0.6136853448275862
1 0.5955459770114943 0.6252693965517241 0.6129669540229885 0.6651400862068966
1 0.6408045977011494 0.6204202586206896 0.6609195402298851 0.6573275862068966
1 0.6589439655172413 0.6360452586206896 0.6822916666666666 0.6729525862068966
1 0.6867816091954023 0.5466056034482759 0.7106681034482759 0.6002155172413793
1 0.6499640804597702 0.5525323275862069 0.6810344827586207 0.5835129310344828
1 0.7106681034482759 0.5778556034482759 0.7262931034482759 0.6058728448275862
1 0.6848060344827587 0.5942887931034483 0.6984554597701149 0.6263469827586207
1 0.6693606321839081 0.517510775862069 0.6860632183908046 0.540948275862069
1 0.6989942528735632 0.5 0.7198275862068966 0.525323275862069
1 0.4906609195402299 0.6144935344827587 0.5079022988505747 0.6540948275862069
1 0.5057471264367817 0.5598060344827587 0.5220905172413793 0.5843211206896551
1 0.5007183908045977 0.505926724137931 0.521551724137931 0.53125
1 0.5461566091954023 0.5008081896551724 0.5619612068965517 0.5404094827586207
1 0.5585488505747126 0.4426185344827586 0.5754310344827587 0.46875
1 0.6169181034482759 0.7198275862068966 0.639367816091954 0.7526939655172413
1 0.6102729885057471 0.6996228448275862 0.6282327586206896 0.7376077586206896
1 0.6000359195402298 0.7249461206896551 0.6174568965517241 0.7535021551724138
1 0.6697198275862069 0.701239224137931 0.6977370689655172 0.7400323275862069
1 0.578125 0.6271551724137931 0.595007183908046 0.6549030172413793
1 0.5720186781609196 0.6271551724137931 0.5905172413793104 0.665948275862069
1 0.5511853448275862 0.6338900862068966 0.5714798850574713 0.6643318965517241
1 0.5625 0.6567887931034483 0.5833333333333334 0.6920797413793104
1 0.4635416666666667 0.6239224137931034 0.4832974137931034 0.6540948275862069
1 0.48096264367816094 0.5563038793103449 0.4978448275862069 0.5835129310344828
1 0.28502155172413796 0.6322737068965517 0.31429597701149425 0.6600215517241379
1 0.305316091954023 0.7039331896551724 0.32219827586206895 0.7432650862068966
1 0.34392959770114945 0.7214439655172413 0.3719468390804598 0.7634698275862069
1 0.3473419540229885 0.6861530172413793 0.36260775862068967 0.71875
1 0.4385775862068966 0.8092672413793104 0.46551724137931033 0.8450969827586207
1 0.4204382183908046 0.8127693965517241 0.44558189655172414 0.8469827586206896
1 0.3602729885057471 0.8038793103448276 0.38254310344827586 0.8372844827586207
1 0.35560344827586204 0.8372844827586207 0.37895114942528735 0.865301724137931
1 0.39349856321839083 0.8706896551724138 0.4163074712643678 0.9110991379310345
1 0.4035560344827586 0.931573275862069 0.42582614942528735 0.9571659482758621
1 0.4163074712643678 0.966864224137931 0.44504310344827586 1.0
1 0.4463002873563218 0.8569504310344828 0.4737787356321839 0.8930495689655172
1 0.4660560344827586 0.8833512931034483 0.4901221264367816 0.9183728448275862
1 0.5738146551724138 0.8876616379310345 0.5872844827586207 0.9256465517241379
1 0.4367816091954023 0.9245689655172413 0.45851293103448276 0.9622844827586207
1 0.47844827586206895 0.9183728448275862 0.48778735632183906 0.9598599137931034
1 0.5053879310344828 0.5751616379310345 0.5274784482758621 0.6077586206896551
1 0.39762931034482757 0.6209590517241379 0.41648706896551724 0.6570581896551724
1 0.5474137931034483 0.4348060344827586 0.5626795977011494 0.4603987068965517
1 0.6422413793103449 0.7718211206896551 0.662176724137931 0.7939116379310345
1 0.5772270114942529 0.7376077586206896 0.5966235632183908 0.7543103448275862
