1 0.3661997126436782 0.4224137931034483 0.3886494252873563 0.4625538793103448
1 0.2273706896551724 0.5288254310344828 0.25915948275862066 0.5713900862068966
1 0.42061781609195403 0.38038793103448276 0.44558189655172414 0.4146012931034483
1 0.5326867816091954 0.28151939655172414 0.5585488505747126 0.32219827586206895
1 0.3670977011494253 0.7769396551724138 0.3891882183908046 0.8168103448275862
1 0.41271551724137934 0.6303879310344828 0.44414511494252873 0.6732219827586207
1 0.3478807471264368 0.802801724137931 0.3670977011494253 0.8391702586206896
1 0.5563936781609196 0.6546336206896551 0.5826149425287356 0.6955818965517241
1 0.5732758620689655 0.46875 0.5962643678160919 0.5040409482758621
1 0.6048850574712644 0.34051724137931033 0.6305675287356322 0.375
1 0.4319324712643678 0.40867456896551724 0.4522270114942529 0.43938577586206895
1 0.38308189655172414 0.41433189655172414 0.4057112068965517 0.4520474137931034
1 0.46623563218390807 0.5870150862068966 0.48563218390804597 0.6150323275862069
1 0.35542385057471265 0.44127155172413796 0.3771551724137931 0.4771012931034483
1 0.23563218390804597 0.8111530172413793 0.25736350574712646 0.8434806034482759
1 0.6000359195402298 0.42510775862068967 0.6235632183908046 0.4542025862068966
1 0.44288793103448276 0.35398706896551724 0.4673132183908046 0.3844288793103448
1 0.5281968390804598 0.2588900862068966 0.554058908045977 0.28933189655172414
1 0.18444683908045978 0.7893318965517241 0.2081537356321839 0.8227370689655172
1 0.3818247126436782 0.8494073275862069 0.40247844827586204 0.8860452586206896
1 0.3031609195402299 0.4792564655172414 0.3349497126436782 0.5177801724137931
1 0.22431752873563218 0.7688577586206896 0.24820402298850575 0.8095366379310345
1 0.5524425287356322 0.24407327586206898 0.5756106321839081 0.2855603448275862
1 0.44917385057471265 0.4078663793103448 0.47126436781609193 0.44127155172413796
1 0.4401939655172414 0.5676185344827587 0.46228448275862066 0.6018318965517241
1 0.25017959770114945 0.834051724137931 0.27262931034482757 0.8736530172413793
1 0.5104166666666666 0.5576508620689655 0.5328663793103449 0.591864224137931
1 0.3125 0.38092672413793105 0.33512931034482757 0.4213362068965517
1 0.36602011494252873 0.5107758620689655 0.39098419540229884 0.5455280172413793
1 0.5720186781609196 0.5748922413793104 0.6005747126436781 0.6196120689655172
1 0.5844109195402298 0.662176724137931 0.6056034482758621 0.6980064655172413
1 0.5784841954022989 0.30010775862068967 0.6056034482758621 0.33001077586206895
1 0.47162356321839083 0.34967672413793105 0.5007183908045977 0.3766163793103448
1 0.4324712643678161 0.47575431034482757 0.4577945402298851 0.5126616379310345
1 0.4269037356321839 0.4396551724137931 0.45348419540229884 0.47521551724137934
1 0.3818247126436782 0.5390625 0.4084051724137931 0.5816271551724138
1 0.29022988505747127 0.6662176724137931 0.3098060344827586 0.7058189655172413
1 0.29310344827586204 0.7147090517241379 0.3125 0.7513469827586207
1 0.3019037356321839 0.43157327586206895 0.3261494252873563 0.46497844827586204
1 0.579382183908046 0.40247844827586204 0.6091954022988506 0.43992456896551724
1 0.5520833333333334 0.7052801724137931 0.5779454022988506 0.7459590517241379
1 0.5375359195402298 0.45501077586206895 0.5623204022988506 0.4989224137931034
1 0.540948275862069 0.6551724137931034 0.5628591954022989 0.6918103448275862
1 0.19845545977011494 0.49084051724137934 0.22772988505747127 0.5307112068965517
1 0.3155531609195402 0.6363146551724138 0.34357040229885055 0.6761853448275862
1 0.5657327586206896 0.6861530172413793 0.5915948275862069 0.7217133620689655
1 0.40912356321839083 0.6058728448275862 0.4297772988505747 0.6365840517241379
1 0.28825431034482757 0.5810883620689655 0.3110632183908046 0.6263469827586207
1 0.4198994252873563 0.5379849137931034 0.4427083333333333 0.5705818965517241
1 0.5556752873563219 0.4110991379310345 0.5795617816091954 0.4501616379310345
1 0.28412356321839083 0.7502693965517241 0.30639367816091956 0.7914870689655172
1 0.35201149425287354 0.6206896551724138 0.3818247126436782 0.6662176724137931
1 0.4051724137931034 0.41540948275862066 0.42834051724137934 0.4509698275862069
1 0.5734554597701149 0.4326508620689655 0.5942887931034483 0.46551724137931033
1 0.5739942528735632 0.22036637931034483 0.6000359195402298 0.26751077586206895
1 0.36530172413793105 0.6667564655172413 0.3954741379310345 0.7133620689655172
1 0.5741738505747126 0.3582974137931034 0.603448275862069 0.39978448275862066
1 0.2855603448275862 0.8038793103448276 0.31267959770114945 0.8432112068965517
1 0.4631824712643678 0.4838362068965517 0.4942528735632184 0.5228987068965517
1 0.44450431034482757 0.5132004310344828 0.4703663793103448 0.5603448275862069
1 0.5463362068965517 0.6158405172413793 0.5723778735632183 0.6527478448275862
1 0.3250718390804598 0.4525862068965517 0.3493175287356322 0.48302801724137934
1 0.38936781609195403 0.6487068965517241 0.4170258620689655 0.6993534482758621
1 0.33189655172413796 0.3739224137931034 0.3566810344827586 0.4167564655172414
1 0.33997844827586204 0.8372844827586207 0.3692528735632184 0.8830818965517241
1 0.5811781609195402 0.328125 0.6047054597701149 0.3588362068965517
1 0.21713362068965517 0.8345905172413793 0.23527298850574713 0.8617995689655172
1 0.5150862068965517 0.3095366379310345 0.5416666666666666 0.3453663793103448
1 0.5567528735632183 0.3246228448275862 0.5815373563218391 0.35856681034482757
1 0.3942169540229885 0.4792564655172414 0.4177442528735632 0.5134698275862069
1 0.6242816091954023 0.3402478448275862 0.6497844827586207 0.3779633620689655
1 0.46120689655172414 0.5471443965517241 0.48886494252873564 0.5862068965517241
1 0.37122844827586204 0.47009698275862066 0.3947557471264368 0.5067349137931034
1 0.2719109195402299 0.5509159482758621 0.2959770114942529 0.5864762931034483
1 0.5237068965517241 0.6877693965517241 0.5459770114942529 0.7249461206896551
1 0.1840876436781609 0.5560344827586207 0.2117456896551724 0.6045258620689655
1 0.5154454022988506 0.513739224137931 0.5398706896551724 0.5544181034482759
1 0.5066451149425287 0.4838362068965517 0.5281968390804598 0.513739224137931
1 0.32147988505747127 0.4286099137931034 0.34662356321839083 0.4609375
1 0.2650862068965517 0.6260775862068966 0.29436063218390807 0.6629849137931034
1 0.2699353448275862 0.7731681034482759 0.2880747126436782 0.8046875
1 0.4042744252873563 0.8758081896551724 0.42582614942528735 0.9140625
1 0.13631465517241378 0.6144935344827587 0.1690014367816092 0.6575969827586207
1 0.3793103448275862 0.5961745689655172 0.41235632183908044 0.6422413793103449
1 0.44612068965517243 0.31627155172413796 0.4682112068965517 0.3510237068965517
1 0.44288793103448276 0.26373922413793105 0.4678520114942529 0.29660560344827586
1 0.38200431034482757 0.45231681034482757 0.40301724137931033 0.4870689655172414
1 0.46749281609195403 0.31896551724137934 0.5001795977011494 0.3542564655172414
1 0.507183908045977 0.599676724137931 0.5339439655172413 0.6449353448275862
1 0.5589080459770115 0.2863685344827586 0.5817169540229885 0.32004310344827586
1 0.5790229885057471 0.2672413793103448 0.6097341954022989 0.30226293103448276
1 0.44989224137931033 0.4458512931034483 0.4714439655172414 0.48302801724137934
1 0.3213002873563218 0.8591056034482759 0.3457255747126437 0.9000538793103449
1 0.532507183908046 0.5492995689655172 0.5583692528735632 0.5875538793103449
1 0.3500359195402299 0.39304956896551724 0.3769755747126437 0.43372844827586204
1 0.4764727011494253 0.3714978448275862 0.5008979885057471 0.40651939655172414
1 0.19863505747126436 0.734375 0.22485632183908047 0.775323275862069
1 0.5001795977011494 0.4469288793103448 0.5220905172413793 0.47332974137931033
1 0.33728448275862066 0.6627155172413793 0.3640445402298851 0.7087823275862069
1 0.47737068965517243 0.6096443965517241 0.5019755747126436 0.6473599137931034
1 0.6000359195402298 0.5199353448275862 0.6208692528735632 0.5681573275862069
1 0.35686063218390807 0.939385775862069 0.38613505747126436 0.986260775862069
1 0.23922413793103448 0.6570581896551724 0.27478448275862066 0.6872306034482759
1 0.5429238505747126 0.509698275862069 0.5673491379310345 0.5460668103448276
1 0.4886853448275862 0.5754310344827587 0.5131106321839081 0.6109913793103449
1 0.4989224137931034 0.30091594827586204 0.5183189655172413 0.3286637931034483
1 0.6199712643678161 0.5123922413793104 0.649066091954023 0.5471443965517241
1 0.30082614942528735 0.3755387931034483 0.32273706896551724 0.4197198275862069
1 0.26329022988505746 0.7052801724137931 0.2938218390804598 0.7473060344827587
1 0.5551364942528736 0.5417564655172413 0.5788433908045977 0.5810883620689655
1 0.49712643678160917 0.41217672413793105 0.5247844827586207 0.4504310344827586
1 0.4163074712643678 0.5024245689655172 0.43570402298850575 0.5358297413793104
1 0.5037715517241379 0.3688038793103448 0.5278376436781609 0.4035560344827586
1 0.25951867816091956 0.5118534482758621 0.28412356321839083 0.5509159482758621
1 0.17169540229885058 0.6012931034482759 0.20222701149425287 0.6371228448275862
1 0.3613505747126437 0.5420258620689655 0.383441091954023 0.5748922413793104
1 0.33459051724137934 0.4943426724137931 0.36117097701149425 0.5320581896551724
1 0.24856321839080459 0.6821120689655172 0.26795977011494254 0.7144396551724138
1 0.6088362068965517 0.6651400862068966 0.6332614942528736 0.7044719827586207
1 0.6217672413793104 0.5484913793103449 0.6442169540229885 0.580010775862069
1 0.23204022988505746 0.7149784482758621 0.26167385057471265 0.7586206896551724
1 0.6167385057471264 0.5783943965517241 0.6370330459770115 0.6136853448275862
1 0.49874281609195403 0.6589439655172413 0.5231681034482759 0.6950431034482759
1 0.22144396551724138 0.6705280172413793 0.24533045977011494 0.7009698275862069
1 0.46336206896551724 0.2998383620689655 0.49102011494252873 0.3219288793103448
1 0.16720545977011494 0.6355064655172413 0.19881465517241378 0.6729525862068966
1 0.4947916666666667 0.5525323275862069 0.5149066091954023 0.5934806034482759
1 0.5337643678160919 0.33512931034482757 0.5592672413793104 0.3890086206896552
1 0.33351293103448276 0.5301724137931034 0.35272988505747127 0.5711206896551724
1 0.4956896551724138 0.5207435344827587 0.5167025862068966 0.5546875
1 0.3915229885057471 0.6993534482758621 0.41792385057471265 0.7489224137931034
1 0.1752873563218391 0.6799568965517241 0.20294540229885058 0.7211745689655172
1 0.31285919540229884 0.5164331896551724 0.33548850574712646 0.5366379310344828
1 0.5041307471264368 0.3464439655172414 0.5303520114942529 0.3706896551724138
1 0.4161278735632184 0.6689116379310345 0.4328304597701149 0.7114762931034483
1 0.28125 0.46174568965517243 0.3133979885057471 0.5026939655172413
1 0.5231681034482759 0.39304956896551724 0.5447198275862069 0.44207974137931033
1 0.20492097701149425 0.6982758620689655 0.22844827586206898 0.7373383620689655
1 0.4793462643678161 0.5207435344827587 0.5008979885057471 0.5530711206896551
1 0.540948275862069 0.37957974137931033 0.5633979885057471 0.40247844827586204
1 0.3381824712643678 0.9135237068965517 0.36476293103448276 0.9458512931034483
1 0.42367097701149425 0.5964439655172413 0.44486350574712646 0.6373922413793104
1 0.5680675287356322 0.5177801724137931 0.5953663793103449 0.5482219827586207
1 0.5608836206896551 0.35614224137931033 0.5817169540229885 0.3801185344827586
1 0.32489224137931033 0.9671336206896551 0.35039511494252873 1.0
1 0.5192169540229885 0.46174568965517243 0.5387931034482759 0.49191810344827586
1 0.49191810344827586 0.4660560344827586 0.5149066091954023 0.4927262931034483
1 0.4701867816091954 0.40759698275862066 0.4994612068965517 0.4542025862068966
1 0.39439655172413796 0.8353987068965517 0.41738505747126436 0.8728448275862069
1 0.38110632183908044 0.7464978448275862 0.4046336206896552 0.7839439655172413
1 0.39349856321839083 0.5113146551724138 0.41361350574712646 0.5358297413793104
1 0.4624640804597701 0.38415948275862066 0.47772988505747127 0.40948275862068967
1 0.4488146551724138 0.38469827586206895 0.46426005747126436 0.41217672413793105
1 0.3785919540229885 0.5740840517241379 0.4026580459770115 0.6050646551724138
1 0.3514727011494253 0.7058189655172413 0.3728448275862069 0.7349137931034483
1 0.44486350574712646 0.6056034482758621 0.46839080459770116 0.6559806034482759
1 0.4718031609195402 0.4501616379310345 0.49299568965517243 0.47063577586206895
1 0.3600933908045977 0.7174030172413793 0.38362068965517243 0.7494612068965517
1 0.5256824712643678 0.43884698275862066 0.545617816091954 0.4630926724137931
1 0.521551724137931 0.5848599137931034 0.5445402298850575 0.603448275862069
1 0.2988505747126437 0.8828125 0.32076149425287354 0.9342672413793104
1 0.3146551724137931 0.9372306034482759 0.3381824712643678 0.9741379310344828
1 0.545617816091954 0.4323814655172414 0.5571120689655172 0.4552801724137931
1 0.5445402298850575 0.5783943965517241 0.5623204022988506 0.6072198275862069
1 0.28502155172413796 0.9655172413793104 0.30711206896551724 1.0
1 0.5414870689655172 0.40382543103448276 0.5580100574712644 0.42995689655172414
1 0.5906968390804598 0.6963900862068966 0.6136853448275862 0.7489224137931034
1 0.6050646551724138 0.39304956896551724 0.634698275862069 0.4234913793103448
1 0.5772270114942529 0.7209051724137931 0.599676724137931 0.7524245689655172
1 0.5066451149425287 0.6891163793103449 0.5235272988505747 0.7230603448275862
1 0.6038074712643678 0.37311422413793105 0.6280531609195402 0.3968211206896552
1 0.5100574712643678 0.26939655172413796 0.5321479885057471 0.31276939655172414
1 0.5330459770114943 0.6430495689655172 0.5531609195402298 0.6775323275862069
1 0.5335847701149425 0.6021012931034483 0.5459770114942529 0.6236530172413793
1 0.47683189655172414 0.28098060344827586 0.5023347701149425 0.3151939655172414
1 0.24586925287356323 0.5660021551724138 0.27262931034482757 0.5985991379310345
1 0.46120689655172414 0.24191810344827586 0.49245689655172414 0.2790948275862069
1 0.46066810344827586 0.2195581896551724 0.4827586206896552 0.24461206896551724
