1 0.6379310344827587 0.31007543103448276 0.6578663793103449 0.34051724137931033
1 0.49245689655172414 0.44989224137931033 0.5150862068965517 0.4832974137931034
1 0.44612068965517243 0.37095905172413796 0.46695402298850575 0.4005926724137931
1 0.40176005747126436 0.3364762931034483 0.42061781609195403 0.3644935344827586
1 0.65625 0.32408405172413796 0.6751077586206896 0.35344827586206895
1 0.36188936781609193 0.49676724137931033 0.37823275862068967 0.5220905172413793
1 0.5948275862068966 0.5969827586206896 0.6124281609195402 0.6314655172413793
1 0.5211925287356322 0.4951508620689655 0.5457974137931034 0.5290948275862069
1 0.36224856321839083 0.3017241379310345 0.3843390804597701 0.3329741379310345
1 0.4978448275862069 0.3650323275862069 0.5152658045977011 0.3949353448275862
1 0.6540948275862069 0.3962823275862069 0.6763649425287356 0.4269935344827586
1 0.5393318965517241 0.3224676724137931 0.5572916666666666 0.3488685344827586
1 0.4639008620689655 0.38981681034482757 0.48257902298850575 0.4207974137931034
1 0.39439655172413796 0.5552262931034483 0.4175646551724138 0.5870150862068966
1 0.5064655172413793 0.5250538793103449 0.5317887931034483 0.5579202586206896
1 0.39960488505747127 0.40382543103448276 0.4213362068965517 0.44127155172413796
1 0.6729525862068966 0.31330818965517243 0.697198275862069 0.3415948275862069
1 0.5569324712643678 0.3359375 0.5752514367816092 0.3609913793103448
1 0.44145114942528735 0.5234375 0.46048850574712646 0.5541487068965517
1 0.4524066091954023 0.2860991379310345 0.4703663793103448 0.3213900862068966
1 0.5906968390804598 0.2486530172413793 0.6079382183908046 0.2796336206896552
1 0.47790948275862066 0.3103448275862069 0.4969468390804598 0.34240301724137934
1 0.44414511494252873 0.32570043103448276 0.4673132183908046 0.3604525862068966
1 0.3857758620689655 0.37823275862068967 0.4021192528735632 0.40220905172413796
1 0.48724856321839083 0.5328663793103449 0.5070043103448276 0.5651939655172413
1 0.33710488505747127 0.30441810344827586 0.35542385057471265 0.34375
1 0.6560704022988506 0.29094827586206895 0.6749281609195402 0.3230064655172414
1 0.45653735632183906 0.6012931034482759 0.4694683908045977 0.6363146551724138
1 0.4885057471264368 0.42160560344827586 0.5057471264367817 0.44719827586206895
1 0.3608117816091954 0.5942887931034483 0.38110632183908044 0.6263469827586207
1 0.5695043103448276 0.4822198275862069 0.5887212643678161 0.5080818965517241
1 0.5438218390804598 0.34698275862068967 0.5621408045977011 0.375
1 0.5301724137931034 0.4709051724137931 0.5477729885057471 0.5
1 0.6591235632183908 0.3688038793103448 0.6760057471264368 0.3968211206896552
1 0.3459051724137931 0.5115840517241379 0.36602011494252873 0.5404094827586207
1 0.6025502873563219 0.49461206896551724 0.6248204022988506 0.5266702586206896
1 0.5605244252873564 0.3628771551724138 0.576867816091954 0.3895474137931034
1 0.5594468390804598 0.42106681034482757 0.5827945402298851 0.45123922413793105
1 0.6048850574712644 0.3628771551724138 0.6223060344827587 0.3890086206896552
1 0.47126436781609193 0.5474137931034483 0.49299568965517243 0.5835129310344828
1 0.5389727011494253 0.4113685344827586 0.5596264367816092 0.4385775862068966
1 0.42834051724137934 0.3402478448275862 0.4484554597701149 0.37042025862068967
1 0.5608836206896551 0.5417564655172413 0.5818965517241379 0.5748922413793104
1 0.5862068965517241 0.3564116379310345 0.6052442528735632 0.38200431034482757
1 0.6266163793103449 0.3480603448275862 0.6497844827586207 0.3857758620689655
1 0.5420258620689655 0.44127155172413796 0.5639367816091954 0.47332974137931033
1 0.6752873563218391 0.28125 0.6952227011494253 0.31276939655172414
1 0.4885057471264368 0.5032327586206896 0.5118534482758621 0.5347521551724138
1 0.3974497126436782 0.45123922413793105 0.4191810344827586 0.48302801724137934
1 0.5276580459770115 0.3623383620689655 0.5459770114942529 0.39143318965517243
1 0.46641522988505746 0.5126616379310345 0.4849137931034483 0.5463362068965517
1 0.5747126436781609 0.5102370689655172 0.5953663793103449 0.5466056034482759
1 0.46264367816091956 0.30441810344827586 0.48096264367816094 0.33782327586206895
1 0.3110632183908046 0.47629310344827586 0.3329741379310345 0.5043103448275862
1 0.6722341954022989 0.38873922413793105 0.6950431034482759 0.4170258620689655
1 0.4006824712643678 0.48626077586206895 0.4249281609195402 0.5242456896551724
1 0.6052442528735632 0.5759698275862069 0.6244612068965517 0.6072198275862069
1 0.4324712643678161 0.6365840517241379 0.45025143678160917 0.6654094827586207
1 0.4895833333333333 0.33054956896551724 0.5109554597701149 0.36341594827586204
1 0.5957255747126436 0.4676724137931034 0.6140445402298851 0.4973060344827586
1 0.4175646551724138 0.41783405172413796 0.4366020114942529 0.44989224137931033
1 0.3168103448275862 0.4032866379310345 0.33423132183908044 0.4286099137931034
1 0.3760775862068966 0.46794181034482757 0.4006824712643678 0.49973060344827586
1 0.3758979885057471 0.5075431034482759 0.3949353448275862 0.5382543103448276
1 0.5700431034482759 0.24703663793103448 0.5908764367816092 0.27990301724137934
1 0.6463721264367817 0.3407866379310345 0.6684626436781609 0.3733836206896552
1 0.6280531609195402 0.5080818965517241 0.6470905172413793 0.5401400862068966
1 0.6312859195402298 0.4660560344827586 0.6496048850574713 0.49461206896551724
1 0.6219468390804598 0.32408405172413796 0.6411637931034483 0.35237068965517243
1 0.6239224137931034 0.5859375 0.6443965517241379 0.6193426724137931
1 0.3708692528735632 0.5544181034482759 0.3926005747126437 0.5859375
1 0.35039511494252873 0.44989224137931033 0.37374281609195403 0.4865301724137931
1 0.4511494252873563 0.6422413793103449 0.4714439655172414 0.6756465517241379
1 0.3785919540229885 0.3380926724137931 0.4015804597701149 0.3714978448275862
1 0.6427801724137931 0.5910560344827587 0.6618175287356322 0.6287715517241379
1 0.40337643678160917 0.36395474137931033 0.42438936781609193 0.39251077586206895
1 0.45653735632183906 0.41029094827586204 0.47539511494252873 0.43938577586206895
1 0.336566091954023 0.4339978448275862 0.3582974137931034 0.4652478448275862
1 0.4522270114942529 0.5412176724137931 0.4735991379310345 0.5748922413793104
1 0.6174568965517241 0.47009698275862066 0.6345186781609196 0.49622844827586204
1 0.46138649425287354 0.33970905172413796 0.4852729885057471 0.3693426724137931
1 0.46587643678160917 0.5751616379310345 0.4852729885057471 0.6082974137931034
1 0.5698635057471264 0.29606681034482757 0.5858477011494253 0.32354525862068967
1 0.6109913793103449 0.30549568965517243 0.6284123563218391 0.33135775862068967
1 0.5213721264367817 0.44450431034482757 0.5330459770114943 0.46875
1 0.6205100574712644 0.2869073275862069 0.6363146551724138 0.31896551724137934
1 0.46210488505747127 0.46901939655172414 0.4788074712643678 0.4983836206896552
1 0.47683189655172414 0.46120689655172414 0.4870689655172414 0.48248922413793105
1 0.6395474137931034 0.28933189655172414 0.6557112068965517 0.3098060344827586
1 0.6686422413793104 0.4151400862068966 0.6833692528735632 0.4313038793103448
1 0.6000359195402298 0.2855603448275862 0.6169181034482759 0.30926724137931033
1 0.5590876436781609 0.2796336206896552 0.5689655172413793 0.3017241379310345
1 0.6752873563218391 0.3728448275862069 0.6905531609195402 0.39439655172413796
1 0.5695043103448276 0.27882543103448276 0.5845905172413793 0.29445043103448276
1 0.6869612068965517 0.3688038793103448 0.6955818965517241 0.39143318965517243
1 0.5281968390804598 0.34967672413793105 0.5459770114942529 0.3650323275862069
1 0.5867456896551724 0.28933189655172414 0.5982399425287356 0.31276939655172414
1 0.48150143678160917 0.34563577586206895 0.5034123563218391 0.37176724137931033
1 0.5598060344827587 0.30657327586206895 0.5673491379310345 0.32408405172413796
1 0.4631824712643678 0.36179956896551724 0.48186063218390807 0.37580818965517243
1 0.5628591954022989 0.3197737068965517 0.5788433908045977 0.3402478448275862
1 0.5851293103448276 0.31788793103448276 0.6061422413793104 0.33782327586206895
1 0.6618175287356322 0.4787176724137931 0.6751077586206896 0.4956896551724138
1 0.5759698275862069 0.34455818965517243 0.5889008620689655 0.36745689655172414
1 0.6487068965517241 0.4832974137931034 0.6602011494252874 0.5088900862068966
1 0.5431034482758621 0.38362068965517243 0.5583692528735632 0.41487068965517243
1 0.5583692528735632 0.39143318965517243 0.5718390804597702 0.41864224137931033
1 0.5736350574712644 0.38038793103448276 0.5966235632183908 0.4105603448275862
1 0.5978807471264368 0.39197198275862066 0.6151221264367817 0.42376077586206895
1 0.6151221264367817 0.38146551724137934 0.6305675287356322 0.41998922413793105
1 0.6388290229885057 0.39709051724137934 0.6535560344827587 0.4286099137931034
1 0.6742097701149425 0.3389008620689655 0.6919899425287356 0.35614224137931033
1 0.6849856321839081 0.34455818965517243 0.6984554597701149 0.36907327586206895
1 0.6945043103448276 0.3432112068965517 0.7162356321839081 0.3733836206896552
1 0.6704382183908046 0.3545258620689655 0.6857040229885057 0.37419181034482757
1 0.6086566091954023 0.34186422413793105 0.6251795977011494 0.3623383620689655
1 0.5079022988505747 0.39197198275862066 0.5237068965517241 0.4191810344827586
1 0.49604885057471265 0.39466594827586204 0.5116738505747126 0.42429956896551724
1 0.4885057471264368 0.37042025862068967 0.5008979885057471 0.39466594827586204
1 0.5095186781609196 0.3488685344827586 0.5280172413793104 0.38092672413793105
1 0.4807830459770115 0.37122844827586204 0.4894037356321839 0.39520474137931033
1 0.4624640804597701 0.4404633620689655 0.47252155172413796 0.4652478448275862
1 0.4737787356321839 0.4353448275862069 0.4942528735632184 0.4620150862068966
1 0.5145474137931034 0.41379310344827586 0.5276580459770115 0.4318426724137931
1 0.5050287356321839 0.4253771551724138 0.5183189655172413 0.44154094827586204
1 0.5520833333333334 0.4682112068965517 0.5705818965517241 0.49299568965517243
1 0.5682471264367817 0.4520474137931034 0.5818965517241379 0.4744073275862069
1 0.5801005747126436 0.4609375 0.5971623563218391 0.4854525862068966
1 0.5928520114942529 0.43157327586206895 0.6048850574712644 0.4620150862068966
1 0.5915948275862069 0.40813577586206895 0.6097341954022989 0.43292025862068967
1 0.6169181034482759 0.42106681034482757 0.6329022988505747 0.4482758620689655
1 0.6461925287356322 0.4213362068965517 0.6614583333333334 0.4391163793103448
1 0.6664870689655172 0.4509698275862069 0.6844468390804598 0.48060344827586204
1 0.6506824712643678 0.4482758620689655 0.6639727011494253 0.4873383620689655
1 0.6276939655172413 0.44342672413793105 0.6510416666666666 0.47009698275862066
1 0.5488505747126436 0.484375 0.5666307471264368 0.5134698275862069
1 0.5558548850574713 0.5107758620689655 0.5705818965517241 0.533135775862069
1 0.6036278735632183 0.5369073275862069 0.6210488505747126 0.5665409482758621
1 0.5896192528735632 0.544989224137931 0.608117816091954 0.5735452586206896
1 0.5959051724137931 0.5670797413793104 0.6181752873563219 0.5932112068965517
1 0.5610632183908046 0.5716594827586207 0.5734554597701149 0.5875538793103449
1 0.6226652298850575 0.6142241379310345 0.6379310344827587 0.6433189655172413
1 0.6097341954022989 0.6037176724137931 0.6267959770114943 0.6279633620689655
1 0.5876436781609196 0.48572198275862066 0.6023706896551724 0.5169719827586207
1 0.6235632183908046 0.4943426724137931 0.6357758620689655 0.521551724137931
1 0.5075431034482759 0.47521551724137934 0.521551724137931 0.49973060344827586
1 0.4885057471264368 0.4644396551724138 0.5053879310344828 0.4900323275862069
1 0.41379310344827586 0.5603448275862069 0.4270833333333333 0.591864224137931
1 0.4057112068965517 0.5894396551724138 0.4182830459770115 0.6155711206896551
1 0.3807471264367816 0.5856681034482759 0.4010416666666667 0.6104525862068966
1 0.429058908045977 0.7238685344827587 0.4484554597701149 0.7578125
1 0.39978448275862066 0.7658943965517241 0.4207974137931034 0.794989224137931
1 0.40301724137931033 0.7955280172413793 0.4204382183908046 0.8257004310344828
1 0.46336206896551724 0.8046875 0.48311781609195403 0.8394396551724138
1 0.4324712643678161 0.755926724137931 0.4500718390804598 0.7755926724137931
1 0.40032327586206895 0.7338362068965517 0.4238505747126437 0.7640086206896551
1 0.4786278735632184 0.6963900862068966 0.49191810344827586 0.7219827586206896
1 0.4665948275862069 0.6985452586206896 0.47988505747126436 0.7292564655172413
1 0.47988505747126436 0.7211745689655172 0.4906609195402299 0.7454202586206896
1 0.4665948275862069 0.759698275862069 0.48311781609195403 0.7979525862068966
1 0.46587643678160917 0.669989224137931 0.4832974137931034 0.6985452586206896
1 0.47701149425287354 0.6470905172413793 0.49030172413793105 0.6748383620689655
1 0.4849137931034483 0.6662176724137931 0.49299568965517243 0.6963900862068966
1 0.4191810344827586 0.6923491379310345 0.4344468390804598 0.7157866379310345
1 0.4382183908045977 0.6901939655172413 0.45635775862068967 0.7244073275862069
1 0.4150502873563218 0.6519396551724138 0.4328304597701149 0.6786099137931034
1 0.39439655172413796 0.6527478448275862 0.40966235632183906 0.6823814655172413
1 0.36889367816091956 0.6901939655172413 0.3796695402298851 0.7273706896551724
1 0.3956537356321839 0.6117995689655172 0.41217672413793105 0.6365840517241379
1 0.37948994252873564 0.6258081896551724 0.3974497126436782 0.6567887931034483
1 0.3900862068965517 0.5285560344827587 0.4114583333333333 0.5576508620689655
1 0.3538074712643678 0.5414870689655172 0.3694324712643678 0.5818965517241379
1 0.3387212643678161 0.548760775862069 0.35039511494252873 0.5802801724137931
1 0.3272270114942529 0.4579741379310345 0.34913793103448276 0.4814116379310345
1 0.3446479885057471 0.3962823275862069 0.36745689655172414 0.42887931034482757
1 0.31537356321839083 0.38523706896551724 0.335308908045977 0.41029094827586204
1 0.32632902298850575 0.3310883620689655 0.3484195402298851 0.36341594827586204
1 0.4326508620689655 0.37580818965517243 0.4463002873563218 0.40382543103448276
1 0.5238864942528736 0.3849676724137931 0.5429238505747126 0.4078663793103448
1 0.5258620689655172 0.42106681034482757 0.5368175287356322 0.44719827586206895
