1 0.32004310344827586 0.4822198275862069 0.3396192528735632 0.5188577586206896
1 0.4829382183908046 0.1470905172413793 0.5026939655172413 0.1802262931034483
1 0.5281968390804598 0.1818426724137931 0.5515445402298851 0.2114762931034483
1 0.42564655172413796 0.19100215517241378 0.44486350574712646 0.22036637931034483
1 0.27999281609195403 0.5191271551724138 0.2984913793103448 0.5503771551724138
1 0.4703663793103448 0.2200969827586207 0.4931752873563218 0.24703663793103448
1 0.4046336206896552 0.21255387931034483 0.4276221264367816 0.2429956896551724
1 0.30549568965517243 0.24568965517241378 0.32525143678160917 0.2769396551724138
1 0.25951867816091956 0.27720905172413796 0.27837643678160917 0.30872844827586204
1 0.265625 0.40220905172413796 0.2911278735632184 0.4353448275862069
1 0.3432112068965517 0.3154633620689655 0.36260775862068967 0.34779094827586204
1 0.2471264367816092 0.42564655172413796 0.27173132183908044 0.4587823275862069
1 0.30010775862068967 0.4754849137931034 0.3204022988505747 0.5078125
1 0.28861350574712646 0.3114224137931034 0.31016522988505746 0.34455818965517243
1 0.45276580459770116 0.18938577586206898 0.4739583333333333 0.2179418103448276
1 0.4364224137931034 0.17025862068965517 0.4542025862068966 0.2017780172413793
1 0.4673132183908046 0.1640625 0.48760775862068967 0.1931573275862069
1 0.4475574712643678 0.5703125 0.4631824712643678 0.5994073275862069
1 0.2918462643678161 0.2443426724137931 0.3072916666666667 0.27316810344827586
1 0.5104166666666666 0.24191810344827586 0.5328663793103449 0.2712823275862069
1 0.44288793103448276 0.20501077586206898 0.46210488505747127 0.23545258620689655
1 0.31429597701149425 0.5870150862068966 0.33405172413793105 0.619073275862069
1 0.3739224137931034 0.22144396551724138 0.39313936781609193 0.25242456896551724
1 0.328125 0.7392241379310345 0.34626436781609193 0.7688577586206896
1 0.3275862068965517 0.44908405172413796 0.3489583333333333 0.48248922413793105
1 0.45132902298850575 0.16891163793103448 0.4680316091954023 0.19154094827586207
1 0.29094827586206895 0.41648706896551724 0.3110632183908046 0.44908405172413796
1 0.23850574712643677 0.5309806034482759 0.25969827586206895 0.5641163793103449
1 0.4734195402298851 0.19558189655172414 0.4920977011494253 0.22629310344827586
1 0.26185344827586204 0.5245150862068966 0.28358477011494254 0.5544181034482759
1 0.3468031609195402 0.43211206896551724 0.3694324712643678 0.46417025862068967
1 0.5199353448275862 0.4536637931034483 0.5382543103448276 0.4921875
1 0.41289511494252873 0.17618534482758622 0.4326508620689655 0.20743534482758622
1 0.5314295977011494 0.2896012931034483 0.5511853448275862 0.3197737068965517
1 0.4849137931034483 0.3310883620689655 0.5077227011494253 0.35856681034482757
1 0.430316091954023 0.2790948275862069 0.4525862068965517 0.31169181034482757
1 0.4931752873563218 0.23248922413793102 0.5100574712643678 0.25969827586206895
1 0.30926724137931033 0.32731681034482757 0.3295617816091954 0.35748922413793105
1 0.22844827586206898 0.3833512931034483 0.2471264367816092 0.4229525862068966
1 0.45653735632183906 0.22225215517241378 0.47575431034482757 0.26239224137931033
1 0.33782327586206895 0.48195043103448276 0.3613505747126437 0.5188577586206896
1 0.3994252873563218 0.1206896551724138 0.41433189655172414 0.14601293103448276
1 0.3202227011494253 0.7106681034482759 0.34051724137931033 0.7416487068965517
1 0.31698994252873564 0.6775323275862069 0.336566091954023 0.7122844827586207
1 0.3999640804597701 0.14520474137931033 0.4238505747126437 0.17376077586206898
1 0.3385416666666667 0.6578663793103449 0.3586566091954023 0.6931573275862069
1 0.38775143678160917 0.14951508620689655 0.40391522988505746 0.17699353448275862
1 0.3265086206896552 0.6303879310344828 0.34357040229885055 0.6516702586206896
1 0.3922413793103448 0.1783405172413793 0.40283764367816094 0.1953125
1 0.3854166666666667 0.17537715517241378 0.39511494252873564 0.19962284482758622
1 0.3254310344827586 0.5662715517241379 0.3464439655172414 0.599676724137931
1 0.33099856321839083 0.5404094827586207 0.34913793103448276 0.5673491379310345
1 0.38811063218390807 0.19504310344827586 0.4078663793103448 0.22279094827586207
1 0.28412356321839083 0.2279094827586207 0.30423850574712646 0.25862068965517243
1 0.34375 0.5339439655172413 0.35919540229885055 0.5614224137931034
1 0.3586566091954023 0.5627693965517241 0.3766163793103448 0.5972521551724138
1 0.3213002873563218 0.2629310344827586 0.3415948275862069 0.29364224137931033
1 0.29920977011494254 0.27720905172413796 0.3180675287356322 0.30657327586206895
1 0.37320402298850575 0.5829741379310345 0.3848778735632184 0.6115301724137931
1 0.3692528735632184 0.43103448275862066 0.3843390804597701 0.4582435344827586
1 0.28412356321839083 0.2677801724137931 0.30226293103448276 0.29229525862068967
1 0.3742816091954023 0.4391163793103448 0.3956537356321839 0.4765625
1 0.2724497126436782 0.2839439655172414 0.2963362068965517 0.31169181034482757
1 0.2677801724137931 0.3089978448275862 0.28735632183908044 0.32893318965517243
1 0.3586566091954023 0.46174568965517243 0.37877155172413796 0.49084051724137934
1 0.3687140804597701 0.48518318965517243 0.38038793103448276 0.5016163793103449
1 0.34141522988505746 0.2723599137931034 0.36260775862068967 0.3011853448275862
1 0.36386494252873564 0.6454741379310345 0.38326149425287354 0.6764547413793104
1 0.33135775862068967 0.2947198275862069 0.35614224137931033 0.32004310344827586
1 0.4500718390804598 0.6306573275862069 0.4619252873563218 0.658135775862069
1 0.32489224137931033 0.3019935344827586 0.34141522988505746 0.32570043103448276
1 0.3381824712643678 0.3208512931034483 0.3530890804597701 0.35344827586206895
1 0.29238505747126436 0.6395474137931034 0.304058908045977 0.6756465517241379
1 0.27837643678160917 0.552801724137931 0.30028735632183906 0.5695043103448276
1 0.3358477011494253 0.35398706896551724 0.35201149425287354 0.3798491379310345
1 0.2823275862068966 0.572198275862069 0.3019037356321839 0.5905172413793104
1 0.3489583333333333 0.37580818965517243 0.367816091954023 0.40813577586206895
1 0.34716235632183906 0.3968211206896552 0.36386494252873564 0.41729525862068967
1 0.3687140804597701 0.5088900862068966 0.3793103448275862 0.5304418103448276
1 0.328125 0.37311422413793105 0.34752155172413796 0.3933189655172414
1 0.25179597701149425 0.28717672413793105 0.26185344827586204 0.3146551724137931
1 0.36691810344827586 0.38254310344827586 0.38038793103448276 0.4167564655172414
1 0.33207614942528735 0.3933189655172414 0.34662356321839083 0.4119073275862069
1 0.35811781609195403 0.32893318965517243 0.3730244252873563 0.35183189655172414
1 0.3116020114942529 0.3550646551724138 0.3274066091954023 0.375
1 0.3536278735632184 0.34752155172413796 0.3697916666666667 0.3615301724137931
1 0.19234913793103448 0.37634698275862066 0.2067169540229885 0.3984375
1 0.23832614942528735 0.35479525862068967 0.2555675287356322 0.3739224137931034
1 0.38038793103448276 0.3968211206896552 0.39762931034482757 0.43776939655172414
1 0.39870689655172414 0.4040948275862069 0.413433908045977 0.43992456896551724
1 0.28304597701149425 0.3615301724137931 0.29813218390804597 0.390625
1 0.27514367816091956 0.34051724137931033 0.2959770114942529 0.3733836206896552
1 0.3911637931034483 0.375 0.4093031609195402 0.4040948275862069
1 0.24802442528735633 0.39251077586206895 0.2672413793103448 0.42995689655172414
1 0.44647988505747127 0.5476831896551724 0.4567169540229885 0.5713900862068966
1 0.21677442528735633 0.43157327586206895 0.23742816091954022 0.45851293103448276
1 0.4885057471264368 0.18076508620689655 0.5118534482758621 0.2044719827586207
1 0.5150862068965517 0.18911637931034483 0.5328663793103449 0.21713362068965517
1 0.2803520114942529 0.4375 0.2952586206896552 0.47252155172413796
1 0.4901221264367816 0.20043103448275862 0.5114942528735632 0.22117456896551724
1 0.2507183908045977 0.47252155172413796 0.2672413793103448 0.5061961206896551
1 0.48976293103448276 0.21713362068965517 0.5114942528735632 0.2357219827586207
1 0.24173850574712644 0.4657866379310345 0.25700431034482757 0.49542025862068967
1 0.5098778735632183 0.21848060344827586 0.53125 0.24542025862068967
1 0.2663433908045977 0.4859913793103448 0.2868175287356322 0.5212823275862069
1 0.5237068965517241 0.2122844827586207 0.538433908045977 0.23626077586206898
1 0.5150862068965517 0.2683189655172414 0.5294540229885057 0.28582974137931033
1 0.49353448275862066 0.2605064655172414 0.515625 0.2874461206896552
1 0.47629310344827586 0.2699353448275862 0.4956896551724138 0.2974137931034483
1 0.4922772988505747 0.2869073275862069 0.5066451149425287 0.30387931034482757
1 0.4328304597701149 0.2252155172413793 0.45079022988505746 0.25026939655172414
1 0.43462643678160917 0.24649784482758622 0.4574353448275862 0.2761314655172414
1 0.45079022988505746 0.2650862068965517 0.4667744252873563 0.3030711206896552
1 0.41433189655172414 0.25080818965517243 0.4328304597701149 0.28125
1 0.3969109195402299 0.2667025862068966 0.41325431034482757 0.29094827586206895
1 0.382183908045977 0.2510775862068966 0.4012212643678161 0.27747844827586204
1 0.4319324712643678 0.30441810344827586 0.4511494252873563 0.32165948275862066
1 0.42798132183908044 0.31384698275862066 0.4418103448275862 0.3324353448275862
1 0.4667744252873563 0.2896012931034483 0.48401580459770116 0.32058189655172414
1 0.48401580459770116 0.30603448275862066 0.5095186781609196 0.3324353448275862
1 0.5039511494252874 0.30387931034482757 0.5147270114942529 0.33620689655172414
1 0.5167025862068966 0.2896012931034483 0.5346623563218391 0.3329741379310345
1 0.5343031609195402 0.3154633620689655 0.5508261494252874 0.33405172413793105
1 0.5256824712643678 0.33135775862068967 0.5413074712643678 0.35021551724137934
1 0.515625 0.32570043103448276 0.5274784482758621 0.3558728448275862
1 0.46839080459770116 0.34967672413793105 0.48670977011494254 0.3755387931034483
1 0.45294540229885055 0.30495689655172414 0.4639008620689655 0.3238146551724138
1 0.4118175287356322 0.2807112068965517 0.43049568965517243 0.31169181034482757
1 0.36117097701149425 0.28125 0.38254310344827586 0.3076508620689655
1 0.3818247126436782 0.2901400862068966 0.399066091954023 0.3246228448275862
1 0.3694324712643678 0.25592672413793105 0.38451867816091956 0.2796336206896552
1 0.38667385057471265 0.32570043103448276 0.40391522988505746 0.3504849137931034
1 0.39870689655172414 0.2901400862068966 0.4110991379310345 0.32165948275862066
1 0.40948275862068967 0.3173491379310345 0.43157327586206895 0.34967672413793105
1 0.4405531609195402 0.31707974137931033 0.4574353448275862 0.34752155172413796
1 0.4331896551724138 0.3504849137931034 0.4488146551724138 0.37742456896551724
1 0.4500718390804598 0.3526400862068966 0.4660560344827586 0.3817349137931034
1 0.421875 0.34132543103448276 0.44396551724137934 0.3666487068965517
1 0.39762931034482757 0.3442887931034483 0.41594827586206895 0.37742456896551724
1 0.37625718390804597 0.34132543103448276 0.3900862068965517 0.3620689655172414
1 0.36530172413793105 0.30549568965517243 0.38415948275862066 0.32219827586206895
1 0.3922413793103448 0.22225215517241378 0.40589080459770116 0.24245689655172414
1 0.4103807471264368 0.3572198275862069 0.43085488505747127 0.3935883620689655
1 0.41289511494252873 0.39143318965517243 0.43157327586206895 0.4105603448275862
1 0.4473778735632184 0.3760775862068966 0.4619252873563218 0.40813577586206895
1 0.4331896551724138 0.37904094827586204 0.4488146551724138 0.4032866379310345
1 0.4276221264367816 0.40382543103448276 0.4418103448275862 0.42726293103448276
1 0.44665948275862066 0.40301724137931033 0.4639008620689655 0.43615301724137934
1 0.4631824712643678 0.3755387931034483 0.48114224137931033 0.41002155172413796
1 0.47988505747126436 0.37122844827586204 0.4942528735632184 0.39762931034482757
1 0.4870689655172414 0.3577586206896552 0.4983836206896552 0.38523706896551724
1 0.4964080459770115 0.3706896551724138 0.514367816091954 0.39870689655172414
1 0.4735991379310345 0.41002155172413796 0.4894037356321839 0.43615301724137934
1 0.4410919540229885 0.42887931034482757 0.4581537356321839 0.4620150862068966
1 0.5001795977011494 0.4520474137931034 0.5181393678160919 0.4873383620689655
1 0.5122126436781609 0.41945043103448276 0.5343031609195402 0.4520474137931034
1 0.4822198275862069 0.4520474137931034 0.49982040229885055 0.48410560344827586
1 0.4911997126436782 0.48060344827586204 0.5064655172413793 0.49811422413793105
1 0.4780890804597701 0.4795258620689655 0.4983836206896552 0.5086206896551724
1 0.5066451149425287 0.48356681034482757 0.5242456896551724 0.5053879310344828
1 0.4709051724137931 0.44288793103448276 0.491558908045977 0.47063577586206895
1 0.46497844827586204 0.4267241379310345 0.48186063218390807 0.4558189655172414
