1 0.37482040229885055 0.4665948275862069 0.39709051724137934 0.4973060344827586
1 0.29292385057471265 0.533135775862069 0.31375718390804597 0.5619612068965517
1 0.5876436781609196 0.5466056034482759 0.6111709770114943 0.5757004310344828
1 0.5545977011494253 0.44127155172413796 0.5718390804597702 0.4692887931034483
1 0.2535919540229885 0.7341056034482759 0.2724497126436782 0.7693965517241379
1 0.5017959770114943 0.49245689655172414 0.5224497126436781 0.5255926724137931
1 0.4177442528735632 0.3989762931034483 0.43732040229885055 0.42887931034482757
1 0.43085488505747127 0.537176724137931 0.4542025862068966 0.5708512931034483
1 0.39439655172413796 0.41648706896551724 0.41235632183908044 0.44396551724137934
1 0.5448994252873564 0.33405172413793105 0.5682471264367817 0.36637931034482757
1 0.45348419540229884 0.5204741379310345 0.47737068965517243 0.5563038793103449
1 0.5298132183908046 0.2998383620689655 0.552801724137931 0.3310883620689655
1 0.5662715517241379 0.31842672413793105 0.5906968390804598 0.3467133620689655
1 0.30711206896551724 0.8811961206896551 0.33207614942528735 0.9210668103448276
1 0.45653735632183906 0.2890625 0.4764727011494253 0.32165948275862066
1 0.5269396551724138 0.6166487068965517 0.5477729885057471 0.6492456896551724
1 0.3582974137931034 0.5503771551724138 0.38146551724137934 0.5856681034482759
1 0.2974137931034483 0.6018318965517241 0.3166307471264368 0.6363146551724138
1 0.4015804597701149 0.44773706896551724 0.42205459770114945 0.47844827586206895
1 0.32686781609195403 0.4140625 0.3442887931034483 0.44288793103448276
1 0.32435344827586204 0.8038793103448276 0.34375 0.8329741379310345
1 0.5231681034482759 0.45905172413793105 0.5447198275862069 0.49461206896551724
1 0.38667385057471265 0.4938038793103448 0.40912356321839083 0.5277478448275862
1 0.30801005747126436 0.8432112068965517 0.3311781609195402 0.8806573275862069
1 0.561242816091954 0.41379310344827586 0.5862068965517241 0.4463900862068966
1 0.5524425287356322 0.30334051724137934 0.5727370689655172 0.33405172413793105
1 0.305316091954023 0.540948275862069 0.3254310344827586 0.5740840517241379
1 0.514367816091954 0.3203125 0.5364583333333334 0.35237068965517243
1 0.5599856321839081 0.37419181034482757 0.5826149425287356 0.4110991379310345
1 0.4416307471264368 0.49137931034482757 0.4635416666666667 0.5274784482758621
1 0.24102011494252873 0.46551724137931033 0.2661637931034483 0.5008081896551724
1 0.4906609195402299 0.43157327586206895 0.5123922413793104 0.4598599137931034
1 0.5413074712643678 0.4156788793103448 0.5614224137931034 0.45123922413793105
1 0.5264008620689655 0.34779094827586204 0.5479525862068966 0.38469827586206895
1 0.5759698275862069 0.43830818965517243 0.5975215517241379 0.46632543103448276
1 0.4983836206896552 0.30334051724137934 0.5201149425287356 0.3364762931034483
1 0.4885057471264368 0.5716594827586207 0.5109554597701149 0.6096443965517241
1 0.36637931034482757 0.4938038793103448 0.38739224137931033 0.5261314655172413
1 0.35201149425287354 0.6204202586206896 0.37122844827586204 0.6565193965517241
1 0.31070402298850575 0.9202586206896551 0.33477011494252873 0.9536637931034483
1 0.4730603448275862 0.31842672413793105 0.4980244252873563 0.35021551724137934
1 0.38254310344827586 0.43507543103448276 0.40247844827586204 0.4676724137931034
1 0.37948994252873564 0.5304418103448276 0.4089439655172414 0.5719288793103449
1 0.5461566091954023 0.6244612068965517 0.5662715517241379 0.6565193965517241
1 0.28879310344827586 0.4964978448275862 0.3108836206896552 0.5328663793103449
1 0.43301005747126436 0.5740840517241379 0.45294540229885055 0.6107219827586207
1 0.5486709770114943 0.26751077586206895 0.5687859195402298 0.30441810344827586
1 0.453125 0.3620689655172414 0.4707255747126437 0.38981681034482757
1 0.30962643678160917 0.44207974137931033 0.32848419540229884 0.47521551724137934
1 0.40589080459770116 0.5689655172413793 0.4333692528735632 0.607489224137931
1 0.3859554597701149 0.6460129310344828 0.4053520114942529 0.6821120689655172
1 0.5441810344827587 0.5662715517241379 0.5689655172413793 0.6004849137931034
1 0.1824712643678161 0.5985991379310345 0.20294540229885058 0.6306573275862069
1 0.5149066091954023 0.5223599137931034 0.5366379310344828 0.5544181034482759
1 0.5174209770114943 0.6565193965517241 0.5414870689655172 0.6996228448275862
1 0.2821479885057471 0.7359913793103449 0.3017241379310345 0.7642780172413793
1 0.4644396551724138 0.5789331896551724 0.48257902298850575 0.6107219827586207
1 0.6041666666666666 0.390625 0.6296695402298851 0.42160560344827586
1 0.3552442528735632 0.6988146551724138 0.3728448275862069 0.7279094827586207
1 0.3297413793103448 0.7464978448275862 0.3552442528735632 0.7850215517241379
1 0.5817169540229885 0.5738146551724138 0.6039870689655172 0.6085668103448276
1 0.5486709770114943 0.6640625 0.5707614942528736 0.7033943965517241
1 0.2252155172413793 0.552801724137931 0.24676724137931033 0.5837823275862069
1 0.32579022988505746 0.44558189655172414 0.352191091954023 0.4792564655172414
1 0.22970545977011494 0.7505387931034483 0.24820402298850575 0.7804418103448276
1 0.31375718390804597 0.7564655172413793 0.3338721264367816 0.7947198275862069
1 0.37158764367816094 0.37365301724137934 0.39457614942528735 0.40544181034482757
1 0.23239942528735633 0.6565193965517241 0.25233477011494254 0.6961206896551724
1 0.35398706896551724 0.6522090517241379 0.375 0.6772629310344828
1 0.5317887931034483 0.6476293103448276 0.5520833333333334 0.6751077586206896
1 0.47683189655172414 0.36799568965517243 0.4983836206896552 0.39655172413793105
1 0.274066091954023 0.5921336206896551 0.2975933908045977 0.6266163793103449
1 0.4344468390804598 0.4536637931034483 0.45599856321839083 0.48410560344827586
1 0.2647270114942529 0.6996228448275862 0.2819683908045977 0.7308728448275862
1 0.33566810344827586 0.8230064655172413 0.3608117816091954 0.8636853448275862
1 0.49389367816091956 0.5272090517241379 0.5149066091954023 0.5584590517241379
1 0.5818965517241379 0.4089439655172414 0.6063218390804598 0.43938577586206895
1 0.3640445402298851 0.5880926724137931 0.3890086206896552 0.626885775862069
1 0.5235272988505747 0.4911099137931034 0.5463362068965517 0.5223599137931034
1 0.23832614942528735 0.705010775862069 0.2604166666666667 0.7359913793103449
1 0.3381824712643678 0.7165948275862069 0.3615301724137931 0.7491918103448276
1 0.4610272988505747 0.46632543103448276 0.4849137931034483 0.5026939655172413
1 0.5689655172413793 0.34617456896551724 0.5872844827586207 0.37526939655172414
1 0.34087643678160917 0.576239224137931 0.36602011494252873 0.6150323275862069
1 0.2853807471264368 0.705010775862069 0.3089080459770115 0.7408405172413793
1 0.4992816091954023 0.5447198275862069 0.5206537356321839 0.5743534482758621
1 0.49245689655172414 0.6597521551724138 0.5122126436781609 0.6915409482758621
1 0.3818247126436782 0.3949353448275862 0.4021192528735632 0.42887931034482757
1 0.2828663793103448 0.5660021551724138 0.30639367816091956 0.59375
1 0.3254310344827586 0.5460668103448276 0.34913793103448276 0.5802801724137931
1 0.492816091954023 0.39870689655172414 0.5158045977011494 0.4345366379310345
1 0.34249281609195403 0.4019396551724138 0.36314655172413796 0.43292025862068967
1 0.40373563218390807 0.5422952586206896 0.42205459770114945 0.5711206896551724
1 0.43354885057471265 0.4213362068965517 0.45348419540229884 0.45285560344827586
1 0.3572198275862069 0.35695043103448276 0.3776939655172414 0.3941271551724138
1 0.24766522988505746 0.5940193965517241 0.27209051724137934 0.626885775862069
1 0.26221264367816094 0.5048491379310345 0.2869971264367816 0.5417564655172413
1 0.5693247126436781 0.6233836206896551 0.5905172413793104 0.6592133620689655
1 0.5698635057471264 0.2529633620689655 0.5914152298850575 0.29283405172413796
1 0.5732758620689655 0.29148706896551724 0.5985991379310345 0.32165948275862066
1 0.5278376436781609 0.28151939655172414 0.5479525862068966 0.3036099137931034
1 0.5140086206896551 0.29283405172413796 0.5298132183908046 0.31950431034482757
1 0.4744971264367816 0.26643318965517243 0.49551005747126436 0.2957974137931034
1 0.47162356321839083 0.2551185344827586 0.4874281609195402 0.28151939655172414
1 0.48311781609195403 0.29445043103448276 0.5064655172413793 0.3173491379310345
1 0.4572557471264368 0.3208512931034483 0.4744971264367816 0.3636853448275862
1 0.4750359195402299 0.3472521551724138 0.4973060344827586 0.3744612068965517
1 0.5026939655172413 0.3701508620689655 0.5237068965517241 0.3973599137931034
1 0.5016163793103449 0.3558728448275862 0.5174209770114943 0.3739224137931034
1 0.4978448275862069 0.3407866379310345 0.508441091954023 0.3636853448275862
1 0.45438218390804597 0.3995150862068966 0.4707255747126437 0.4261853448275862
1 0.47216235632183906 0.3989762931034483 0.4931752873563218 0.4318426724137931
1 0.5150862068965517 0.39304956896551724 0.5346623563218391 0.4318426724137931
1 0.5292744252873564 0.3838900862068966 0.5499281609195402 0.4067887931034483
1 0.5488505747126436 0.36530172413793105 0.5669899425287356 0.38873922413793105
1 0.5874640804597702 0.3838900862068966 0.6099137931034483 0.40813577586206895
1 0.5307112068965517 0.40759698275862066 0.5431034482758621 0.4348060344827586
1 0.5136494252873564 0.4331896551724138 0.5326867816091954 0.4603987068965517
1 0.5335847701149425 0.43615301724137934 0.5445402298850575 0.45689655172413796
1 0.5098778735632183 0.4582435344827586 0.5231681034482759 0.4832974137931034
1 0.4983836206896552 0.47198275862068967 0.5113146551724138 0.4948814655172414
1 0.4834770114942529 0.45393318965517243 0.5021551724137931 0.4849137931034483
1 0.4707255747126437 0.4353448275862069 0.48886494252873564 0.4603987068965517
1 0.4540229885057471 0.4339978448275862 0.4701867816091954 0.4625538793103448
1 0.43211206896551724 0.3895474137931034 0.45348419540229884 0.4146012931034483
1 0.34195402298850575 0.3636853448275862 0.36332614942528735 0.3989762931034483
1 0.33135775862068967 0.36745689655172414 0.3457255747126437 0.40032327586206895
1 0.3160919540229885 0.47683189655172414 0.3333333333333333 0.5078125
1 0.3514727011494253 0.45905172413793105 0.36763649425287354 0.4905711206896552
1 0.3442887931034483 0.4331896551724138 0.36763649425287354 0.4525862068965517
1 0.3714080459770115 0.41594827586206895 0.38775143678160917 0.43830818965517243
1 0.399066091954023 0.39466594827586204 0.4168462643678161 0.4189116379310345
1 0.48563218390804597 0.49353448275862066 0.5035919540229885 0.5269396551724138
1 0.4703663793103448 0.5016163793103449 0.491558908045977 0.5269396551724138
1 0.48150143678160917 0.5269396551724138 0.4989224137931034 0.560614224137931
1 0.4750359195402299 0.5519935344827587 0.49604885057471265 0.5810883620689655
1 0.4567169540229885 0.5557650862068966 0.47539511494252873 0.5829741379310345
1 0.44935344827586204 0.5743534482758621 0.4637212643678161 0.6134159482758621
1 0.5229885057471264 0.5880926724137931 0.5404094827586207 0.6166487068965517
1 0.5134698275862069 0.619073275862069 0.5296336206896551 0.6470905172413793
1 0.5080818965517241 0.6128771551724138 0.5213721264367817 0.6433189655172413
1 0.47790948275862066 0.6266163793103449 0.49766522988505746 0.6538254310344828
1 0.4807830459770115 0.6538254310344828 0.4973060344827586 0.6861530172413793
1 0.5093390804597702 0.6438577586206896 0.5242456896551724 0.6637931034482759
1 0.4964080459770115 0.6201508620689655 0.5113146551724138 0.6532866379310345
1 0.5105962643678161 0.5724676724137931 0.5226293103448276 0.5977909482758621
1 0.5226293103448276 0.5557650862068966 0.5395114942528736 0.5853987068965517
1 0.5337643678160919 0.5234375 0.5511853448275862 0.5519935344827587
1 0.5400502873563219 0.5377155172413793 0.5549568965517241 0.5625
1 0.5474137931034483 0.5126616379310345 0.5686063218390804 0.5406788793103449
1 0.5502873563218391 0.4921875 0.5743534482758621 0.5140086206896551
1 0.5483117816091954 0.45447198275862066 0.5619612068965517 0.48356681034482757
1 0.5594468390804598 0.47117456896551724 0.5813577586206896 0.4983836206896552
1 0.5718390804597702 0.5511853448275862 0.5858477011494253 0.5905172413793104
1 0.5578304597701149 0.5382543103448276 0.5705818965517241 0.5600754310344828
1 0.41864224137931033 0.4749461206896552 0.4385775862068966 0.49973060344827586
1 0.3324353448275862 0.4749461206896552 0.35488505747126436 0.5016163793103449
1 0.34500718390804597 0.4911099137931034 0.3640445402298851 0.5172413793103449
1 0.32830459770114945 0.5072737068965517 0.34913793103448276 0.5334051724137931
1 0.36063218390804597 0.5207435344827587 0.3793103448275862 0.5482219827586207
1 0.41738505747126436 0.5064655172413793 0.4389367816091954 0.5444504310344828
1 0.39044540229885055 0.5835129310344828 0.41073994252873564 0.6282327586206896
1 0.40032327586206895 0.619073275862069 0.4224137931034483 0.6489762931034483
1 0.3730244252873563 0.6196120689655172 0.39709051724137934 0.6452047413793104
1 0.19755747126436782 0.5991379310344828 0.21857040229885058 0.6258081896551724
1 0.2124640804597701 0.5816271551724138 0.23688936781609196 0.6128771551724138
1 0.2065373563218391 0.619073275862069 0.23401580459770116 0.6487068965517241
1 0.20869252873563218 0.654364224137931 0.22485632183908047 0.6872306034482759
1 0.2065373563218391 0.7357219827586207 0.23275862068965517 0.7688577586206896
1 0.22198275862068967 0.6947737068965517 0.23850574712643677 0.7257543103448276
1 0.2699353448275862 0.6624461206896551 0.2911278735632184 0.6942349137931034
1 0.2911278735632184 0.6390086206896551 0.30854885057471265 0.6842672413793104
1 0.29400143678160917 0.6899245689655172 0.3139367816091954 0.7160560344827587
1 0.31591235632183906 0.685614224137931 0.33405172413793105 0.7214439655172413
1 0.2918462643678161 0.7782866379310345 0.3132183908045977 0.8181573275862069
1 0.2769396551724138 0.7704741379310345 0.2941810344827586 0.8046875
1 0.24838362068965517 0.7570043103448276 0.2670617816091954 0.7890625
1 0.27460488505747127 0.8626077586206896 0.2891522988505747 0.9008620689655172
1 0.29076867816091956 0.8087284482758621 0.31914511494252873 0.837823275862069
1 0.36188936781609193 0.7755926724137931 0.38326149425287354 0.8076508620689655
1 0.3843390804597701 0.7952586206896551 0.40086206896551724 0.8227370689655172
1 0.3457255747126437 0.8688038793103449 0.36835488505747127 0.9186422413793104
1 0.5423850574712644 0.681573275862069 0.5605244252873564 0.7179418103448276
1 0.5673491379310345 0.6584051724137931 0.5811781609195402 0.701239224137931
1 0.41864224137931033 0.43292025862068967 0.4367816091954023 0.4598599137931034
1 0.44073275862068967 0.41029094827586204 0.45563936781609193 0.42834051724137934
