1 0.21066810344827586 0.4735991379310345 0.23922413793103448 0.5188577586206896
1 0.31645114942528735 0.4709051724137931 0.3396192528735632 0.5061961206896551
1 0.525323275862069 0.3620689655172414 0.554058908045977 0.39466594827586204
1 0.4953304597701149 0.9046336206896551 0.5281968390804598 0.9488146551724138
1 0.27298850574712646 0.49191810344827586 0.2995689655172414 0.5369073275862069
1 0.3108836206896552 0.9275323275862069 0.3338721264367816 0.9671336206896551
1 0.37212643678160917 0.5818965517241379 0.40391522988505746 0.6266163793103449
1 0.47108477011494254 0.4870689655172414 0.4992816091954023 0.5299030172413793
1 0.3895474137931034 0.22817887931034483 0.4112787356321839 0.26966594827586204
1 0.37158764367816094 0.39870689655172414 0.39924568965517243 0.4501616379310345
1 0.20689655172413793 0.540948275862069 0.23473419540229884 0.5845905172413793
1 0.5651939655172413 0.6438577586206896 0.5939295977011494 0.6953125
1 0.18265086206896552 0.8375538793103449 0.21767241379310345 0.8825431034482759
1 0.4890445402298851 0.5132004310344828 0.5150862068965517 0.5595366379310345
1 0.2704741379310345 0.5598060344827587 0.3036997126436782 0.6031788793103449
1 0.3480603448275862 0.48760775862068967 0.3739224137931034 0.5301724137931034
1 0.24155890804597702 0.9256465517241379 0.2663433908045977 0.9682112068965517
1 0.23132183908045978 0.42995689655172414 0.26023706896551724 0.47898706896551724
1 0.3692528735632184 0.525323275862069 0.39978448275862066 0.578125
1 0.3956537356321839 0.5492995689655172 0.42798132183908044 0.5994073275862069
1 0.2697557471264368 0.5250538793103449 0.29867097701149425 0.5600754310344828
1 0.3274066091954023 0.1783405172413793 0.3464439655172414 0.2101293103448276
1 0.399066091954023 0.27478448275862066 0.43013649425287354 0.3173491379310345
1 0.5220905172413793 0.32165948275862066 0.5560344827586207 0.3642241379310345
1 0.11117097701149425 0.7429956896551724 0.13972701149425287 0.7774784482758621
1 0.12266522988505747 0.6635237068965517 0.1567887931034483 0.7071659482758621
1 0.5307112068965517 0.2521551724137931 0.5583692528735632 0.2939116379310345
1 0.2634698275862069 0.7508081896551724 0.2961566091954023 0.8089978448275862
1 0.4093031609195402 0.23949353448275862 0.44037356321839083 0.28502155172413796
1 0.10829741379310345 0.5530711206896551 0.14583333333333334 0.6042564655172413
1 0.3239942528735632 0.36530172413793105 0.3478807471264368 0.40705818965517243
1 0.3360272988505747 0.65625 0.3584770114942529 0.6936961206896551
1 0.43714080459770116 0.39709051724137934 0.46012931034482757 0.4380387931034483
1 0.40625 0.21066810344827586 0.43085488505747127 0.24595905172413793
1 0.08872126436781609 0.7505387931034483 0.11709770114942529 0.7839439655172413
1 0.5892600574712644 0.4307650862068966 0.6217672413793104 0.4722521551724138
1 0.30549568965517243 0.6252693965517241 0.32992097701149425 0.658135775862069
1 0.46048850574712646 0.6610991379310345 0.4863505747126437 0.7082435344827587
1 0.48401580459770116 0.8644935344827587 0.5107758620689655 0.9073275862068966
1 0.28107040229885055 0.6314655172413793 0.30334051724137934 0.6656788793103449
1 0.09069683908045977 0.6818426724137931 0.1255387931034483 0.7300646551724138
1 0.4718031609195402 0.26427801724137934 0.5068247126436781 0.30495689655172414
1 0.4644396551724138 0.5342133620689655 0.49299568965517243 0.5816271551724138
1 0.3301005747126437 0.5999461206896551 0.35686063218390807 0.6522090517241379
1 0.15319683908045978 0.5797413793103449 0.19055316091954022 0.6368534482758621
1 0.25287356321839083 0.4698275862068966 0.28412356321839083 0.513739224137931
1 0.5536997126436781 0.24191810344827586 0.5917744252873564 0.28529094827586204
1 0.4468390804597701 0.16029094827586207 0.47611350574712646 0.21255387931034483
1 0.3547054597701149 0.2421875 0.38254310344827586 0.28879310344827586
1 0.5019755747126436 0.47332974137931033 0.5360991379310345 0.5142780172413793
1 0.20923132183908047 0.4162176724137931 0.2372485632183908 0.46551724137931033
1 0.12589798850574713 0.6096443965517241 0.1591235632183908 0.6616379310344828
1 0.4383979885057471 0.43615301724137934 0.4608477011494253 0.46551724137931033
1 0.3728448275862069 0.25754310344827586 0.4035560344827586 0.3036099137931034
1 0.5869252873563219 0.658135775862069 0.6063218390804598 0.6988146551724138
1 0.367816091954023 0.35479525862068967 0.39385775862068967 0.39709051724137934
1 0.43408764367816094 0.6171875 0.4581537356321839 0.6554418103448276
1 0.29669540229885055 0.7478448275862069 0.3290229885057471 0.8006465517241379
1 0.49604885057471265 0.38927801724137934 0.5208333333333334 0.42160560344827586
1 0.4994612068965517 0.6047952586206896 0.5296336206896551 0.6438577586206896
1 0.43983477011494254 0.5040409482758621 0.46695402298850575 0.5495689655172413
1 0.26544540229885055 0.4369612068965517 0.29669540229885055 0.48114224137931033
1 0.4644396551724138 0.41487068965517243 0.49551005747126436 0.4636314655172414
1 0.24030172413793102 0.5474137931034483 0.2702945402298851 0.5891702586206896
1 0.41900143678160917 0.5091594827586207 0.44486350574712646 0.5538793103448276
1 0.21731321839080459 0.8308189655172413 0.24048132183908047 0.8733836206896551
1 0.15068247126436782 0.859375 0.18318965517241378 0.9094827586206896
1 0.23024425287356323 0.7381465517241379 0.2629310344827586 0.7882543103448276
1 0.4269037356321839 0.19342672413793102 0.45330459770114945 0.23922413793103448
1 0.4383979885057471 0.23922413793103448 0.46749281609195403 0.2855603448275862
1 0.31914511494252873 0.2335668103448276 0.3369252873563218 0.27101293103448276
1 0.29920977011494254 0.43776939655172414 0.3322557471264368 0.4795258620689655
1 0.27316810344827586 0.7007004310344828 0.3067528735632184 0.7521551724137931
1 0.34626436781609193 0.6764547413793104 0.38308189655172414 0.7260237068965517
1 0.4594109195402299 0.21066810344827586 0.49137931034482757 0.2494612068965517
1 0.29561781609195403 0.5875538793103449 0.3270474137931034 0.6360452586206896
1 0.3024425287356322 0.6597521551724138 0.33638649425287354 0.7130926724137931
1 0.39762931034482757 0.39439655172413796 0.4281609195402299 0.4410021551724138
1 0.5258620689655172 0.5366379310344828 0.5581896551724138 0.5835129310344828
1 0.3864942528735632 0.4814116379310345 0.41379310344827586 0.5269396551724138
1 0.5395114942528736 0.6489762931034483 0.5657327586206896 0.7007004310344828
1 0.4579741379310345 0.5953663793103449 0.4885057471264368 0.6470905172413793
1 0.4430675287356322 0.5479525862068966 0.4696479885057471 0.5926724137931034
1 0.3329741379310345 0.44773706896551724 0.3604525862068966 0.49353448275862066
1 0.4942528735632184 0.34698275862068967 0.5296336206896551 0.39143318965517243
1 0.3505747126436782 0.5573814655172413 0.37248563218390807 0.5980603448275862
1 0.34410919540229884 0.8009159482758621 0.3687140804597701 0.8488685344827587
1 0.46892959770114945 0.3615301724137931 0.4983836206896552 0.4110991379310345
1 0.4822198275862069 0.3011853448275862 0.5149066091954023 0.3453663793103448
1 0.41325431034482757 0.6266163793103449 0.4312140804597701 0.6624461206896551
1 0.3288433908045977 0.20797413793103448 0.36853448275862066 0.2510775862068966
1 0.44647988505747127 0.2817887931034483 0.4750359195402299 0.3186961206896552
1 0.46695402298850575 0.24030172413793102 0.49964080459770116 0.2790948275862069
1 0.5535201149425287 0.28879310344827586 0.5750718390804598 0.33001077586206895
1 0.5323275862068966 0.2939116379310345 0.5616020114942529 0.3386314655172414
1 0.46282327586206895 0.3036099137931034 0.48096264367816094 0.33512931034482757
1 0.42834051724137934 0.2957974137931034 0.4558189655172414 0.3537176724137931
1 0.3983477011494253 0.3176185344827586 0.4270833333333333 0.34832974137931033
1 0.39601293103448276 0.34132543103448276 0.4317528735632184 0.38873922413793105
1 0.42420977011494254 0.3623383620689655 0.4522270114942529 0.42214439655172414
1 0.44342672413793105 0.33620689655172414 0.46623563218390807 0.3650323275862069
1 0.461566091954023 0.33270474137931033 0.4797054597701149 0.3537176724137931
1 0.33926005747126436 0.30010775862068967 0.3838002873563218 0.34051724137931033
1 0.5716594827586207 0.44665948275862066 0.5973419540229885 0.5064655172413793
1 0.6002155172413793 0.4660560344827586 0.6276939655172413 0.5091594827586207
1 0.5739942528735632 0.5056573275862069 0.6002155172413793 0.5554956896551724
1 0.6014727011494253 0.5064655172413793 0.6201508620689655 0.546875
1 0.5032327586206896 0.45123922413793105 0.5465158045977011 0.48356681034482757
1 0.5131106321839081 0.40382543103448276 0.548132183908046 0.4501616379310345
1 0.5465158045977011 0.40382543103448276 0.5616020114942529 0.44935344827586204
1 0.5418462643678161 0.45554956896551724 0.5599856321839081 0.5002693965517241
1 0.42887931034482757 0.46174568965517243 0.4558189655172414 0.5072737068965517
1 0.4071479885057471 0.42564655172413796 0.4358836206896552 0.4660560344827586
1 0.40660919540229884 0.45716594827586204 0.4306752873563218 0.48895474137931033
1 0.3890086206896552 0.4345366379310345 0.4048132183908046 0.4598599137931034
1 0.35111350574712646 0.3984375 0.3703304597701149 0.4369612068965517
1 0.3358477011494253 0.39762931034482757 0.35919540229885055 0.4345366379310345
1 0.36224856321839083 0.44854525862068967 0.38667385057471265 0.4905711206896552
1 0.3019037356321839 0.4994612068965517 0.33153735632183906 0.5495689655172413
1 0.3329741379310345 0.5150862068965517 0.35811781609195403 0.5589978448275862
1 0.31016522988505746 0.5433728448275862 0.3417744252873563 0.5862068965517241
1 0.19270833333333334 0.4286099137931034 0.22772988505747127 0.4765625
1 0.22701149425287356 0.49353448275862066 0.25125718390804597 0.5315193965517241
1 0.18318965517241378 0.41783405172413796 0.20474137931034483 0.4547413793103448
1 0.19827586206896552 0.48356681034482757 0.21641522988505746 0.5185883620689655
1 0.18498563218390804 0.5177801724137931 0.22126436781609196 0.5554956896551724
1 0.40373563218390807 0.5932112068965517 0.4353448275862069 0.6293103448275862
1 0.4322916666666667 0.5519935344827587 0.4488146551724138 0.5977909482758621
1 0.43462643678160917 0.5872844827586207 0.4545617816091954 0.6179956896551724
1 0.48976293103448276 0.5538793103448276 0.5177801724137931 0.5889008620689655
1 0.5095186781609196 0.5161637931034483 0.5247844827586207 0.5538793103448276
1 0.3879310344827586 0.6214978448275862 0.41487068965517243 0.6802262931034483
1 0.35973419540229884 0.6196120689655172 0.3879310344827586 0.6818426724137931
1 0.5095186781609196 0.6495150862068966 0.5405890804597702 0.7047413793103449
1 0.5294540229885057 0.6969288793103449 0.5574712643678161 0.7276400862068966
1 0.5572916666666666 0.6977370689655172 0.5880028735632183 0.7416487068965517
1 0.5055675287356322 0.5584590517241379 0.5317887931034483 0.6058728448275862
1 0.576867816091954 0.6266163793103449 0.6113505747126436 0.6740301724137931
1 0.4832974137931034 0.5864762931034483 0.5008979885057471 0.6123383620689655
1 0.49676724137931033 0.6468211206896551 0.5283764367816092 0.6985452586206896
1 0.18570402298850575 0.5579202586206896 0.21048850574712644 0.5859375
1 0.5247844827586207 0.7047413793103449 0.5493893678160919 0.7556573275862069
1 0.47270114942528735 0.6891163793103449 0.4978448275862069 0.7292564655172413
1 0.3480603448275862 0.7575431034482759 0.37625718390804597 0.8030711206896551
1 0.36386494252873564 0.71875 0.3879310344827586 0.7505387931034483
1 0.3329741379310345 0.7082435344827587 0.3609913793103448 0.7626616379310345
1 0.19594109195402298 0.7082435344827587 0.23401580459770116 0.7486530172413793
1 0.16792385057471265 0.7521551724137931 0.2153376436781609 0.7944504310344828
1 0.1725933908045977 0.7960668103448276 0.20061063218390804 0.8442887931034483
1 0.12643678160919541 0.6963900862068966 0.1627155172413793 0.7376077586206896
1 0.1725933908045977 0.6225754310344828 0.2052801724137931 0.6551724137931034
1 0.22180316091954022 0.6419719827586207 0.25341235632183906 0.6936961206896551
1 0.26275143678160917 0.5988685344827587 0.30064655172413796 0.6357758620689655
1 0.36224856321839083 0.9240301724137931 0.3802083333333333 0.9744073275862069
1 0.21264367816091953 0.9482758620689655 0.24030172413793102 0.9973060344827587
1 0.29346264367816094 0.9606681034482759 0.3275862068965517 0.9994612068965517
1 0.4836566091954023 0.9299568965517241 0.5064655172413793 0.9744073275862069
1 0.48760775862068967 0.9744073275862069 0.5226293103448276 0.9994612068965517
1 0.4978448275862069 0.6963900862068966 0.5167025862068966 0.720635775862069
1 0.3588362068965517 0.32354525862068967 0.397808908045977 0.3564116379310345
1 0.33063936781609193 0.2890625 0.3480603448275862 0.3316271551724138
