1 0.31285919540229884 0.37042025862068967 0.33836206896551724 0.4156788793103448
1 0.38110632183908044 0.2941810344827586 0.4067887931034483 0.3337823275862069
1 0.8051364942528736 0.7583512931034483 0.8335129310344828 0.8049568965517241
1 0.4175646551724138 0.36745689655172414 0.44091235632183906 0.4011314655172414
1 0.44486350574712646 0.5317887931034483 0.4734195402298851 0.5638469827586207
1 0.8186063218390804 0.5975215517241379 0.8518318965517241 0.6473599137931034
1 0.7607758620689655 0.5129310344827587 0.7859195402298851 0.5484913793103449
1 0.399066091954023 0.45905172413793105 0.4229525862068966 0.4900323275862069
1 0.5346623563218391 0.5519935344827587 0.5675287356321839 0.5926724137931034
1 0.4360632183908046 0.5816271551724138 0.4639008620689655 0.6217672413793104
1 0.38254310344827586 0.39709051724137934 0.40642959770114945 0.4345366379310345
1 0.5165229885057471 0.5183189655172413 0.5400502873563219 0.5560344827586207
1 0.350933908045977 0.5320581896551724 0.3798491379310345 0.5700431034482759
1 0.5404094827586207 0.3844288793103448 0.5686063218390804 0.4348060344827586
1 0.5005387931034483 0.8157327586206896 0.5301724137931034 0.8564116379310345
1 0.5341235632183908 0.7195581896551724 0.5617816091954023 0.7640086206896551
1 0.30298132183908044 0.47629310344827586 0.3322557471264368 0.5150862068965517
1 0.3613505747126437 0.3151939655172414 0.3884698275862069 0.35560344827586204
1 0.4110991379310345 0.6794181034482759 0.4375 0.71875
1 0.6743893678160919 0.6142241379310345 0.6986350574712644 0.6524784482758621
1 0.8132183908045977 0.5051185344827587 0.8466235632183908 0.552801724137931
1 0.4678520114942529 0.5552262931034483 0.4969468390804598 0.5988685344827587
1 0.5562140804597702 0.2529633620689655 0.5838721264367817 0.2896012931034483
1 0.5630387931034483 0.45905172413793105 0.5910560344827587 0.5040409482758621
1 0.29346264367816094 0.5355603448275862 0.3173491379310345 0.5724676724137931
1 0.8317169540229885 0.5344827586206896 0.8715876436781609 0.5870150862068966
1 0.3389008620689655 0.3693426724137931 0.3701508620689655 0.40759698275862066
1 0.5632183908045977 0.22117456896551724 0.5896192528735632 0.25538793103448276
1 0.7882543103448276 0.5218211206896551 0.818426724137931 0.5654633620689655
1 0.5998563218390804 0.3130387931034483 0.6206896551724138 0.34509698275862066
1 0.38254310344827586 0.5350215517241379 0.4130747126436782 0.5765086206896551
1 0.5048491379310345 0.3426724137931034 0.5301724137931034 0.38038793103448276
1 0.4326508620689655 0.4744073275862069 0.4631824712643678 0.5129310344827587
1 0.4797054597701149 0.7524245689655172 0.5068247126436781 0.7893318965517241
1 0.5055675287356322 0.5630387931034483 0.5339439655172413 0.603448275862069
1 0.4863505747126437 0.5245150862068966 0.5150862068965517 0.5676185344827587
1 0.7767600574712644 0.46066810344827586 0.805316091954023 0.49865301724137934
1 0.7807112068965517 0.671875 0.8153735632183908 0.7184806034482759
1 0.47000718390804597 0.39304956896551724 0.4906609195402299 0.4248383620689655
1 0.8074712643678161 0.4625538793103448 0.8320761494252874 0.5043103448275862
1 0.5032327586206896 0.2195581896551724 0.5301724137931034 0.2605064655172414
1 0.7155172413793104 0.5573814655172413 0.7473060344827587 0.6015625
1 0.7350933908045977 0.5202047413793104 0.7627514367816092 0.5651939655172413
1 0.4225933908045977 0.26535560344827586 0.44701867816091956 0.29822198275862066
1 0.5073635057471264 0.7332974137931034 0.5377155172413793 0.7817887931034483
1 0.3615301724137931 0.28582974137931033 0.38739224137931033 0.3151939655172414
1 0.5134698275862069 0.4587823275862069 0.5422054597701149 0.49865301724137934
1 0.4093031609195402 0.31115301724137934 0.42852011494252873 0.3432112068965517
1 0.3958333333333333 0.26939655172413796 0.4202586206896552 0.31276939655172414
1 0.572198275862069 0.3073814655172414 0.6005747126436781 0.3467133620689655
1 0.23670977011494254 0.39762931034482757 0.26957614942528735 0.43561422413793105
1 0.6187140804597702 0.2925646551724138 0.6388290229885057 0.32677801724137934
1 0.8304597701149425 0.46228448275862066 0.8649425287356322 0.5048491379310345
1 0.27837643678160917 0.45689655172413796 0.31070402298850575 0.49811422413793105
1 0.44414511494252873 0.30657327586206895 0.46875 0.34401939655172414
1 0.7957974137931034 0.5872844827586207 0.822198275862069 0.6295797413793104
1 0.5404094827586207 0.6613685344827587 0.5680675287356322 0.7028556034482759
1 0.5969827586206896 0.3636853448275862 0.6205100574712644 0.4019396551724138
1 0.6910919540229885 0.4676724137931034 0.7228807471264368 0.509698275862069
1 0.7816091954022989 0.49299568965517243 0.8092672413793104 0.53125
1 0.5165229885057471 0.6282327586206896 0.5459770114942529 0.6769935344827587
1 0.5547772988505747 0.34913793103448276 0.586566091954023 0.3927801724137931
1 0.4536637931034483 0.4129849137931034 0.47790948275862066 0.44935344827586204
1 0.3644037356321839 0.46120689655172414 0.3954741379310345 0.5002693965517241
1 0.5281968390804598 0.7677801724137931 0.5580100574712644 0.8122306034482759
1 0.36835488505747127 0.23545258620689655 0.3949353448275862 0.2863685344827586
1 0.3047772988505747 0.41810344827586204 0.33189655172413796 0.46174568965517243
1 0.8396192528735632 0.6317349137931034 0.8719468390804598 0.6788793103448276
1 0.42474856321839083 0.4331896551724138 0.4540229885057471 0.4735991379310345
1 0.5159841954022989 0.4162176724137931 0.5440014367816092 0.45554956896551724
1 0.2588002873563218 0.3857758620689655 0.2862787356321839 0.4302262931034483
1 0.3444683908045977 0.4838362068965517 0.37122844827586204 0.5315193965517241
1 0.5844109195402298 0.34375 0.6115301724137931 0.3890086206896552
1 0.39655172413793105 0.3636853448275862 0.4213362068965517 0.40301724137931033
1 0.537176724137931 0.2122844827586207 0.5626795977011494 0.25080818965517243
1 0.45186781609195403 0.44908405172413796 0.47826867816091956 0.48302801724137934
1 0.3290229885057471 0.4119073275862069 0.3530890804597701 0.4442349137931034
1 0.5181393678160919 0.37688577586206895 0.5434626436781609 0.41594827586206895
1 0.7196479885057471 0.4509698275862069 0.7489224137931034 0.49299568965517243
1 0.49335488505747127 0.658135775862069 0.5199353448275862 0.6915409482758621
1 0.25341235632183906 0.4369612068965517 0.27837643678160917 0.46955818965517243
1 0.8730244252873564 0.6134159482758621 0.9044540229885057 0.6575969827586207
1 0.8069324712643678 0.5600754310344828 0.8344109195402298 0.6010237068965517
1 0.7636494252873564 0.5501077586206896 0.7932830459770115 0.5899784482758621
1 0.4859913793103448 0.6918103448275862 0.5199353448275862 0.7392241379310345
1 0.43624281609195403 0.6802262931034483 0.46120689655172414 0.7241379310344828
1 0.27298850574712646 0.4234913793103448 0.30334051724137934 0.4644396551724138
1 0.2855603448275862 0.38038793103448276 0.3130387931034483 0.42564655172413796
1 0.5222701149425287 0.2486530172413793 0.5488505747126436 0.29040948275862066
1 0.37176724137931033 0.4994612068965517 0.399066091954023 0.5396012931034483
1 0.41522988505747127 0.5899784482758621 0.4383979885057471 0.6271551724137931
1 0.39044540229885055 0.31788793103448276 0.41648706896551724 0.3615301724137931
1 0.5296336206896551 0.5915948275862069 0.5592672413793104 0.6298491379310345
1 0.5632183908045977 0.39520474137931033 0.5955459770114943 0.44154094827586204
1 0.29938936781609193 0.5070043103448276 0.3295617816091954 0.5439116379310345
1 0.37158764367816094 0.3564116379310345 0.3974497126436782 0.39870689655172414
1 0.5005387931034483 0.35398706896551724 0.5179597701149425 0.3927801724137931
1 0.4807830459770115 0.2963362068965517 0.505926724137931 0.32677801724137934
1 0.6284123563218391 0.34294181034482757 0.6452945402298851 0.36907327586206895
1 0.5398706896551724 0.2855603448275862 0.5669899425287356 0.32165948275862066
1 0.5745330459770115 0.29229525862068967 0.6005747126436781 0.3130387931034483
1 0.6170977011494253 0.3286637931034483 0.6316451149425287 0.3564116379310345
1 0.5994971264367817 0.2896012931034483 0.6192528735632183 0.3130387931034483
1 0.6068606321839081 0.38254310344827586 0.6316451149425287 0.40813577586206895
1 0.4547413793103448 0.3644935344827586 0.4807830459770115 0.39601293103448276
1 0.7505387931034483 0.4587823275862069 0.7771192528735632 0.48410560344827586
1 0.7478448275862069 0.48060344827586204 0.7816091954022989 0.5177801724137931
1 0.4306752873563218 0.3348599137931034 0.45061063218390807 0.36395474137931033
1 0.724676724137931 0.49245689655172414 0.7510775862068966 0.5272090517241379
1 0.42923850574712646 0.2957974137931034 0.4463002873563218 0.33135775862068967
1 0.4624640804597701 0.3203125 0.48150143678160917 0.35075431034482757
1 0.6700790229885057 0.5094288793103449 0.7027658045977011 0.5482219827586207
1 0.47844827586206895 0.3370150862068966 0.49676724137931033 0.36691810344827586
1 0.7072557471264368 0.53125 0.7394037356321839 0.5635775862068966
1 0.6937859195402298 0.5498383620689655 0.7218031609195402 0.5980603448275862
1 0.4906609195402299 0.3141163793103448 0.5127514367816092 0.35075431034482757
1 0.733117816091954 0.5929418103448276 0.7568247126436781 0.6411637931034483
1 0.5127514367816092 0.30334051724137934 0.5357399425287356 0.33405172413793105
1 0.7252155172413793 0.6047952586206896 0.7431752873563219 0.6470905172413793
1 0.5310704022988506 0.32435344827586204 0.5554956896551724 0.3577586206896552
1 0.42887931034482757 0.40220905172413796 0.45635775862068967 0.43669181034482757
1 0.671875 0.7001616379310345 0.6943247126436781 0.7405711206896551
1 0.6950431034482759 0.7068965517241379 0.7214439655172413 0.7543103448275862
1 0.3994252873563218 0.41729525862068967 0.4245689655172414 0.4504310344827586
1 0.36278735632183906 0.41379310344827586 0.3838002873563218 0.44127155172413796
1 0.7298850574712644 0.7211745689655172 0.7631106321839081 0.7693965517241379
1 0.35290948275862066 0.43669181034482757 0.3739224137931034 0.47332974137931033
1 0.7528735632183908 0.7728987068965517 0.7789152298850575 0.8200431034482759
1 0.7816091954022989 0.7685883620689655 0.805316091954023 0.8151939655172413
1 0.3261494252873563 0.44935344827586204 0.35326867816091956 0.48814655172413796
1 0.6848060344827587 0.7610452586206896 0.7061781609195402 0.8057650862068966
1 0.32076149425287354 0.5344827586206896 0.34375 0.5929418103448276
1 0.34375 0.529364224137931 0.35596264367816094 0.5730064655172413
1 0.7079741379310345 0.7955280172413793 0.7264727011494253 0.8353987068965517
1 0.352191091954023 0.5603448275862069 0.37733477011494254 0.5894396551724138
1 0.7304238505747126 0.7769396551724138 0.7562859195402298 0.8219288793103449
1 0.39870689655172414 0.4916487068965517 0.4254669540229885 0.5304418103448276
1 0.7203663793103449 0.8337823275862069 0.7417385057471264 0.880926724137931
1 0.6882183908045977 0.8591056034482759 0.7067169540229885 0.9054418103448276
1 0.3780531609195402 0.43372844827586204 0.3963721264367816 0.46632543103448276
1 0.6943247126436781 0.8133081896551724 0.7140804597701149 0.8512931034482759
1 0.4269037356321839 0.4956896551724138 0.4482758620689655 0.5299030172413793
1 0.6763649425287356 0.8073814655172413 0.6932471264367817 0.8639547413793104
1 0.4197198275862069 0.5247844827586207 0.44145114942528735 0.5533405172413793
1 0.4254669540229885 0.5495689655172413 0.4489942528735632 0.5843211206896551
1 0.5474137931034483 0.8943965517241379 0.563757183908046 0.9375
1 0.399066091954023 0.5557650862068966 0.42313218390804597 0.5894396551724138
1 0.5242456896551724 0.6831896551724138 0.5450790229885057 0.7254849137931034
1 0.45061063218390807 0.5043103448275862 0.4743175287356322 0.5363685344827587
1 0.5062859195402298 0.6214978448275862 0.5210129310344828 0.6519396551724138
1 0.7873563218390804 0.6357758620689655 0.8087284482758621 0.6732219827586207
1 0.4665948275862069 0.4859913793103448 0.4895833333333333 0.5134698275862069
1 0.7180316091954023 0.6443965517241379 0.7496408045977011 0.6807650862068966
1 0.4822198275862069 0.48814655172413796 0.5052083333333334 0.5266702586206896
1 0.4822198275862069 0.4504310344827586 0.5109554597701149 0.48814655172413796
1 0.7575431034482759 0.6468211206896551 0.7810704022988506 0.6958512931034483
1 0.8126795977011494 0.6985452586206896 0.8448275862068966 0.744073275862069
1 0.49030172413793105 0.4119073275862069 0.5140086206896551 0.4504310344827586
1 0.5395114942528736 0.49353448275862066 0.5617816091954023 0.529364224137931
1 0.5653735632183908 0.5498383620689655 0.5772270114942529 0.5969827586206896
1 0.5062859195402298 0.4948814655172414 0.5308908045977011 0.5245150862068966
1 0.7088721264367817 0.7478448275862069 0.7316810344827587 0.7917564655172413
1 0.46533764367816094 0.6026400862068966 0.48473419540229884 0.6384698275862069
1 0.4048132183908046 0.6241918103448276 0.4322916666666667 0.6702586206896551
1 0.4394755747126437 0.6171875 0.45923132183908044 0.6414331896551724
1 0.44414511494252873 0.6403556034482759 0.4676724137931034 0.677801724137931
1 0.47000718390804597 0.6330818965517241 0.49712643678160917 0.6724137931034483
1 0.49748563218390807 0.5889008620689655 0.5260416666666666 0.6188038793103449
1 0.4823994252873563 0.5961745689655172 0.5007183908045977 0.6373922413793104
1 0.47000718390804597 0.6713362068965517 0.49263649425287354 0.7165948275862069
1 0.4274425287356322 0.7190193965517241 0.4545617816091954 0.7370689655172413
1 0.40445402298850575 0.693426724137931 0.4267241379310345 0.7308728448275862
1 0.3985272988505747 0.7279094827586207 0.4306752873563218 0.7578125
1 0.4163074712643678 0.7346443965517241 0.4437859195402299 0.7809806034482759
1 0.4473778735632184 0.7322198275862069 0.46839080459770116 0.7726293103448276
1 0.45923132183908044 0.6891163793103449 0.48473419540229884 0.7316810344827587
1 0.4755747126436782 0.7268318965517241 0.49874281609195403 0.7537715517241379
1 0.5427442528735632 0.5218211206896551 0.5732758620689655 0.5546875
1 0.4676724137931034 0.5129310344827587 0.4849137931034483 0.5476831896551724
1 0.5905172413793104 0.45123922413793105 0.6187140804597702 0.48302801724137934
1 0.5364583333333334 0.4323814655172414 0.5567528735632183 0.47117456896551724
1 0.5930316091954023 0.41163793103448276 0.6219468390804598 0.44854525862068967
1 0.6183548850574713 0.41271551724137934 0.6338002873563219 0.43992456896551724
