1 0.6587643678160919 0.45501077586206895 0.6858836206896551 0.4892241379310345
1 0.4849137931034483 0.35183189655172414 0.5105962643678161 0.3911637931034483
1 0.35344827586206895 0.22952586206896552 0.38038793103448276 0.27020474137931033
1 0.1882183908045977 0.015894396551724137 0.2182112068965517 0.06330818965517242
1 0.2941810344827586 0.5552262931034483 0.3234554597701149 0.6058728448275862
1 0.4953304597701149 0.8569504310344828 0.5188577586206896 0.9008620689655172
1 0.47772988505747127 0.7939116379310345 0.5014367816091954 0.8353987068965517
1 0.6183548850574713 0.5530711206896551 0.6399066091954023 0.5837823275862069
1 0.6898347701149425 0.6508620689655172 0.7158764367816092 0.6866918103448276
1 0.4858117816091954 0.5576508620689655 0.5123922413793104 0.5988685344827587
1 0.6786997126436781 0.6142241379310345 0.7076149425287356 0.650323275862069
1 0.4667744252873563 0.7648168103448276 0.4874281609195402 0.7966056034482759
1 0.37751436781609193 0.38415948275862066 0.40660919540229884 0.4156788793103448
1 0.3687140804597701 0.1796875 0.3958333333333333 0.2200969827586207
1 0.31016522988505746 0.6023706896551724 0.335308908045977 0.6422413793103449
1 0.1903735632183908 0.37095905172413796 0.21066810344827586 0.40490301724137934
1 0.23132183908045978 0.7015086206896551 0.25897988505747127 0.7478448275862069
1 0.43983477011494254 0.7858297413793104 0.4640804597701149 0.8289331896551724
1 0.5804597701149425 0.4749461206896552 0.6012931034482759 0.5021551724137931
1 0.453125 0.6473599137931034 0.47683189655172414 0.6866918103448276
1 0.5395114942528736 0.6883081896551724 0.5659123563218391 0.7238685344827587
1 0.30998563218390807 0.42726293103448276 0.33926005747126436 0.4722521551724138
1 0.6548132183908046 0.5274784482758621 0.6797772988505747 0.5651939655172413
1 0.515625 0.6260775862068966 0.5364583333333334 0.6616379310344828
1 0.4718031609195402 0.6104525862068966 0.4992816091954023 0.6546336206896551
1 0.42367097701149425 0.5169719827586207 0.4423491379310345 0.5484913793103449
1 0.507183908045977 0.7419181034482759 0.525323275862069 0.7747844827586207
1 0.634698275862069 0.5105064655172413 0.6553520114942529 0.5447198275862069
1 0.5193965517241379 0.5374461206896551 0.5416666666666666 0.5625
1 0.3915229885057471 0.568426724137931 0.4211566091954023 0.6171875
1 0.30585488505747127 0.38658405172413796 0.3301005747126437 0.43103448275862066
1 0.5589080459770115 0.716864224137931 0.5774066091954023 0.7489224137931034
1 0.5985991379310345 0.5264008620689655 0.6196120689655172 0.5584590517241379
1 0.6609195402298851 0.48679956896551724 0.6867816091954023 0.5266702586206896
1 0.319683908045977 0.3063038793103448 0.34662356321839083 0.3515625
1 0.6614583333333334 0.5654633620689655 0.6848060344827587 0.5988685344827587
1 0.4836566091954023 0.7413793103448276 0.5064655172413793 0.7772090517241379
1 0.711566091954023 0.6204202586206896 0.7307830459770115 0.650323275862069
1 0.2636494252873563 0.5191271551724138 0.28735632183908044 0.5581896551724138
1 0.2719109195402299 0.4781788793103448 0.30136494252873564 0.5196659482758621
1 0.5290948275862069 0.7209051724137931 0.554058908045977 0.7658943965517241
1 0.34967672413793105 0.49676724137931033 0.3741020114942529 0.5412176724137931
1 0.41792385057471265 0.43049568965517243 0.44288793103448276 0.46282327586206895
1 0.6100933908045977 0.4916487068965517 0.6359554597701149 0.5282866379310345
1 0.4112787356321839 0.4609375 0.43139367816091956 0.4892241379310345
1 0.24730603448275862 0.4983836206896552 0.2724497126436782 0.5355603448275862
1 0.5461566091954023 0.40167025862068967 0.5736350574712644 0.4348060344827586
1 0.20061063218390804 0.07731681034482758 0.22988505747126436 0.12904094827586207
1 0.44647988505747127 0.587823275862069 0.4714439655172414 0.6311961206896551
1 0.46066810344827586 0.8017241379310345 0.48204022988505746 0.8424030172413793
1 0.5057471264367817 0.5910560344827587 0.5264008620689655 0.6276939655172413
1 0.5892600574712644 0.6697198275862069 0.6158405172413793 0.7109375
1 0.5114942528735632 0.32623922413793105 0.5373563218390804 0.36476293103448276
1 0.4567169540229885 0.3375538793103448 0.48257902298850575 0.3766163793103448
1 0.47270114942528735 0.4057112068965517 0.4949712643678161 0.43992456896551724
1 0.6104525862068966 0.5829741379310345 0.6354166666666666 0.6188038793103449
1 0.5199353448275862 0.5064655172413793 0.5450790229885057 0.5431034482758621
1 0.5422054597701149 0.5223599137931034 0.5668103448275862 0.5611530172413793
1 0.639367816091954 0.6311961206896551 0.665948275862069 0.6702586206896551
1 0.5079022988505747 0.3989762931034483 0.5316091954022989 0.43103448275862066
1 0.5867456896551724 0.4932650862068966 0.6091954022988506 0.5258620689655172
1 0.5197557471264368 0.4261853448275862 0.5438218390804598 0.47063577586206895
1 0.6632543103448276 0.6527478448275862 0.6846264367816092 0.6891163793103449
1 0.2182112068965517 0.34375 0.24245689655172414 0.3771551724137931
1 0.49676724137931033 0.4849137931034483 0.5202945402298851 0.5191271551724138
1 0.5450790229885057 0.43669181034482757 0.5748922413793104 0.47790948275862066
1 0.34554597701149425 0.4525862068965517 0.37176724137931033 0.4948814655172414
1 0.4823994252873563 0.8324353448275862 0.5046695402298851 0.8623383620689655
1 0.6408045977011494 0.5546875 0.6632543103448276 0.5891702586206896
1 0.4269037356321839 0.3890086206896552 0.4488146551724138 0.4234913793103448
1 0.3613505747126437 0.39978448275862066 0.38882902298850575 0.4418103448275862
1 0.33674568965517243 0.3933189655172414 0.36386494252873564 0.43723060344827586
1 0.6821120689655172 0.5805495689655172 0.7070761494252874 0.6136853448275862
1 0.44863505747126436 0.8308189655172413 0.4701867816091954 0.8644935344827587
1 0.24209770114942528 0.34563577586206895 0.2649066091954023 0.38308189655172414
1 0.5290948275862069 0.6573275862068966 0.5513649425287356 0.6891163793103449
1 0.5946479885057471 0.4488146551724138 0.616558908045977 0.47683189655172414
1 0.3994252873563218 0.4865301724137931 0.43049568965517243 0.5231681034482759
1 0.4421695402298851 0.7238685344827587 0.46533764367816094 0.7621228448275862
1 0.6567887931034483 0.5994073275862069 0.6794181034482759 0.6357758620689655
1 0.5440014367816092 0.4822198275862069 0.5698635057471264 0.5202047413793104
1 0.5210129310344828 0.46901939655172414 0.5474137931034483 0.5053879310344828
1 0.2514367816091954 0.07246767241379311 0.2828663793103448 0.1171875
1 0.4375 0.3739224137931034 0.46264367816091956 0.4089439655172414
1 0.5298132183908046 0.5622306034482759 0.5556752873563219 0.6045258620689655
1 0.3796695402298851 0.544989224137931 0.40301724137931033 0.5810883620689655
1 0.3741020114942529 0.25 0.4012212643678161 0.2896012931034483
1 0.4730603448275862 0.6896551724137931 0.49604885057471265 0.7292564655172413
1 0.3489583333333333 0.2755926724137931 0.3708692528735632 0.31061422413793105
1 0.5008979885057471 0.6602909482758621 0.5235272988505747 0.6955818965517241
1 0.49748563218390807 0.5193965517241379 0.5195761494252874 0.5541487068965517
1 0.4274425287356322 0.6470905172413793 0.4500718390804598 0.6772629310344828
1 0.43498563218390807 0.4808728448275862 0.460308908045977 0.5164331896551724
1 0.5109554597701149 0.3661099137931034 0.5323275862068966 0.39709051724137934
1 0.22772988505747127 0.08108836206896551 0.2552083333333333 0.12931034482758622
1 0.1372126436781609 0.20824353448275862 0.17079741379310345 0.25457974137931033
1 0.6375718390804598 0.45635775862068967 0.6580459770114943 0.49299568965517243
1 0.20168821839080459 0.26751077586206895 0.22557471264367815 0.29929956896551724
1 0.6291307471264368 0.43561422413793105 0.6508620689655172 0.47521551724137934
1 0.16415229885057472 0.31788793103448276 0.19127155172413793 0.3566810344827586
1 0.7234195402298851 0.6365840517241379 0.7517959770114943 0.6643318965517241
1 0.20114942528735633 0.3219288793103448 0.2182112068965517 0.3615301724137931
1 0.711566091954023 0.6632543103448276 0.7325790229885057 0.6998922413793104
1 0.3645833333333333 0.2834051724137931 0.38308189655172414 0.31896551724137934
1 0.6291307471264368 0.7047413793103449 0.6454741379310345 0.7394935344827587
1 0.6355962643678161 0.6710668103448276 0.6587643678160919 0.7009698275862069
1 0.41738505747126436 0.36853448275862066 0.4410919540229885 0.3941271551724138
1 0.5933908045977011 0.5474137931034483 0.615301724137931 0.5821659482758621
1 0.5301724137931034 0.36853448275862066 0.5558548850574713 0.4140625
1 0.615301724137931 0.4714439655172414 0.6350574712643678 0.49299568965517243
1 0.4958692528735632 0.39816810344827586 0.5123922413793104 0.4318426724137931
1 0.568426724137931 0.513739224137931 0.5802801724137931 0.5474137931034483
1 0.4667744252873563 0.38415948275862066 0.49712643678160917 0.4129849137931034
1 0.45689655172413796 0.40705818965517243 0.4813218390804598 0.4436961206896552
1 0.5723778735632183 0.49299568965517243 0.5881824712643678 0.5266702586206896
1 0.4437859195402299 0.421875 0.45563936781609193 0.44450431034482757
1 0.5730962643678161 0.5425646551724138 0.5901580459770115 0.576239224137931
1 0.5519037356321839 0.5514547413793104 0.5743534482758621 0.584051724137931
1 0.4780890804597701 0.4515086206896552 0.5050287356321839 0.48626077586206895
1 0.49191810344827586 0.4385775862068966 0.5129310344827587 0.4792564655172414
1 0.563757183908046 0.5773168103448276 0.5795617816091954 0.6128771551724138
1 0.45438218390804597 0.44854525862068967 0.47539511494252873 0.48114224137931033
1 0.5210129310344828 0.6891163793103449 0.5373563218390804 0.7306034482758621
1 0.44504310344827586 0.4525862068965517 0.46228448275862066 0.4832974137931034
1 0.5050287356321839 0.6891163793103449 0.5289152298850575 0.7335668103448276
1 0.46479885057471265 0.7405711206896551 0.48204022988505746 0.7680495689655172
1 0.32632902298850575 0.5385237068965517 0.3541666666666667 0.5940193965517241
1 0.42726293103448276 0.5999461206896551 0.4516882183908046 0.646551724137931
1 0.3423132183908046 0.6276939655172413 0.36332614942528735 0.6751077586206896
1 0.35542385057471265 0.578125 0.3818247126436782 0.6236530172413793
1 0.2598778735632184 0.724676724137931 0.28412356321839083 0.7750538793103449
1 0.29076867816091956 0.48033405172413796 0.3144755747126437 0.5366379310344828
1 0.2122844827586207 0.6306573275862069 0.23545258620689655 0.6691810344827587
1 0.32004310344827586 0.7295258620689655 0.3417744252873563 0.7766702586206896
1 0.21497844827586207 0.578125 0.2406609195402299 0.6196120689655172
1 0.16756465517241378 0.5792025862068966 0.1932471264367816 0.6128771551724138
1 0.29364224137931033 0.7373383620689655 0.31429597701149425 0.7801724137931034
1 0.17941810344827586 0.5525323275862069 0.20043103448275862 0.5940193965517241
1 0.2828663793103448 0.6839978448275862 0.30064655172413796 0.7287176724137931
1 0.20114942528735633 0.3806573275862069 0.22431752873563218 0.4234913793103448
1 0.44773706896551724 0.5167025862068966 0.46749281609195403 0.5514547413793104
1 0.4728807471264368 0.5010775862068966 0.49263649425287354 0.5444504310344828
1 0.4637212643678161 0.5428340517241379 0.4836566091954023 0.5848599137931034
1 0.5105962643678161 0.5546875 0.5269396551724138 0.5835129310344828
1 0.5301724137931034 0.5988685344827587 0.5538793103448276 0.6317349137931034
1 0.5538793103448276 0.6039870689655172 0.5730962643678161 0.6435883620689655
1 0.5809985632183908 0.5899784482758621 0.6126077586206896 0.6236530172413793
1 0.5973419540229885 0.6217672413793104 0.617816091954023 0.6681034482758621
1 0.6217672413793104 0.6188038793103449 0.6469109195402298 0.6443965517241379
1 0.6113505747126436 0.6414331896551724 0.6311063218390804 0.6780711206896551
1 0.5763290229885057 0.6196120689655172 0.5968031609195402 0.6613685344827587
1 0.5380747126436781 0.6355064655172413 0.563757183908046 0.6573275862068966
1 0.561242816091954 0.6384698275862069 0.5775862068965517 0.6662176724137931
1 0.5592672413793104 0.6495150862068966 0.5770474137931034 0.6861530172413793
1 0.6158405172413793 0.6772629310344828 0.6343390804597702 0.7276400862068966
