0 0.8732313023390125 0.5177983846844152 0.04331504475887958 0.03798982949446605
0 0.5925498123014727 0.4062219563266527 0.0412936760034652 0.04367334729285073
0 0.3823274617383771 0.2710140592282381 0.04331504475887958 0.04486987735566856
0 0.11897198960438926 0.03769069697876159 0.04793531619982674 0.05264732276398445
0 0.28876696505919724 0.6383487885133114 0.04678024833958995 0.055937780436733475
0 0.607565694484551 0.9694884833981454 0.03753970545769564 0.048459467544122045
0 0.5795552988738089 0.8982949446604845 0.03782847242275484 0.04606640741848639
0 0.8039272307248051 0.6248878253066108 0.034652035807103666 0.03380197427460365
0 0.922321686399076 0.7361651211486688 0.041582442968524404 0.039784624588692794
0 0.5948599480219463 0.6356565958719713 0.04273751082876119 0.04576727490278193
0 0.9067282702858793 0.6957822315285671 0.04620271440947156 0.039784624588692794
0 0.559341611319665 0.8606042476817231 0.033208200981807684 0.03529763685312594
0 0.42246606988160557 0.4376308704756207 0.04678024833958995 0.03499850433742148
0 0.4068726537684089 0.21567454382291354 0.04331504475887958 0.04486987735566856
0 0.3112907883338146 0.6847143284475022 0.04042737510828761 0.04427161232425965
0 0.1146404851285013 0.4244690397846246 0.03234190008663009 0.03769069697876159
0 0.1865434594282414 0.7983846844151959 0.044470112619116375 0.05115166018546216
0 0.5189142362113774 0.8902183667364643 0.038694773317932425 0.047562069997008675
0 0.7424198671671961 0.5360454681423871 0.03349696794686688 0.030212384086150165
0 0.5399942246606988 0.7343703260544421 0.038117239387814035 0.04367334729285073
0 0.6809125036095871 0.7777445408315884 0.042448743863701996 0.039485492072988335
0 0.3141784579844066 0.49297038588094527 0.04678024833958995 0.04995513012264433
0 0.8651458273173549 0.6003589590188454 0.03984984117816922 0.04157941968291953
0 0.6381749927808259 0.7086449297038588 0.03349696794686688 0.039186359557283876
0 0.5729136586774473 0.6960813640442716 0.04418134565405717 0.048758600059826504
0 0.4885937048801617 0.585103200717918 0.029742997401097315 0.03499850433742148
0 0.6222928097025701 0.8357762488782531 0.028876696505919723 0.03619503440023931
0 0.8293387236500145 0.5794196829195334 0.033208200981807684 0.03798982949446605
0 0.6451053999422466 0.6042476817230032 0.03551833670228126 0.027819323960514508
0 0.44556742708634134 0.651809751720012 0.04764654923476754 0.05384385282680227
0 0.3034940802772163 0.4475022434938678 0.03898354028299163 0.04905773257553096
0 0.705746462604678 0.8073586598863296 0.029742997401097315 0.03529763685312594
0 0.771585330638175 0.5958719712832785 0.033785734911926074 0.03529763685312594
0 0.8758302050245452 0.5563864792102902 0.0412936760034652 0.04397247980855519
0 0.32803927230724805 0.358659886329644 0.04331504475887958 0.05025426263834879
0 0.8746751371643084 0.6401435836075381 0.03753970545769564 0.03709243194735268
0 0.5882183078255847 0.8366736464253665 0.036673404562518046 0.039485492072988335
0 0.9517759168351141 0.6990726892013162 0.030898065261334103 0.03320370924319473
0 0.23505630955818654 0.5916841160634161 0.038117239387814035 0.04337421477714628
0 0.253248628356916 0.5477116362548609 0.04735778226970835 0.04606640741848639
0 0.6630089517759168 0.8190248279988035 0.040138608143228414 0.049655997606939874
0 0.3742419867167196 0.5698474424169907 0.03898354028299163 0.049356865091235415
0 0.48426220040427376 0.4896799282081962 0.03984984117816922 0.03559676936883039
0 0.7938203869477332 0.5599760693987437 0.0412936760034652 0.04068202213580616
0 0.4698238521513139 0.5210888423571642 0.03234190008663009 0.031109781633263535
0 0.21022235056309557 0.5677535148070595 0.04042737510828761 0.04098115465151062
0 0.6924631822119549 0.4579718815435238 0.04418134565405717 0.03649416691594376
0 0.13831937626335547 0.10828597068501346 0.047069015304649145 0.057433443015255756
0 0.5301761478486862 0.6703559676936883 0.03984984117816922 0.047861202512713134
0 0.5501010684377707 0.9063715225845049 0.034074501876985276 0.04516900987137302
0 0.6220040427375109 0.6703559676936883 0.03291943401674848 0.040382889620101704
0 0.7611897198960439 0.7600957224050254 0.042448743863701996 0.04576727490278193
0 0.635287323130234 0.37720610230332036 0.0412936760034652 0.0424768172300329
0 0.547502165752238 0.39006880047861203 0.0412936760034652 0.04337421477714628
0 0.5703147559919145 0.46305713431049955 0.03551833670228126 0.03798982949446605
0 0.7938203869477332 0.6607837271911456 0.03984984117816922 0.039784624588692794
0 0.6485706035229569 0.5764283577624888 0.04042737510828761 0.04068202213580616
0 0.6838001732601791 0.5949745737361651 0.03956107421311002 0.04307508226144182
0 0.8417557031475599 0.7161232425964702 0.042448743863701996 0.04337421477714628
0 0.628068149003754 0.4543822913550703 0.038117239387814035 0.03529763685312594
0 0.7536817788045047 0.5593778043673348 0.036095870632399656 0.03589590188453485
0 0.6474155356627201 0.491474723302423 0.03840600635287323 0.049356865091235415
0 0.8758302050245452 0.7385581812743045 0.034074501876985276 0.040382889620101704
0 0.16257580132832805 0.39395752318276994 0.03898354028299163 0.03679329943164822
0 0.6098758302050246 0.5510020939276099 0.03782847242275484 0.03798982949446605
0 0.6927519491770141 0.5013460963206701 0.04793531619982674 0.04546814238707748
0 0.36904418134565403 0.519593179778642 0.0418712099335836 0.04696380496559976
0 0.5859081721051111 0.934489979060724 0.035807103667340454 0.03320370924319473
0 0.8406006352873231 0.6284774154950643 0.036095870632399656 0.03798982949446605
0 0.49639041293676006 0.44481005085252767 0.03522956973722206 0.03798982949446605
0 0.395321975166041 0.46096320670056834 0.04389257868899798 0.046664672449895306
0 0.3554721339878718 0.45468142387077476 0.04331504475887958 0.048459467544122045
0 0.9090384060063529 0.6565958719712833 0.040138608143228414 0.03649416691594376
0 0.5310424487438637 0.9347891115764284 0.034652035807103666 0.037391564463057136
0 0.1998267398209645 0.39814537840263237 0.036673404562518046 0.04157941968291953
0 0.6606988160554432 0.7412503739156446 0.03551833670228126 0.03529763685312594
0 0.7660987583020502 0.5076278791504637 0.03522956973722206 0.03081064911755908
0 0.4594282414091828 0.554292551600359 0.049956684955241124 0.04068202213580616
0 0.5218019058619694 0.818725695483099 0.03696217152757725 0.04217768471432845
0 0.8665896621426509 0.679329943164822 0.03638463759745885 0.040382889620101704
0 0.6875541438059486 0.5501046963804965 0.0412936760034652 0.04217768471432845
0 0.6511695062084898 0.5345498055638648 0.042448743863701996 0.040382889620101704
0 0.22177302916546346 0.09901286269817529 0.05024545192030032 0.049356865091235415
0 0.5160265665607855 0.4280586299730781 0.04042737510828761 0.03888722704157942
0 0.6650303205313313 0.6413401136703559 0.0412936760034652 0.046664672449895306
0 0.4215997689864279 0.6189051749925217 0.03725093849263644 0.039784624588692794
0 0.41553566272018483 0.2931498653903679 0.04331504475887958 0.04397247980855519
0 0.5714698238521513 0.7813341310200419 0.03696217152757725 0.04367334729285073
0 0.37106555010106845 0.3191743942566557 0.03522956973722206 0.03888722704157942
0 0.6159399364712677 0.7463356266826204 0.03638463759745885 0.03888722704157942
0 0.6098758302050246 0.5895901884534849 0.03551833670228126 0.038588094525874965
0 0.49783424776205604 0.7289859407717619 0.036095870632399656 0.03320370924319473
0 0.5119838290499567 0.5474125037391564 0.04042737510828761 0.039186359557283876
0 0.6309558186543459 0.4172898594077176 0.03436326884204447 0.03440023930601256
0 0.18047935316199826 0.11037989829494466 0.04389257868899798 0.05354472031109782
0 0.03984984117816922 0.25067304816033503 0.05399942246606988 0.05115166018546216
0 0.8339589950909616 0.5207897098414598 0.03263066705168929 0.04068202213580616
0 0.1357204735778227 0.30840562369129526 0.03840600635287323 0.03529763685312594
0 0.8212532486283569 0.49925216871073885 0.034652035807103666 0.04397247980855519
0 0.07796708056598325 0.36823212683218665 0.04331504475887958 0.04277594974573736
0 0.9783424776205603 0.7158241100807657 0.04533641351429397 0.03051151660185462
0 0.12936760034652037 0.373018247083458 0.02714409471556454 0.04397247980855519
0 0.9532197516604101 0.7505234819024827 0.033785734911926074 0.04068202213580616
0 0.39330060641062664 0.32814836972778944 0.029742997401097315 0.039485492072988335
0 0.816921744152469 0.7953933592581514 0.02598902685532775 0.038588094525874965
0 0.8328039272307248 0.7553096021537541 0.03696217152757725 0.03290457672749028
0 0.4825295986139186 0.41699072689201316 0.038117239387814035 0.028417588991923422
0 0.7640773895466358 0.6206999700867484 0.03522956973722206 0.038588094525874965
0 0.6653190874963905 0.4280586299730781 0.0412936760034652 0.05055339515405324
0 0.7975743574935027 0.5291654202811845 0.031764366156511695 0.023930601256356567
0 0.6029454230436038 0.4543822913550703 0.026566560785446145 0.03709243194735268
0 0.7158533063817499 0.5827101405922824 0.019058619693907018 0.03709243194735268
0 0.5671383193762634 0.4361352078970984 0.04880161709500433 0.032007179180376905
0 0.5466358648570604 0.46604845946754414 0.03898354028299163 0.04068202213580616
0 0.7253826162287035 0.5596769368830392 0.025411492925209354 0.03709243194735268
0 0.5154490326306671 0.4747233024229734 0.01876985272884782 0.024827998803469937
0 0.7274039849841178 0.6147173197726593 0.02714409471556454 0.03709243194735268
0 0.6976609875830205 0.6239904277594974 0.036095870632399656 0.03589590188453485
0 0.58273173548946 0.5142087944959617 0.043026277793820386 0.038288962010170506
0 0.6000577533930118 0.5031408914148968 0.033785734911926074 0.04486987735566856
0 0.711521801905862 0.6545019443613521 0.02512272596015016 0.039186359557283876
0 0.5397054576956396 0.5097218067603948 0.033785734911926074 0.03589590188453485
0 0.6430840311868322 0.7819323960514508 0.02598902685532775 0.04606640741848639
0 0.5218019058619694 0.5133113969488483 0.027432861680623737 0.03380197427460365
0 0.6234478775628068 0.7834280586299731 0.03840600635287323 0.049356865091235415
0 0.5535662720184811 0.8312892611426862 0.027432861680623737 0.03051151660185462
0 0.3393011839445567 0.6224947651809751 0.04475887958417557 0.0613221657194137
0 0.4989893156222928 0.6856117259946156 0.03898354028299163 0.05174992521687107
0 0.35951487149870054 0.7170206401435836 0.033785734911926074 0.05264732276398445
0 0.38492636442390993 0.6607837271911456 0.042448743863701996 0.05055339515405324
0 0.2295697372220618 0.8262040083757104 0.03898354028299163 0.055937780436733475
0 0.2789488882471845 0.5581812743045169 0.038117239387814035 0.06221956326652707
0 0.15218019058619695 0.7152258450493568 0.03696217152757725 0.04277594974573736
0 0.32428530176147846 0.8297935985641639 0.034652035807103666 0.05204905773257553
0 0.15853306381749926 0.6586897995812144 0.0412936760034652 0.04606640741848639
0 0.08229858504187121 0.6553993419084655 0.0412936760034652 0.03709243194735268
0 0.2809702570025989 0.8360753813939575 0.033208200981807684 0.04726293748130422
0 0.09760323419000866 0.6302722105892911 0.033785734911926074 0.04606640741848639
0 0.2613341033785735 0.7780436733472929 0.028587929540860525 0.049655997606939874
0 0.1342766387525267 0.44002393060125633 0.03696217152757725 0.04726293748130422
0 0.5281547790932717 0.5865988632964403 0.031764366156511695 0.038588094525874965
0 0.5685821542015593 0.5740352976368531 0.0314755991914525 0.047861202512713134
0 0.5538550389835403 0.6198025725396351 0.03205313312157089 0.046664672449895306
0 0.6263355472133988 0.6254860903380197 0.02598902685532775 0.032007179180376905
0 0.6638752526710944 0.6769368830391863 0.038117239387814035 0.03619503440023931
0 0.6982385215131389 0.6862099910260245 0.030898065261334103 0.04397247980855519
0 0.7519491770141495 0.6673646425366437 0.050534218885359514 0.03709243194735268
0 0.7692751949177015 0.7098414597666767 0.03263066705168929 0.05115166018546216
0 0.8123014727115218 0.6948848339814537 0.040138608143228414 0.028118456476218964
0 0.7912214842622004 0.7259946156147173 0.031764366156511695 0.04068202213580616
0 0.7354894600057753 0.7047562069997009 0.03263066705168929 0.04636553993419085
0 0.678024833958995 0.711337122345199 0.0412936760034652 0.024229733772061023
0 0.7077678313600924 0.717918037690697 0.02598902685532775 0.03081064911755908
0 0.705746462604678 0.7352677236015555 0.02829916257580133 0.04068202213580616
0 0.7972855905284435 0.773556685611726 0.029742997401097315 0.055937780436733475