0 0.4393631436314363 0.2608053195419283 0.05420054200542006 0.05430365718507573
0 0.04437669376693767 0.2811230144070927 0.061653116531165314 0.05541189508681197
0 0.43360433604336046 0.6627262652382712 0.05386178861788618 0.06686368673808644
0 0.5741869918699187 0.3295160694495752 0.04505420054200542 0.05688954562246029
0 0.540650406504065 0.5338012560029552 0.03726287262872629 0.05688954562246029
0 0.4054878048780488 0.226819357222017 0.04573170731707317 0.05652013298854821
0 0.9115853658536586 0.2936830439601034 0.059959349593495935 0.05097894347986701
0 0.7811653116531165 0.36313261913557443 0.04742547425474255 0.05504248245289989
0 0.9332655826558266 0.40155153306243074 0.04607046070460705 0.04950129294421869
0 0.4488482384823848 0.421499815293683 0.05013550135501355 0.05097894347986701
0 0.8357046070460704 0.18950868119689693 0.04742547425474255 0.05541189508681197
0 0.6598915989159891 0.19874399704469892 0.04403794037940379 0.04913188031030661
0 0.37737127371273715 0.2796453638714444 0.05250677506775068 0.04839305504248245
0 0.7523712737127372 0.1994828223125231 0.0494579945799458 0.05060953084595493
0 0.5291327913279132 0.6121167343923162 0.05555555555555555 0.04543775397118582
0 0.7767615176151762 0.46361285555966014 0.04742547425474255 0.05024011821204285
0 0.5816395663956639 0.26339120797931287 0.04403794037940379 0.04839305504248245
0 0.7835365853658537 0.6594015515330625 0.047764227642276426 0.05910602142593277
0 0.16124661246612465 0.24048762467676393 0.05555555555555555 0.05578130772072405
0 0.5792682926829268 0.3852973771702992 0.0508130081300813 0.05024011821204285
0 0.7713414634146342 0.708533431843369 0.03895663956639566 0.047654229774658295
0 0.872289972899729 0.11008496490579978 0.05013550135501355 0.061691909863317324
0 0.8360433604336044 0.7155522718876985 0.04403794037940379 0.04950129294421869
0 0.7181571815718157 0.2722571111932028 0.04031165311653116 0.04359069080162541
0 0.4136178861788618 0.596970816401921 0.05386178861788618 0.06243073513114149
0 0.8299457994579946 0.6671592168452161 0.039634146341463415 0.05097894347986701
0 0.1480352303523035 0.4750646472109346 0.05250677506775068 0.05652013298854821
0 0.27676151761517614 0.5659401551533062 0.05724932249322493 0.06501662356852604
0 0.7157859078590786 0.166605097894348 0.04911924119241192 0.05430365718507573
0 0.10399728997289973 0.29922423346878463 0.05521680216802168 0.05615072035463613
0 0.07046070460704607 0.43073513114148504 0.04336043360433604 0.04322127816771334
0 0.4834010840108401 0.3601773180642778 0.042682926829268296 0.05504248245289989
0 0.6521002710027101 0.034355374953823424 0.042682926829268296 0.045068341337273735
0 0.21138211382113822 0.30144070927225713 0.05758807588075881 0.058367196158108606
0 0.7567750677506775 0.5153306243073513 0.0521680216802168 0.05393424455116365
0 0.279810298102981 0.7048393055042482 0.036585365853658534 0.05430365718507573
0 0.4569783197831978 0.3165866272626524 0.041666666666666664 0.05134835611377909
0 0.39363143631436315 0.37384558551902475 0.04539295392953929 0.05171776874769117
0 0.2638888888888889 0.28629479128186186 0.046747967479674794 0.05282600664942741
0 0.9623983739837398 0.20059106021425932 0.051829268292682924 0.05430365718507573
0 0.5945121951219512 0.444403398596232 0.046409214092140924 0.05504248245289989
0 0.5752032520325203 0.4916882157369782 0.0521680216802168 0.05171776874769117
0 0.5782520325203252 0.5489471739933506 0.056571815718157184 0.06021425932766901
0 0.23678861788617886 0.7015145917990395 0.0521680216802168 0.05430365718507573
0 0.7693089430894309 0.5847801994828223 0.04844173441734417 0.05024011821204285
0 0.3475609756097561 0.1828592537864795 0.046747967479674794 0.0365718507572959
0 0.6409214092140921 0.3949021056520133 0.0521680216802168 0.05245659401551533
0 0.8252032520325203 0.44514222386405616 0.051829268292682924 0.04691540450683413
0 0.3489159891598916 0.34244551163649795 0.058265582655826556 0.05430365718507573
0 0.3871951219512195 0.652382711488733 0.04911924119241192 0.06316956039896564
0 0.46680216802168023 0.5718507572958995 0.06097560975609756 0.05873660879202069
0 0.6700542005420054 0.2689323974879941 0.041666666666666664 0.04469892870336165
0 0.6565040650406504 0.3199113409678611 0.0521680216802168 0.05799778352419653
0 0.6266937669376694 0.4732175840413742 0.04403794037940379 0.05430365718507573
0 0.17107046070460705 0.4185445142223864 0.04911924119241192 0.05134835611377909
0 0.6165311653116531 0.28740302918359806 0.039634146341463415 0.04802364240857037
0 0.5067750677506775 0.3838197266346509 0.04065040650406504 0.04359069080162541
0 0.49017615176151763 0.287033616549686 0.049796747967479675 0.05393424455116365
0 0.7889566395663956 0.17251570003694125 0.049796747967479675 0.05541189508681197
0 0.8800813008130082 0.6845216106390839 0.04403794037940379 0.06021425932766901
0 0.0989159891598916 0.33173254525304763 0.0674119241192412 0.05504248245289989
0 0.18326558265582657 0.49612116734392314 0.046409214092140924 0.05319541928333949
0 0.6771680216802168 0.615810860731437 0.053184281842818426 0.0639083856667898
0 0.5718157181571816 0.22016992981159955 0.04573170731707317 0.04913188031030661
0 0.3712737127371274 0.8204654599187292 0.04505420054200542 0.060583671961581084
0 0.28319783197831977 0.41189508681196896 0.056571815718157184 0.06353897303287773
0 0.8279132791327913 0.2342076099002586 0.04403794037940379 0.0421130402659771
0 0.7035907859078591 0.5626154414480975 0.04844173441734417 0.05319541928333949
0 0.17920054200542004 0.7077946065755449 0.054878048780487805 0.058367196158108606
0 0.6612466124661247 0.07794606575544884 0.044715447154471545 0.04839305504248245
0 0.34315718157181574 0.6291097155522719 0.051829268292682924 0.05504248245289989
0 0.2588075880758808 0.5012929442186923 0.05555555555555555 0.05615072035463613
0 0.09823848238482384 0.5563354266715922 0.046409214092140924 0.04950129294421869
0 0.1978319783197832 0.6139637975618766 0.044715447154471545 0.05356483191725157
0 0.7086720867208672 0.3276690062800148 0.054878048780487805 0.05873660879202069
0 0.21239837398373984 0.5393424455116365 0.06266937669376693 0.057258958256372366
0 0.6263550135501355 0.08348725526413003 0.0508130081300813 0.05282600664942741
0 0.4766260162601626 0.47247875877355006 0.05115176151761518 0.060953084595493166
0 0.5342140921409214 0.30291835980790544 0.0494579945799458 0.05060953084595493
0 0.42208672086720866 0.4883635020317695 0.03861788617886179 0.04100480236424086
0 0.3685636856368564 0.22238640561507203 0.04369918699186992 0.05541189508681197
0 0.782520325203252 0.12966383450314 0.04505420054200542 0.042851865533801256
0 0.33604336043360433 0.2578500184706317 0.03997289972899729 0.048762467676394534
0 0.7439024390243902 0.14037680088659032 0.04607046070460705 0.06280014776505356
0 0.3106368563685637 0.287033616549686 0.054878048780487805 0.04913188031030661
0 0.6883468834688347 0.13631326191355744 0.04065040650406504 0.05430365718507573
0 0.2774390243902439 0.3350572589582564 0.04234417344173442 0.046176579239009974
0 0.8292682926829268 0.13298854820834874 0.041666666666666664 0.06280014776505356
0 0.8838075880758808 0.1643886220908755 0.05623306233062331 0.041374214998152935
0 0.22933604336043362 0.360916143332102 0.046409214092140924 0.040265977096416695
0 0.1002710027100271 0.38640561507203547 0.04708672086720867 0.042851865533801256
0 0.9254742547425474 0.20317694865164387 0.04031165311653116 0.04543775397118582
0 0.880420054200542 0.20059106021425932 0.051490514905149054 0.033247137052087185
0 0.125 0.2504617657923901 0.04505420054200542 0.06871074990764685
0 0.8766937669376694 0.22903583302548947 0.04369918699186992 0.030661248614702624
0 0.14329268292682926 0.34244551163649795 0.042682926829268296 0.03952715182859254
0 0.7842140921409214 0.24565940155153307 0.041666666666666664 0.07055781307720724
0 0.43191056910569103 0.3269301810121906 0.029132791327913278 0.048762467676394534
0 0.6521002710027101 0.14702622829700776 0.03353658536585366 0.046545991872922056
0 0.38550135501355015 0.3091983745844108 0.03421409214092141 0.021425932766900628
0 0.6236449864498645 0.1643886220908755 0.04607046070460705 0.046545991872922056
0 0.6294037940379403 0.12486147026228298 0.05115176151761518 0.027705947543405985
0 0.5985772357723578 0.13077207240487626 0.02100271002710027 0.042851865533801256
0 0.6144986449864499 0.20059106021425932 0.04336043360433604 0.04063538973032878
0 0.7276422764227642 0.2253417066863687 0.04437669376693767 0.03804950129294422
0 0.7039295392953929 0.3627632065016624 0.046409214092140924 0.030661248614702624
0 0.7510162601626016 0.31510897672700405 0.04234417344173442 0.06132249722940525
0 0.6836043360433605 0.37236793498337645 0.03048780487804878 0.05688954562246029
0 0.8187669376693767 0.3176948651643886 0.04742547425474255 0.06316956039896564
0 0.7303523035230353 0.46545991872922055 0.042682926829268296 0.05171776874769117
0 0.8689024390243902 0.31843369043221276 0.05250677506775068 0.05504248245289989
0 0.6920731707317073 0.4588104913188031 0.037601626016260166 0.05393424455116365
0 0.7100271002710027 0.4045068341337274 0.03861788617886179 0.05467306981898781
0 0.864159891598916 0.2693018101219062 0.04336043360433604 0.05245659401551533
0 0.6649728997289973 0.4436645733284078 0.036246612466124664 0.034355374953823424
0 0.9122628726287263 0.2523088289619505 0.052845528455284556 0.042851865533801256
0 0.45867208672086723 0.3716291097155523 0.036585365853658534 0.05578130772072405
0 0.3844850948509485 0.41558921315108976 0.036585365853658534 0.05873660879202069
0 0.3502710027100271 0.38271148873291466 0.04844173441734417 0.03620243812338382
0 0.31537940379403795 0.35315847801994826 0.03319783197831978 0.04469892870336165
0 0.42649051490514905 0.45031400073882527 0.05724932249322493 0.03952715182859254
0 0.709349593495935 0.5131141485038788 0.032859078590785906 0.05467306981898781
0 0.7974254742547425 0.504617657923901 0.037940379403794036 0.05060953084595493
0 0.8346883468834688 0.5260435906908016 0.04403794037940379 0.05060953084595493
0 0.8875338753387534 0.4148503878832656 0.04505420054200542 0.0731437015145918
0 0.8248644986449865 0.407462135205024 0.058265582655826556 0.042482452899889174
0 0.9247967479674797 0.4403398596231991 0.029471544715447155 0.03804950129294422
0 0.8743224932249323 0.46545991872922055 0.02540650406504065 0.04359069080162541
0 0.8478997289972899 0.3542667159216845 0.031504065040650404 0.03213889915035094
0 0.907520325203252 0.33173254525304763 0.03929539295392954 0.034355374953823424
0 0.5115176151761518 0.49833764314739565 0.03218157181571816 0.05393424455116365
0 0.5389566395663956 0.4130033247137052 0.03048780487804878 0.033247137052087185
0 0.5335365853658537 0.3398596231991134 0.03929539295392954 0.034355374953823424
0 0.6148373983739838 0.34244551163649795 0.029471544715447155 0.05430365718507573
0 0.6392276422764228 0.25341706686368676 0.03184281842818428 0.03583302548947174
0 0.7544037940379403 0.6383450314000739 0.04200542005420054 0.04469892870336165
0 0.7374661246612466 0.6139637975618766 0.03387533875338753 0.05171776874769117
0 0.7178184281842819 0.6424085703731067 0.032859078590785906 0.039157739194680456
0 0.8594173441734417 0.6169190986331733 0.052845528455284556 0.05282600664942741
0 0.6761517615176151 0.5075729589951976 0.031504065040650404 0.03768008865903214
0 0.6659891598915989 0.5153306243073513 0.03489159891598916 0.05282600664942741
0 0.6283875338753387 0.51865533801256 0.03827913279132791 0.041374214998152935
0 0.6504065040650406 0.5533801256002955 0.03929539295392954 0.04839305504248245
0 0.4627371273712737 0.5049870705578131 0.03692411924119241 0.04100480236424086
0 0.4928861788617886 0.41004802364240855 0.031504065040650404 0.03694126339120798
0 0.1348238482384824 0.5145917990395271 0.054878048780487805 0.03768008865903214
0 0.16158536585365854 0.6209826376062061 0.031504065040650404 0.05393424455116365
0 0.24491869918699186 0.6468415219800517 0.05250677506775068 0.05762837089028445
0 0.23915989159891599 0.5917990395271518 0.028794037940379404 0.04432951606944958
0 0.42242547425474253 0.7628370890284448 0.05047425474254742 0.048762467676394534
0 0.38651761517615174 0.7665312153675655 0.04742547425474255 0.04691540450683413
0 0.2703252032520325 0.7539711858145549 0.041666666666666664 0.04543775397118582
0 0.2625338753387534 0.796084226080532 0.04403794037940379 0.0384189139268563
0 0.3333333333333333 0.8503878832656077 0.042682926829268296 0.05504248245289989
0 0.35196476964769646 0.9235315847801995 0.041666666666666664 0.03509420022164758
0 0.3821138211382114 0.9770964166974511 0.05420054200542006 0.045068341337273735
0 0.43733062330623307 0.828592537864795 0.051829268292682924 0.04913188031030661
0 0.4715447154471545 0.8640561507203547 0.04505420054200542 0.047654229774658295
0 0.6646341463414634 0.8718138160325083 0.025067750677506776 0.05171776874769117
0 0.41395663956639567 0.9224233468784633 0.04065040650406504 0.05171776874769117
0 0.481029810298103 0.9161433321019579 0.017276422764227643 0.05688954562246029
0 0.5436991869918699 0.43960103435537495 0.041666666666666664 0.04432951606944958
0 0.33739837398373984 0.5049870705578131 0.03556910569105691 0.04913188031030661
0 0.6165311653116531 0.24233468784632434 0.028455284552845527 0.0347247875877355
0 0.7997967479674797 0.7018840044329516 0.03726287262872629 0.030291835980790542
0 0.676829268292683 0.6516438862209087 0.036246612466124664 0.022903583302548946