0 0.8264604810996563 0.15744315744315746 0.04725085910652921 0.04804804804804805
0 0.48195876288659795 0.38223938223938225 0.05369415807560137 0.05276705276705277
0 0.36898625429553267 0.25396825396825395 0.04939862542955326 0.04676104676104676
0 0.2603092783505155 0.19776919776919777 0.045103092783505154 0.04418704418704419
0 0.8689862542955327 0.1788931788931789 0.044673539518900345 0.04633204633204633
0 0.16194158075601375 0.45087945087945086 0.0390893470790378 0.04032604032604033
0 0.720360824742268 0.6177606177606177 0.041666666666666664 0.05491205491205491
0 0.5528350515463918 0.4551694551694552 0.058848797250859106 0.053625053625053626
0 0.16967353951890035 0.145002145002145 0.05240549828178694 0.049764049764049766
0 0.4884020618556701 0.24453024453024452 0.041237113402061855 0.04719004719004719
0 0.8676975945017182 0.29515229515229513 0.05283505154639175 0.04847704847704848
0 0.5880584192439863 0.17417417417417416 0.0429553264604811 0.042042042042042045
0 0.40893470790378006 0.28485628485628484 0.044243986254295535 0.0489060489060489
0 0.24785223367697595 0.5491205491205491 0.054982817869415807 0.05062205062205062
0 0.5184707903780069 0.5019305019305019 0.06013745704467354 0.05190905190905191
0 0.25859106529209624 0.3123123123123123 0.05154639175257732 0.05963105963105963
0 0.9153780068728522 0.16087516087516088 0.05756013745704467 0.04461604461604462
0 0.6310137457044673 0.19433719433719435 0.04338487972508591 0.039468039468039465
0 0.3556701030927835 0.4972114972114972 0.04553264604810996 0.04847704847704848
0 0.3805841924398625 0.12312312312312312 0.04252577319587629 0.0561990561990562
0 0.7104810996563574 0.06006006006006006 0.041237113402061855 0.049335049335049334
0 0.4428694158075601 0.15915915915915915 0.04553264604810996 0.05105105105105105
0 0.36683848797250856 0.18575718575718575 0.054982817869415807 0.055341055341055344
0 0.2190721649484536 0.26083226083226085 0.03865979381443299 0.03818103818103818
0 0.46606529209621994 0.5139425139425139 0.04725085910652921 0.05105105105105105
0 0.1052405498281787 0.15572715572715573 0.04381443298969072 0.06263406263406264
0 0.8685567010309279 0.12827112827112827 0.044673539518900345 0.05105105105105105
0 0.38402061855670105 0.625053625053625 0.03049828178694158 0.055341055341055344
0 0.46606529209621994 0.3311883311883312 0.041237113402061855 0.04032604032604033
0 0.1640893470790378 0.6113256113256114 0.048109965635738834 0.05062205062205062
0 0.6619415807560137 0.42814242814242814 0.04596219931271478 0.04075504075504076
0 0.5996563573883161 0.2145002145002145 0.04338487972508591 0.04418704418704419
0 0.5657216494845361 0.4126984126984127 0.041666666666666664 0.04633204633204633
0 0.8737113402061856 0.24924924924924924 0.03994845360824742 0.04461604461604462
0 0.12800687285223367 0.477048477048477 0.048109965635738834 0.045903045903045905
0 0.7448453608247423 0.4525954525954526 0.05283505154639175 0.05062205062205062
0 0.6370274914089347 0.2385242385242385 0.03865979381443299 0.042042042042042045
0 0.6430412371134021 0.3341913341913342 0.05584192439862543 0.04804804804804805
0 0.7444158075601375 0.23809523809523808 0.041666666666666664 0.041613041613041614
0 0.42998281786941583 0.5401115401115401 0.05197594501718213 0.057057057057057055
0 0.5906357388316151 0.3161733161733162 0.04896907216494845 0.04332904332904333
0 0.32560137457044674 0.2054912054912055 0.04768041237113402 0.04804804804804805
0 0.6434707903780069 0.5285285285285285 0.05025773195876289 0.05276705276705277
0 0.7018900343642611 0.22737022737022736 0.04553264604810996 0.04032604032604033
0 0.8032646048109966 0.22393822393822393 0.054982817869415807 0.06006006006006006
0 0.5996563573883161 0.36765336765336765 0.05197594501718213 0.05062205062205062
0 0.915807560137457 0.1123981123981124 0.04725085910652921 0.05019305019305019
0 0.4733676975945017 0.46589446589446587 0.05584192439862543 0.05019305019305019
0 0.2534364261168385 0.3835263835263835 0.05154639175257732 0.05062205062205062
0 0.5609965635738832 0.2398112398112398 0.04381443298969072 0.04633204633204633
0 0.41451890034364264 0.4826254826254826 0.044243986254295535 0.053196053196053195
0 0.6761168384879725 0.48090948090948094 0.04939862542955326 0.05791505791505792
0 0.4054982817869416 0.15057915057915058 0.04381443298969072 0.05276705276705277
0 0.04725085910652921 0.42042042042042044 0.05240549828178694 0.04418704418704419
0 0.9119415807560137 0.280995280995281 0.054553264604811 0.04461604461604462
0 0.26417525773195877 0.444015444015444 0.05798969072164949 0.06006006006006006
0 0.7474226804123711 0.5817245817245817 0.04596219931271478 0.049764049764049766
0 0.3324742268041237 0.6761046761046761 0.04209621993127148 0.045903045903045905
0 0.4733676975945017 0.19176319176319176 0.0506872852233677 0.05190905190905191
0 0.7233676975945017 0.40797940797940796 0.04381443298969072 0.04719004719004719
0 0.29853951890034364 0.3303303303303303 0.045103092783505154 0.05062205062205062
0 0.055412371134020616 0.30201630201630203 0.041666666666666664 0.039897039897039896
0 0.20575601374570446 0.41012441012441014 0.058419243986254296 0.05062205062205062
0 0.19888316151202748 0.4723294723294723 0.045103092783505154 0.04847704847704848
0 0.6653780068728522 0.059202059202059204 0.04939862542955326 0.05233805233805234
0 0.8492268041237113 0.20806520806520806 0.05240549828178694 0.05190905190905191
0 0.8019759450171822 0.47404547404547404 0.04553264604810996 0.05105105105105105
0 0.8088487972508591 0.40454740454740457 0.04381443298969072 0.045474045474045474
0 0.7873711340206185 0.17803517803517804 0.04596219931271478 0.04461604461604462
0 0.7938144329896907 0.5993135993135993 0.048539518900343644 0.053196053196053195
0 0.18986254295532645 0.5474045474045474 0.05197594501718213 0.049764049764049766
0 0.14304123711340205 0.38524238524238524 0.05584192439862543 0.05834405834405834
0 0.3801546391752577 0.6889746889746889 0.048539518900343644 0.05276705276705277
0 0.21005154639175258 0.2042042042042042 0.054553264604811 0.05276705276705277
0 0.8371993127147767 0.6108966108966108 0.045103092783505154 0.05963105963105963
0 0.2667525773195876 0.24152724152724153 0.05025773195876289 0.045474045474045474
0 0.3913230240549828 0.3161733161733162 0.045103092783505154 0.04633204633204633
0 0.10781786941580757 0.3556413556413556 0.05154639175257732 0.049764049764049766
0 0.38402061855670105 0.5280995280995281 0.0506872852233677 0.053196053196053195
0 0.7740549828178694 0.4088374088374088 0.040807560137457045 0.041613041613041614
0 0.40893470790378006 0.2042042042042042 0.05713058419243986 0.04676104676104676
0 0.41451890034364264 0.5817245817245817 0.04639175257731959 0.05233805233805234
0 0.6589347079037801 0.132990132990133 0.03823024054982818 0.043758043758043756
0 0.759020618556701 0.14671814671814673 0.041666666666666664 0.04075504075504076
0 0.5378006872852233 0.3667953667953668 0.027491408934707903 0.03861003861003861
0 0.7800687285223368 0.12183612183612183 0.037371134020618556 0.05105105105105105
0 0.4020618556701031 0.4096954096954097 0.03951890034364261 0.04676104676104676
0 0.42955326460481097 0.3908193908193908 0.024054982817869417 0.03389103389103389
0 0.8260309278350515 0.11668811668811668 0.03865979381443299 0.032175032175032175
0 0.8939003436426117 0.3135993135993136 0.03479381443298969 0.02531102531102531
0 0.7319587628865979 0.11325611325611326 0.040378006872852236 0.037752037752037754
0 0.6258591065292096 0.10253110253110254 0.023625429553264604 0.03474903474903475
0 0.9102233676975945 0.25053625053625056 0.03608247422680412 0.03432003432003432
0 0.6572164948453608 0.0960960960960961 0.03565292096219931 0.024882024882024883
0 0.9304123711340206 0.24495924495924495 0.020189003436426118 0.036036036036036036
0 0.561426116838488 0.2084942084942085 0.04252577319587629 0.024024024024024024
0 0.6941580756013745 0.11883311883311884 0.027061855670103094 0.03732303732303732
0 0.45489690721649484 0.21063921063921065 0.05240549828178694 0.041613041613041614
0 0.625 0.14157014157014158 0.01761168384879725 0.027885027885027884
0 0.4072164948453608 0.22694122694122695 0.044673539518900345 0.02230802230802231
0 0.6421821305841925 0.16516516516516516 0.037800687285223365 0.032175032175032175
0 0.7014604810996563 0.16173316173316174 0.05025773195876289 0.03131703131703132
0 0.8758591065292096 0.41527241527241526 0.0313573883161512 0.02702702702702703
0 0.6701030927835051 0.20634920634920634 0.030927835051546393 0.036036036036036036
0 0.8423539518900344 0.4294294294294294 0.027491408934707903 0.04075504075504076
0 0.5940721649484536 0.2754182754182754 0.03608247422680412 0.049764049764049766
0 0.6284364261168385 0.28442728442728443 0.03221649484536082 0.0429000429000429
0 0.6765463917525774 0.2694122694122694 0.054553264604811 0.047619047619047616
0 0.7276632302405498 0.28914628914628915 0.041237113402061855 0.05062205062205062
0 0.7663230240549829 0.2775632775632776 0.03651202749140894 0.060918060918060915
0 0.822594501718213 0.29686829686829685 0.0352233676975945 0.049764049764049766
0 0.9106529209621993 0.19305019305019305 0.04209621993127148 0.02702702702702703
0 0.9312714776632303 0.20763620763620763 0.03178694158075601 0.03861003861003861
0 0.9639175257731959 0.21021021021021022 0.05154639175257732 0.04804804804804805
0 0.8986254295532646 0.21964821964821965 0.03608247422680412 0.03088803088803089
0 0.752147766323024 0.20034320034320036 0.0390893470790378 0.032175032175032175
0 0.5107388316151202 0.2852852852852853 0.037371134020618556 0.04332904332904333
0 0.48195876288659795 0.2912912912912913 0.036941580756013746 0.04719004719004719
0 0.46005154639175255 0.2488202488202488 0.029209621993127148 0.03818103818103818
0 0.5176116838487973 0.2205062205062205 0.044243986254295535 0.05105105105105105
0 0.4372852233676976 0.24967824967824967 0.020618556701030927 0.03818103818103818
0 0.3951890034364261 0.3607893607893608 0.024054982817869417 0.03903903903903904
0 0.43470790378006874 0.3539253539253539 0.048539518900343644 0.04247104247104247
0 0.5231958762886598 0.3127413127413127 0.0313573883161512 0.028314028314028315
0 0.5004295532646048 0.3299013299013299 0.0313573883161512 0.02531102531102531
0 0.6194158075601375 0.40497640497640497 0.04381443298969072 0.039468039468039465
0 0.6524914089347079 0.3770913770913771 0.03221649484536082 0.035607035607035604
0 0.6847079037800687 0.39296439296439295 0.040807560137457045 0.03903903903903904
0 0.709192439862543 0.3509223509223509 0.028350515463917526 0.04847704847704848
0 0.7134879725085911 0.30930930930930933 0.04338487972508591 0.039468039468039465
0 0.7714776632302406 0.3316173316173316 0.037800687285223365 0.04332904332904333
0 0.8406357388316151 0.32475332475332475 0.03651202749140894 0.027885027885027884
0 0.8926116838487973 0.3813813813813814 0.0429553264604811 0.04676104676104676
0 0.8492268041237113 0.3843843843843844 0.0313573883161512 0.0622050622050622
0 0.8062714776632303 0.3667953667953668 0.05584192439862543 0.042042042042042045
0 0.6108247422680413 0.4341484341484341 0.04252577319587629 0.045903045903045905
0 0.6241408934707904 0.4706134706134706 0.03479381443298969 0.03517803517803518
0 0.7414089347079038 0.5182325182325183 0.041666666666666664 0.04719004719004719
0 0.709192439862543 0.5298155298155298 0.044243986254295535 0.04504504504504504
0 0.7289518900343642 0.5632775632775633 0.05283505154639175 0.04118404118404118
0 0.6335910652920962 0.5624195624195624 0.029209621993127148 0.02531102531102531
0 0.7843642611683849 0.640926640926641 0.03651202749140894 0.045903045903045905
0 0.7555841924398625 0.6203346203346203 0.040378006872852236 0.03818103818103818
0 0.7001718213058419 0.43800943800943803 0.03479381443298969 0.049764049764049766
0 0.7830756013745704 0.44830544830544833 0.028780068728522335 0.04332904332904333
0 0.5077319587628866 0.4157014157014157 0.03307560137457045 0.03861003861003861
0 0.46563573883161513 0.3993993993993994 0.03994845360824742 0.04032604032604033
0 0.28264604810996563 0.5568425568425568 0.0313573883161512 0.05019305019305019
0 0.26245704467353953 0.5988845988845989 0.03006872852233677 0.04118404118404118
0 0.21176975945017182 0.592020592020592 0.048539518900343644 0.03903903903903904
0 0.32646048109965636 0.8193908193908194 0.04596219931271478 0.053625053625053626
0 0.25816151202749144 0.8824538824538825 0.05025773195876289 0.04633204633204633
0 0.2615979381443299 0.9305019305019305 0.041666666666666664 0.047619047619047616
0 0.40893470790378006 0.9485199485199485 0.04725085910652921 0.055341055341055344
0 0.3324742268041237 0.8588588588588588 0.04209621993127148 0.03131703131703132
0 0.26245704467353953 0.8322608322608323 0.05627147766323024 0.047619047619047616
0 0.4377147766323024 0.7687687687687688 0.0313573883161512 0.04032604032604033
0 0.40893470790378006 0.7764907764907765 0.0313573883161512 0.04847704847704848
0 0.4377147766323024 0.8073788073788074 0.02577319587628866 0.03818103818103818
0 0.41280068728522334 0.8798798798798799 0.03951890034364261 0.060918060918060915
0 0.4119415807560137 0.7288717288717289 0.041666666666666664 0.04504504504504504
0 0.4338487972508591 0.691977691977692 0.03178694158075601 0.043758043758043756
0 0.44630584192439865 0.7245817245817245 0.019329896907216496 0.047619047619047616
0 0.297680412371134 0.7606177606177607 0.03651202749140894 0.03732303732303732
0 0.34664948453608246 0.7657657657657657 0.04338487972508591 0.05448305448305448
0 0.29080756013745707 0.6988416988416989 0.04209621993127148 0.042042042042042045
0 0.23840206185567012 0.7022737022737022 0.03608247422680412 0.04676104676104676
0 0.1722508591065292 0.7683397683397684 0.02577319587628866 0.059202059202059204
0 0.24312714776632302 0.6336336336336337 0.03951890034364261 0.03903903903903904
0 0.20618556701030927 0.6606606606606606 0.0429553264604811 0.049335049335049334
0 0.23539518900343642 0.5045045045045045 0.0506872852233677 0.045903045903045905
0 0.14175257731958762 0.5341055341055341 0.037371134020618556 0.06392106392106392
0 0.10094501718213059 0.5383955383955384 0.027920962199312716 0.05019305019305019
0 0.0859106529209622 0.38738738738738737 0.05240549828178694 0.03732303732303732
0 0.12843642611683848 0.29643929643929645 0.054553264604811 0.05148005148005148
0 0.054982817869415807 0.2728442728442728 0.04725085910652921 0.039468039468039465
0 0.08376288659793814 0.19262119262119262 0.05283505154639175 0.05105105105105105
0 0.3281786941580756 0.2604032604032604 0.03221649484536082 0.04418704418704419
0 0.5528350515463918 0.2706992706992707 0.045103092783505154 0.036036036036036036
0 0.5476804123711341 0.3307593307593308 0.02577319587628866 0.041613041613041614