0 0.4534522885958107 0.3141025641025641 0.04809930178432894 0.04024216524216524
0 0.27501939487975174 0.40064102564102566 0.04460822342901474 0.038105413105413107
0 0.9142746314972847 0.4188034188034188 0.0504266873545384 0.038105413105413107
0 0.8363072148952676 0.27884615384615385 0.037238169123351435 0.03668091168091168
0 0.18774243599689683 0.6705840455840456 0.04072924747866563 0.046296296296296294
0 0.7257564003103181 0.34971509971509973 0.04422032583397983 0.0438034188034188
0 0.5430566330488751 0.224002849002849 0.04189294026377036 0.03917378917378917
0 0.5756400310318076 0.4091880341880342 0.0504266873545384 0.04415954415954416
0 0.4910783553141971 0.24572649572649571 0.03840186190845617 0.03632478632478633
0 0.8219550038789759 0.13995726495726496 0.0504266873545384 0.04237891737891738
0 0.6249030256012412 0.38853276353276356 0.051590380139643136 0.047364672364672365
0 0.7889837083010085 0.09401709401709402 0.04926299456943367 0.04131054131054131
0 0.8688906128782001 0.11645299145299146 0.05275407292474787 0.037037037037037035
0 0.3099301784328937 0.8682336182336182 0.05352986811481769 0.05270655270655271
0 0.6272304111714507 0.08048433048433049 0.043056633048875095 0.042735042735042736
0 0.7804499612102405 0.5135327635327636 0.04460822342901474 0.042735042735042736
0 0.41854150504266874 0.4277065527065527 0.05003878975950349 0.04665242165242165
0 0.28277734678044997 0.49537037037037035 0.041505042668735455 0.045584045584045586
0 0.5093095422808379 0.28917378917378916 0.04422032583397983 0.04024216524216524
0 0.34445306439100076 0.24323361823361822 0.03762606671838634 0.038105413105413107
0 0.3413498836307215 0.7589031339031339 0.04189294026377036 0.038105413105413107
0 0.7726920093095423 0.3073361823361823 0.04615981380915438 0.04665242165242165
0 0.47905352986811484 0.3522079772079772 0.04848719937936385 0.04487179487179487
0 0.3099301784328937 0.8162393162393162 0.04965089216446858 0.049145299145299144
0 0.8588052754072925 0.24537037037037038 0.05352986811481769 0.04309116809116809
0 0.834755624515128 0.09829059829059829 0.04383242823894492 0.04024216524216524
0 0.30100853374709075 0.41381766381766383 0.04344453064391001 0.04344729344729345
0 0.7544608223429015 0.12143874643874644 0.047711404189294024 0.04237891737891738
0 0.8533747090768037 0.19586894586894588 0.04848719937936385 0.04878917378917379
0 0.5973622963537626 0.3504273504273504 0.047323506594259115 0.04772079772079772
0 0.16757176105508145 0.31552706552706555 0.05430566330488751 0.046296296296296294
0 0.7028704422032583 0.266025641025641 0.04693560899922421 0.037037037037037035
0 0.8107059736229635 0.25 0.043056633048875095 0.04700854700854701
0 0.7800620636152056 0.16096866096866097 0.04654771140418929 0.04878917378917379
0 0.887121799844841 0.27492877492877493 0.04654771140418929 0.03668091168091168
0 0.7195500387897595 0.09971509971509972 0.04654771140418929 0.04344729344729345
0 0.6989914662529092 0.45762108262108264 0.04809930178432894 0.04985754985754986
0 0.43366951124903025 0.3507834757834758 0.04538401861908456 0.04237891737891738
0 0.40069821567106284 0.521011396011396 0.041505042668735455 0.047364672364672365
0 0.31691233514352213 0.9155982905982906 0.051590380139643136 0.04415954415954416
0 0.6683475562451513 0.11894586894586895 0.05352986811481769 0.04202279202279202
0 0.4674166020170675 0.27350427350427353 0.04266873545384019 0.042735042735042736
0 0.4712955779674166 0.40562678062678065 0.06361520558572537 0.054843304843304845
0 0.8211792086889061 0.5235042735042735 0.043056633048875095 0.04202279202279202
0 0.2672614429790535 0.3571937321937322 0.047711404189294024 0.04807692307692308
0 0.5764158262218774 0.45975783475783477 0.04266873545384019 0.04843304843304843
0 0.8266097750193949 0.054843304843304845 0.043056633048875095 0.04878917378917379
0 0.6175329712955779 0.1737891737891738 0.03801396431342126 0.03632478632478633
0 0.30876648564778897 0.2831196581196581 0.04072924747866563 0.0438034188034188
0 0.525989138867339 0.4544159544159544 0.05896043444530644 0.05056980056980057
0 0.4743987587276959 0.5548433048433048 0.04189294026377036 0.047364672364672365
0 0.8219550038789759 0.448005698005698 0.053141970519782776 0.04522792022792023
0 0.0360744763382467 0.4893162393162393 0.04383242823894492 0.04202279202279202
0 0.7552366175329713 0.38853276353276356 0.04654771140418929 0.04237891737891738
0 0.7633824670287044 0.5733618233618234 0.051590380139643136 0.05698005698005698
0 0.25019394879751744 0.6684472934472935 0.04189294026377036 0.037037037037037035
0 0.6423584173778123 0.4633190883190883 0.038789759503491075 0.04202279202279202
0 0.951900698215671 0.21367521367521367 0.05508145849495733 0.0405982905982906
0 0.4061287820015516 0.6200142450142451 0.03801396431342126 0.038105413105413107
0 0.3595810705973623 0.6891025641025641 0.05508145849495733 0.05056980056980057
0 0.899922420480993 0.4583333333333333 0.047711404189294024 0.045940170940170943
0 0.8285492629945694 0.5808404558404558 0.047711404189294024 0.05163817663817664
0 0.1291698991466253 0.42806267806267806 0.04615981380915438 0.0405982905982906
0 0.3518231186966641 0.2881054131054131 0.05702094647013189 0.04415954415954416
0 0.13576415826221877 0.6887464387464387 0.0395655546935609 0.03952991452991453
0 0.3192397207137316 0.7022792022792023 0.04344453064391001 0.050213675213675216
0 0.4472459270752521 0.19195156695156695 0.04926299456943367 0.041666666666666664
0 0.14313421256788209 0.5708689458689459 0.043056633048875095 0.05235042735042735
0 0.40690457719162143 0.5555555555555556 0.04538401861908456 0.03311965811965812
0 0.7901474010861133 0.5512820512820513 0.04383242823894492 0.03596866096866097
0 0.6730023273855702 0.18233618233618235 0.04654771140418929 0.03774928774928775
0 0.2370054305663305 0.4825498575498576 0.0504266873545384 0.045584045584045586
0 0.5814584949573313 0.29665242165242167 0.04654771140418929 0.039886039886039885
0 0.21024049650892165 0.6225071225071225 0.036850271528316526 0.04131054131054131
0 0.37199379363847945 0.7916666666666666 0.05430566330488751 0.053774928774928774
0 0.7090768037238169 0.3945868945868946 0.04538401861908456 0.04131054131054131
0 0.9026377036462374 0.23753561253561253 0.05275407292474787 0.039886039886039885
0 0.43289371605896043 0.48005698005698005 0.05352986811481769 0.05092592592592592
0 0.7750193948797518 0.3468660968660969 0.04926299456943367 0.04131054131054131
0 0.1582622187742436 0.6292735042735043 0.047711404189294024 0.04095441595441596
0 0.37548487199379366 0.6456552706552706 0.0504266873545384 0.04309116809116809
0 0.6411947245927075 0.3173076923076923 0.051590380139643136 0.04772079772079772
0 0.8685027152831652 0.15384615384615385 0.03917765709852599 0.038461538461538464
0 0.3832428238944919 0.46438746438746437 0.05430566330488751 0.05092592592592592
0 0.26144297905352987 0.6324786324786325 0.0504266873545384 0.047364672364672365
0 0.7211016291698992 0.4166666666666667 0.045771916214119475 0.03917378917378917
0 0.7048099301784329 0.5701566951566952 0.04228083785880528 0.04202279202279202
0 0.4662529092319628 0.22115384615384615 0.04344453064391001 0.04487179487179487
0 0.2560124127230411 0.44337606837606836 0.05081458494957331 0.03632478632478633
0 0.34794414274631497 0.4212962962962963 0.05120248254460822 0.04522792022792023
0 0.7090768037238169 0.22756410256410256 0.04926299456943367 0.04700854700854701
0 0.3816912335143522 0.22863247863247863 0.04460822342901474 0.0405982905982906
0 0.5116369278510473 0.41274928774928776 0.0395655546935609 0.038105413105413107
0 0.5775795190069821 0.25462962962962965 0.04266873545384019 0.041666666666666664
0 0.4134988363072149 0.17343304843304844 0.04383242823894492 0.049145299145299144
0 0.18114817688130333 0.483974358974359 0.05275407292474787 0.04344729344729345
0 0.212955779674166 0.3685897435897436 0.053141970519782776 0.04843304843304843
0 0.8723816912335144 0.5245726495726496 0.045771916214119475 0.047364672364672365
0 0.873933281613654 0.03774928774928775 0.04654771140418929 0.05270655270655271
0 0.8851823118696664 0.08226495726495726 0.05430566330488751 0.03952991452991453
0 0.7816136539953452 0.06374643874643875 0.04344453064391001 0.028846153846153848
0 0.7467028704422033 0.08155270655270655 0.03413498836307215 0.0349002849002849
0 0.6671838634600465 0.04843304843304843 0.04538401861908456 0.038461538461538464
0 0.6555469356089992 0.0316951566951567 0.03374709076803724 0.0349002849002849
0 0.6885182311869666 0.0811965811965812 0.0504266873545384 0.029914529914529916
0 0.626066718386346 0.12927350427350429 0.036850271528316526 0.05626780626780627
0 0.6698991466252909 0.15384615384615385 0.047711404189294024 0.03561253561253561
0 0.7280837858805276 0.1841168091168091 0.04538401861908456 0.03561253561253561
0 0.7203258339798293 0.15918803418803418 0.03374709076803724 0.023504273504273504
0 0.7063615205585725 0.14245014245014245 0.022498060512024826 0.029914529914529916
0 0.6186966640806827 0.22257834757834757 0.03529868114817688 0.0349002849002849
0 0.6621411947245927 0.22613960113960113 0.04538401861908456 0.04309116809116809
0 0.7532971295577967 0.22186609686609687 0.04228083785880528 0.05092592592592592
0 0.7851047323506595 0.19943019943019943 0.04422032583397983 0.029914529914529916
0 0.8246702870442203 0.1752136752136752 0.038789759503491075 0.030982905982905984
0 0.9127230411171451 0.2004985754985755 0.04809930178432894 0.0316951566951567
0 0.7792862684251358 0.2336182336182336 0.026764934057408846 0.03596866096866097
0 0.7494181536074477 0.2674501424501424 0.04072924747866563 0.03561253561253561
0 0.7839410395655547 0.2670940170940171 0.023273855702094646 0.027421652421652423
0 0.7354538401861909 0.29914529914529914 0.028704422032583398 0.03276353276353276
0 0.7102404965089216 0.3158831908831909 0.027540729247478666 0.029914529914529916
0 0.6842513576415826 0.29736467236467234 0.04034134988363072 0.0405982905982906
0 0.6559348332040341 0.2688746438746439 0.038789759503491075 0.03276353276353276
0 0.6179208688906129 0.2695868945868946 0.03491078355314197 0.03774928774928775
0 0.5760279286268425 0.20833333333333334 0.045771916214119475 0.03311965811965812
0 0.3813033359193173 0.18091168091168092 0.045771916214119475 0.04665242165242165
0 0.35104732350659423 0.18447293447293447 0.031031807602792862 0.04309116809116809
0 0.3207913110938712 0.32763532763532766 0.036850271528316526 0.0405982905982906
0 0.3960434445306439 0.30448717948717946 0.03452288595810706 0.041666666666666664
0 0.3882854926299457 0.26246438746438744 0.05003878975950349 0.025284900284900286
0 0.4394879751745539 0.24145299145299146 0.03491078355314197 0.02955840455840456
0 0.5007757951900699 0.21474358974358973 0.03801396431342126 0.03205128205128205
0 0.6881303335919318 0.35149572649572647 0.038789759503491075 0.04415954415954416
0 0.6586501163692785 0.35683760683760685 0.045771916214119475 0.03311965811965812
0 0.678432893716059 0.3956552706552707 0.03762606671838634 0.04415954415954416
0 0.6683475562451513 0.42592592592592593 0.04538401861908456 0.038105413105413107
0 0.626454615981381 0.42948717948717946 0.03995345228859581 0.03561253561253561
0 0.6058960434445306 0.4618945868945869 0.031031807602792862 0.05163817663817664
0 0.7680372381691234 0.4732905982905983 0.03762606671838634 0.03739316239316239
0 0.7463149728471683 0.5138888888888888 0.03491078355314197 0.037037037037037035
0 0.7311869666408068 0.5071225071225072 0.028704422032583398 0.039886039886039885
0 0.6733902249806051 0.5231481481481481 0.04266873545384019 0.03561253561253561
0 0.6761055081458495 0.5626780626780626 0.035686578743211794 0.042735042735042736
0 0.7358417377812257 0.5413105413105413 0.03180760279286268 0.026353276353276354
0 0.7079131109387122 0.5185185185185185 0.0321955003878976 0.04344729344729345
0 0.7354538401861909 0.45049857549857547 0.02560124127230411 0.03311965811965812
0 0.7668735453840186 0.43126780626780625 0.0360744763382467 0.03881766381766382
0 0.791311093871218 0.38782051282051283 0.03762606671838634 0.03774928774928775
0 0.8021722265321956 0.4042022792022792 0.03180760279286268 0.032407407407407406
0 0.8246702870442203 0.3732193732193732 0.04538401861908456 0.037037037037037035
0 0.8343677269200931 0.3418803418803419 0.051590380139643136 0.02849002849002849
0 0.8188518231186966 0.29665242165242167 0.02948021722265322 0.038461538461538464
0 0.851823118696664 0.3176638176638177 0.04693560899922421 0.03596866096866097
0 0.8700543056633049 0.43162393162393164 0.02986811481768813 0.051994301994301995
0 0.8382467028704422 0.4027777777777778 0.027152831652443754 0.02849002849002849
0 0.5453840186190846 0.3212250712250712 0.043056633048875095 0.032407407407407406
0 0.3619084561675718 0.3222934472934473 0.04848719937936385 0.035256410256410256
0 0.38557020946470133 0.3433048433048433 0.041117145073700546 0.03454415954415954
0 0.35143522110162917 0.3646723646723647 0.04460822342901474 0.03454415954415954
0 0.4189294026377037 0.38354700854700857 0.03995345228859581 0.03596866096866097
0 0.5446082234290147 0.3714387464387464 0.04654771140418929 0.04985754985754986
0 0.4848719937936385 0.4779202279202279 0.04383242823894492 0.05876068376068376
0 0.5081458494957332 0.5149572649572649 0.047711404189294024 0.03952991452991453
0 0.45151280062063615 0.5128205128205128 0.051978277734678044 0.033831908831908834
0 0.06904577191621412 0.48646723646723644 0.04538401861908456 0.0349002849002849
0 0.10512024825446083 0.46652421652421655 0.05275407292474787 0.04131054131054131
0 0.09542280837858805 0.5149572649572649 0.05934833204034135 0.03881766381766382
0 0.08805275407292475 0.5637464387464387 0.03491078355314197 0.04344729344729345
0 0.09425911559348332 0.6712962962962963 0.056245151280062064 0.04344729344729345
0 0.11714507370054306 0.6157407407407407 0.03529868114817688 0.04095441595441596
0 0.22575640031031807 0.5733618233618234 0.045771916214119475 0.04202279202279202
0 0.2672614429790535 0.5516381766381766 0.03762606671838634 0.05982905982905983
0 0.2761830876648565 0.6061253561253561 0.043056633048875095 0.03454415954415954
0 0.32156710628394103 0.6068376068376068 0.03917765709852599 0.04700854700854701
0 0.2730799069045772 0.7321937321937322 0.045771916214119475 0.05235042735042735
0 0.2366175329712956 0.717948717948718 0.036850271528316526 0.04522792022792023
0 0.1764934057408844 0.6987179487179487 0.04034134988363072 0.04202279202279202
0 0.22847168347556246 0.8425925925925926 0.031031807602792862 0.05056980056980057
0 0.27851047323506595 0.7653133903133903 0.06089992242048099 0.038105413105413107
0 0.4243599689681924 0.7232905982905983 0.045771916214119475 0.04202279202279202
0 0.4678044996121024 0.7464387464387464 0.035686578743211794 0.03632478632478633
0 0.39100077579519005 0.8582621082621082 0.04848719937936385 0.06588319088319089
0 0.8107059736229635 0.6018518518518519 0.038789759503491075 0.04807692307692308
0 0.8599689681923972 0.5754985754985755 0.02986811481768813 0.05626780626780627
0 0.54344453064391 0.2670940170940171 0.03917765709852599 0.035256410256410256
0 0.5876648564778898 0.23112535612535612 0.03180760279286268 0.02386039886039886