0 0.3822243807673628 0.5866829070239545 0.05245264691597863 0.05481120584652863
0 0.8232151529868869 0.07876573284612262 0.05293831957260806 0.049939098660170524
0 0.950461389023798 0.12870483150629314 0.06313744536182612 0.044660982541615914
0 0.6673142302088393 0.1421031262687779 0.0519669742593492 0.04425497360941941
0 0.2724623603691112 0.6382460414129111 0.04953861097620204 0.04709703613479497
0 0.7931034482758621 0.18392204628501826 0.06168042739193783 0.040194884287454324
0 0.6158329286061195 0.1753958587088916 0.06168042739193783 0.045473000406008934
0 0.34337056823700823 0.22614697523345514 0.05293831957260806 0.04709703613479497
0 0.21758135016998542 0.2736500203004466 0.0505099562894609 0.04709703613479497
0 0.24283632831471588 0.463256191636216 0.06896551724137931 0.04953308972797402
0 0.4443904808159301 0.3321153065367438 0.05245264691597863 0.04831506293138449
0 0.19184069936862555 0.4985789687373122 0.06605148130160272 0.04953308972797402
0 0.32928606119475473 0.5732846122614698 0.054395337542496355 0.048721071863580996
0 0.30014570179698885 0.3264311814859927 0.05779504613890238 0.049939098660170524
0 0.74356483729966 0.13926106374340236 0.05682370082564352 0.04303694681282988
0 0.6945118989800875 0.11246447421843281 0.04808159300631375 0.047503045066991476
0 0.7814473045167557 0.10150223304912707 0.054881010199125786 0.0438489646772229
0 0.7217095677513355 0.7137637028014616 0.04225352112676056 0.04344295574502639
0 0.30063137445361826 0.22208688591149006 0.04176784847013113 0.04344295574502639
0 0.9009227780475959 0.21883881445391798 0.06070908207867897 0.04425497360941941
0 0.7139388052452647 0.16402760860738935 0.0519669742593492 0.045473000406008934
0 0.36716852841185044 0.7409663012586277 0.053423992229237494 0.04790905399918798
0 0.5274405050995629 0.18920016240357287 0.0519669742593492 0.04628501827040195
0 0.4021369596891695 0.9687373122208689 0.04856726566294318 0.04425497360941941
0 0.4050509956289461 0.534307754770605 0.05730937348227295 0.049939098660170524
0 0.7333657115104419 0.10393828664230613 0.045167557066537155 0.0341047503045067
0 0.3045167557066537 0.48436865611043445 0.054395337542496355 0.04912708079577751
0 0.16415735794074793 0.657328461226147 0.05682370082564352 0.04953308972797402
0 0.7960174842156387 0.15022330491270808 0.05002428363283147 0.04587900933820544
0 0.2277804759592035 0.6451481932602517 0.05876639145216124 0.04506699147381242
0 0.458960660514813 0.5075111652456354 0.06070908207867897 0.04831506293138449
0 0.9208353569694027 0.5448639870077142 0.04953861097620204 0.05765326837190418
0 0.6338028169014085 0.12139667072675599 0.053423992229237494 0.04709703613479497
0 0.953861097620204 0.291514413317093 0.053423992229237494 0.04506699147381242
0 0.832442933462846 0.3520097442143727 0.06168042739193783 0.04100690215184734
0 0.6843127731908694 0.27730410069021516 0.05973773676542011 0.048721071863580996
0 0.847013113161729 0.20300446609825415 0.045653229723166586 0.04060089321965083
0 0.35405536668285575 0.34835566382460414 0.054881010199125786 0.045473000406008934
0 0.13355998057309373 0.4397076735688185 0.05002428363283147 0.05968331303288672
0 0.7508499271491015 0.19732034104750304 0.0519669742593492 0.06008932196508323
0 0.4356483729966003 0.586276898091758 0.06362311801845556 0.055217214778725134
0 0.5905779504613891 0.03329273244011368 0.04031083050024284 0.03816483962647178
0 0.3836813987372511 0.926512383272432 0.054395337542496355 0.04628501827040195
0 0.37396794560466246 0.879415347137637 0.05245264691597863 0.05237515225334957
0 0.6041767848470131 0.07267559886317498 0.06459446333171442 0.04303694681282988
0 0.43322000971345315 0.8501827040194885 0.054395337542496355 0.05278116118554608
0 0.5609519184069937 0.0779537149817296 0.043710539096648855 0.04141291108404385
0 0.3963088878096163 0.7982135606983354 0.045653229723166586 0.031668696711327646
0 0.5653229723166586 0.11368250101502234 0.028654686741136474 0.025578562728380026
0 0.5458960660514813 0.11490052781161185 0.025740650801359885 0.03654080389768575
0 0.3987372510927635 0.7109216402760861 0.05682370082564352 0.05034510759236703
0 0.4099077221952404 0.6670726755988632 0.04856726566294318 0.04060089321965083
0 0.5667799902865469 0.14697523345513602 0.05293831957260806 0.04181892001624036
0 0.2860611947547353 0.19894437677628907 0.054395337542496355 0.04628501827040195
0 0.44099077221952404 0.657328461226147 0.0412821758135017 0.04141291108404385
0 0.4847013113161729 0.7064555420219245 0.04808159300631375 0.051969143321153065
0 0.38659543467702767 0.25172553796183517 0.054881010199125786 0.04587900933820544
0 0.3249150072850899 0.27202598457166055 0.05099562894609033 0.0438489646772229
0 0.5152986886838271 0.7324401136825011 0.03156872268091306 0.04303694681282988
0 0.509470616804274 0.5022330491270808 0.04031083050024284 0.04100690215184734
0 0.2831471588149587 0.2541615915550142 0.04856726566294318 0.036946812829882256
0 0.5313258863525984 0.5221274868047097 0.05730937348227295 0.056435241575314654
0 0.2593491986401166 0.28095818107998377 0.06410879067508499 0.04141291108404385
0 0.24089363768819816 0.31303288672350793 0.05245264691597863 0.030044660982541615
0 0.4876153472559495 0.5501421031262688 0.054395337542496355 0.0438489646772229
0 0.5031568722680914 0.5757206658546488 0.03156872268091306 0.02476654486398701
0 0.4424477901894123 0.26431181485992694 0.05730937348227295 0.04344295574502639
0 0.5007285089849441 0.8282582216808769 0.0519669742593492 0.046691027202598455
0 0.42010684798445846 0.29557450263905805 0.06653715395823215 0.037758830694275276
0 0.7236522583778533 0.8034916768168899 0.03156872268091306 0.04141291108404385
0 0.3909664885866926 0.30531871701177427 0.044681884409907724 0.035728786033292735
0 0.4249635745507528 0.340235485180674 0.04031083050024284 0.048721071863580996
0 0.2967459932005828 0.8233861144945189 0.03156872268091306 0.053999187982135606
0 0.2724623603691112 0.6780349167681688 0.05925206410879068 0.025172553796183515
0 0.42010684798445846 0.3853024766544864 0.043224866440019424 0.03857084855866829
0 0.28023312287518215 0.7084855866829071 0.05245264691597863 0.027608607389362567
0 0.45944633317144246 0.4230613073487617 0.05099562894609033 0.04831506293138449
0 0.45167557066537156 0.4457978075517661 0.045167557066537155 0.030450669914738125
0 0.501699854298203 0.6155095412099066 0.028169014084507043 0.032480714575720666
0 0.4040796503156872 0.4096630125862769 0.05245264691597863 0.030044660982541615
0 0.18455560951918407 0.2858302882663419 0.026711996114618747 0.04100690215184734
0 0.5007285089849441 0.4344295574502639 0.036425449247207385 0.05156313438895656
0 0.40796503156872266 0.4388956557044255 0.03933948518698397 0.028014616321559074
0 0.4788732394366197 0.3451075923670321 0.0398251578436134 0.0341047503045067
0 0.35454103933948516 0.38246041412911086 0.042739193783389993 0.029638652050345108
0 0.46867411364740164 0.36662606577344703 0.043710539096648855 0.020706455542021926
0 0.03011170471102477 0.416159155501421 0.03885381253035454 0.03329273244011368
0 0.15832928606119476 0.3812423873325213 0.04662457503642545 0.028420625253755584
0 0.5424963574550753 0.46122614697523345 0.04613890237979602 0.06130734876167276
0 0.5886352598348713 0.4681282988225741 0.0398251578436134 0.0535931790499391
0 0.27634774162214665 0.3991067803491677 0.04031083050024284 0.0438489646772229
0 0.2627489072365226 0.3702801461632156 0.055852355512384655 0.04953308972797402
0 0.5726080621661 0.4194072269589931 0.04856726566294318 0.0438489646772229
0 0.18698397280233123 0.4518879415347138 0.05148130160271977 0.056435241575314654
0 0.7115104419621175 0.6755988631749898 0.027197668771248178 0.035728786033292735
0 0.10441962117532783 0.5030450669914738 0.055366682855755224 0.04060089321965083
0 0.8431277319086935 0.12261469752334551 0.06313744536182612 0.035728786033292735
0 0.9072365225837785 0.13844904587900933 0.04808159300631375 0.04181892001624036
0 0.26857697911607575 0.5180673974827447 0.04031083050024284 0.05278116118554608
0 0.8445847498785818 0.14981729598051158 0.05730937348227295 0.03126268777913114
0 0.19086935405536667 0.5696305318717012 0.044681884409907724 0.05034510759236703
0 0.8440990772219524 0.17336581404790904 0.05828071879553181 0.028014616321559074
0 0.16464303059737737 0.5566382460414129 0.04079650315687227 0.044660982541615914
0 0.8980087421078193 0.18189200162403574 0.05779504613890238 0.04060089321965083
0 0.23797960174842156 0.5911490052781161 0.055366682855755224 0.05278116118554608
0 0.9266634288489558 0.170117742590337 0.0398251578436134 0.03613479496548924
0 0.9028654686741137 0.2496954933008526 0.03885381253035454 0.025984571660576532
0 0.8547838756677999 0.24522939504669103 0.05973773676542011 0.04060089321965083
0 0.8047595920349684 0.25984571660576533 0.05245264691597863 0.04141291108404385
0 0.8411850412821759 0.27730410069021516 0.03885381253035454 0.025172553796183515
0 0.6852841185041282 0.1904181892001624 0.04856726566294318 0.037758830694275276
0 0.6964545896066051 0.22614697523345514 0.06168042739193783 0.04425497360941941
0 0.7309373482272948 0.26025172553796183 0.042739193783389993 0.057247259439707675
0 0.6357455075279261 0.23304912708079578 0.04953861097620204 0.045473000406008934
0 0.5857212238950947 0.25253755582622817 0.043710539096648855 0.03613479496548924
0 0.5497814473045167 0.23061307348761673 0.05099562894609033 0.03938286642306131
0 0.6843127731908694 0.3041006902151847 0.0519669742593492 0.025578562728380026
0 0.6663428848955804 0.31912302070645554 0.03739679456046625 0.028014616321559074
0 0.7761049052938319 0.2919204222492895 0.04662457503642545 0.04628501827040195
0 0.8338999514327343 0.31343889565570443 0.06896551724137931 0.03978887535525782
0 0.8678970373967946 0.31465692245229393 0.029140359397765905 0.048721071863580996
0 0.9120932491500728 0.30125862768980916 0.04856726566294318 0.06496142915144133
0 0.9577464788732394 0.3215590742996346 0.044681884409907724 0.028014616321559074
0 0.9329771733851384 0.3459196102314251 0.04225352112676056 0.028420625253755584
0 0.9009227780475959 0.3459196102314251 0.03205439533754249 0.04506699147381242
0 0.7819329771733852 0.37880633373934225 0.04953861097620204 0.03857084855866829
0 0.7299660029140359 0.30613073487616727 0.02962603205439534 0.028420625253755584
0 0.6294317629917435 0.2785221274868047 0.05002428363283147 0.04628501827040195
0 0.4958717824186498 0.27608607389362566 0.05730937348227295 0.03978887535525782
0 0.5463817387081107 0.29557450263905805 0.04613890237979602 0.05156313438895656
0 0.5099562894609033 0.23589118960617134 0.04079650315687227 0.035728786033292735
0 0.5594949004371054 0.34185952090946004 0.04613890237979602 0.036946812829882256
0 0.5852355512384653 0.293138449045879 0.03302574065080136 0.04709703613479497
0 0.6274890723652259 0.33495736906211937 0.05925206410879068 0.048721071863580996
0 0.7047110247693055 0.3329273244011368 0.045167557066537155 0.04587900933820544
0 0.6828557552209811 0.3808363784003248 0.04225352112676056 0.04060089321965083
0 0.7289946576007771 0.3857084855866829 0.042739193783389993 0.04344295574502639
0 0.6610004856726567 0.365814047909054 0.05973773676542011 0.037758830694275276
0 0.5905779504613891 0.3759642712139667 0.04953861097620204 0.04953308972797402
0 0.526469159786304 0.3621599675192854 0.03739679456046625 0.03126268777913114
0 0.5036425449247207 0.30531871701177427 0.0505099562894609 0.02476654486398701
0 0.5696940262263235 0.18229801055623224 0.036911121903836816 0.030450669914738125
0 0.6279747450218552 0.39788875355257813 0.054881010199125786 0.05481120584652863
0 0.6323457989315202 0.43645960211124646 0.05002428363283147 0.028420625253755584
0 0.7197668771248179 0.4230613073487617 0.03885381253035454 0.04790905399918798
0 0.6828557552209811 0.42184328055217213 0.04225352112676056 0.03654080389768575
0 0.665857212238951 0.4583840844498579 0.03788246721709568 0.03532277710109622
0 0.7217095677513355 0.4644742184328055 0.04662457503642545 0.049939098660170524
0 0.7673627974745022 0.4242793341453512 0.04856726566294318 0.051969143321153065
0 0.8076736279747451 0.41169305724725946 0.03885381253035454 0.03978887535525782
0 0.8227294803302574 0.392204628501827 0.0305973773676542 0.04100690215184734
0 0.8572122389509471 0.41209906617945596 0.04856726566294318 0.04181892001624036
0 0.7926177756192326 0.4697523345513601 0.042739193783389993 0.03938286642306131
0 0.7061680427391938 0.5034510759236703 0.04613890237979602 0.049939098660170524
0 0.8674113647401651 0.5399918798213561 0.04856726566294318 0.05318717011774259
0 0.9052938319572608 0.488834754364596 0.05973773676542011 0.048721071863580996
0 0.8183584264205925 0.537555826228177 0.04711024769305488 0.04831506293138449
0 0.8392423506556581 0.5696305318717012 0.0412821758135017 0.02639058059277304
0 0.8105876639145216 0.5769386926512383 0.054881010199125786 0.04344295574502639
0 0.8844099077221952 0.5773447015834349 0.04711024769305488 0.03288672350791717
0 0.7916464303059738 0.5205034510759237 0.055852355512384655 0.04141291108404385
0 0.7707625060709082 0.4973609419407227 0.045653229723166586 0.0438489646772229