0 0.14093782929399368 0.23678861788617886 0.037407797681770286 0.056571815718157184
0 0.2410432033719705 0.13719512195121952 0.03767123287671233 0.049796747967479675
0 0.8651211801896733 0.7252710027100271 0.04135932560590095 0.058265582655826556
0 0.2929399367755532 0.22560975609756098 0.03398314014752371 0.04200542005420054
0 0.33667017913593256 0.4312330623306233 0.04188619599578504 0.03997289972899729
0 0.8883034773445733 0.5250677506775068 0.04847207586933614 0.06266937669376693
0 0.79768177028451 0.40989159891598914 0.0368809272918862 0.04437669376693767
0 0.2660695468914647 0.3390921409214092 0.03503688092729189 0.03861788617886179
0 0.47154899894625923 0.462059620596206 0.04794520547945205 0.0508130081300813
0 0.3232349841938883 0.49898373983739835 0.04083245521601686 0.05047425474254742
0 0.24183350895679662 0.2652439024390244 0.03503688092729189 0.046747967479674794
0 0.4380927291886196 0.4180216802168022 0.0345100105374078 0.04742547425474255
0 0.19915700737618547 0.43529810298102983 0.04214963119072708 0.047764227642276426
0 0.47655426765015807 0.25745257452574527 0.04135932560590095 0.06334688346883469
0 0.4191253951527924 0.7936991869918699 0.04320337197049526 0.05115176151761518
0 0.4670706006322445 0.6751355013550135 0.04056902002107481 0.05589430894308943
0 0.1290832455216017 0.36585365853658536 0.04293993677555322 0.04844173441734417
0 0.2131190727081138 0.16429539295392953 0.03951527924130664 0.05047425474254742
0 0.285563751317176 0.6216124661246613 0.038724973656480505 0.04911924119241192
0 0.6701791359325606 0.5389566395663956 0.03556375131717598 0.048102981029810296
0 0.8806638566912539 0.40752032520325204 0.04899894625922023 0.05962059620596206
0 0.37091675447839834 0.46815718157181574 0.04267650158061117 0.054878048780487805
0 0.4994731296101159 0.0836720867208672 0.04056902002107481 0.04607046070460705
0 0.5097471022128557 0.34789972899729 0.0410958904109589 0.056571815718157184
0 0.11116965226554268 0.43902439024390244 0.03477344573234984 0.046409214092140924
0 0.9125395152792413 0.4474932249322493 0.05821917808219178 0.06605691056910569
0 0.1833508956796628 0.2306910569105691 0.0458377239199157 0.047764227642276426
0 0.5086933614330874 0.04200542005420054 0.038724973656480505 0.043021680216802166
0 0.8416754478398314 0.4258130081300813 0.04399367755532139 0.054878048780487805
0 0.5584826132771338 0.15616531165311653 0.030558482613277135 0.03997289972899729
0 0.24683877766069548 0.44139566395663954 0.044783983140147525 0.0521680216802168
0 0.42228661749209695 0.19715447154471544 0.0368809272918862 0.04742547425474255
0 0.3203371970495258 0.36314363143631434 0.04452054794520548 0.04844173441734417
0 0.38672286617492097 0.7117208672086721 0.03951527924130664 0.04607046070460705
0 0.4254478398314015 0.4759485094850949 0.04135932560590095 0.05047425474254742
0 0.39778714436248686 0.42920054200542007 0.04188619599578504 0.05420054200542006
0 0.8234984193888304 0.34552845528455284 0.04162276080084299 0.047764227642276426
0 0.83377239199157 0.6165311653116531 0.05084299262381454 0.05860433604336043
0 0.3677555321390938 0.2567750677506775 0.03029504741833509 0.03997289972899729
0 0.8656480505795574 0.3502710027100271 0.03609062170706007 0.05250677506775068
0 0.4212328767123288 0.04437669376693767 0.03951527924130664 0.051490514905149054
0 0.7360379346680717 0.4712059620596206 0.04662802950474183 0.05555555555555555
0 0.761854583772392 0.4247967479674797 0.04056902002107481 0.05623306233062331
0 0.3011064278187566 0.09688346883468835 0.03582718651211802 0.04098915989159892
0 0.4296628029504742 0.6951219512195121 0.04452054794520548 0.06097560975609756
0 0.21259220231822973 0.12025745257452575 0.03767123287671233 0.03692411924119241
0 0.4375658587987355 0.3445121951219512 0.04214963119072708 0.05013550135501355
0 0.27766069546891464 0.1537940379403794 0.028187565858798735 0.03997289972899729
0 0.261854583772392 0.10840108401084012 0.03582718651211802 0.05420054200542006
0 0.5234457323498419 0.1537940379403794 0.04135932560590095 0.0494579945799458
0 0.0345100105374078 0.266260162601626 0.04794520547945205 0.047764227642276426
0 0.5856164383561644 0.13177506775067752 0.029241306638566913 0.043021680216802166
0 0.9067439409905164 0.35060975609756095 0.050316122233930456 0.0535230352303523
0 0.09536354056902002 0.3428184281842818 0.04741833508956796 0.051490514905149054
0 0.3327186512118019 0.15142276422764228 0.03609062170706007 0.04708672086720867
0 0.8498419388830347 0.5074525745257452 0.038724973656480505 0.053184281842818426
0 0.47629083245521603 0.6002710027100271 0.04056902002107481 0.0521680216802168
0 0.5561116965226555 0.2239159891598916 0.0345100105374078 0.048102981029810296
0 0.7002107481559536 0.35704607046070463 0.04662802950474183 0.052845528455284556
0 0.8300842992623815 0.38651761517615174 0.04056902002107481 0.047764227642276426
0 0.44257112750263433 0.5630081300813008 0.04320337197049526 0.06131436314363144
0 0.5002634351949421 0.2090108401084011 0.04662802950474183 0.05453929539295393
0 0.3464172813487882 0.2845528455284553 0.03530031612223393 0.04573170731707317
0 0.22049525816649104 0.34688346883468835 0.045310853530031614 0.04878048780487805
0 0.45995785036880926 0.7357723577235772 0.04373024236037935 0.05589430894308943
0 0.22312961011591148 0.07046070460704607 0.038724973656480505 0.06402439024390244
0 0.13013698630136986 0.29573170731707316 0.03977871443624868 0.054878048780487805
0 0.9185985247629084 0.5663956639566395 0.04741833508956796 0.05928184281842819
0 0.3076923076923077 0.31266937669376693 0.04267650158061117 0.05047425474254742
0 0.44072708113804004 0.2903116531165312 0.04083245521601686 0.0494579945799458
0 0.06296101159114857 0.255420054200542 0.04030558482613277 0.05589430894308943
0 0.1880927291886196 0.3807588075880759 0.03898840885142255 0.05962059620596206
0 0.5403055848261328 0.2032520325203252 0.03977871443624868 0.056910569105691054
0 0.2631717597471022 0.22459349593495934 0.03609062170706007 0.0494579945799458
0 0.46996838777660693 0.03353658536585366 0.03714436248682824 0.04844173441734417
0 0.34536354056902 0.32859078590785906 0.038724973656480505 0.042682926829268296
0 0.16359325605900948 0.2804878048780488 0.03503688092729189 0.04031165311653116
0 0.4417808219178082 0.24085365853658536 0.0368809272918862 0.04911924119241192
0 0.7402528977871443 0.33604336043360433 0.04293993677555322 0.052845528455284556
0 0.40648050579557427 0.5911246612466124 0.038724973656480505 0.04200542005420054
0 0.05321390937829294 0.31233062330623307 0.03635405690200211 0.04098915989159892
0 0.9668071654373024 0.5416666666666666 0.0458377239199157 0.05521680216802168
0 0.8669652265542677 0.4725609756097561 0.040042149631190724 0.05115176151761518
0 0.8050579557428873 0.45934959349593496 0.04320337197049526 0.05013550135501355
0 0.40094836670179135 0.6419376693766937 0.04978925184404637 0.05962059620596206
0 0.321390937829294 0.6253387533875339 0.03635405690200211 0.054878048780487805
0 0.08587987355110643 0.3008130081300813 0.04452054794520548 0.051490514905149054
0 0.10221285563751317 0.24932249322493225 0.04030558482613277 0.056910569105691054
0 0.4488935721812434 0.08130081300813008 0.038724973656480505 0.0521680216802168
0 0.22866174920969443 0.3956639566395664 0.040042149631190724 0.05047425474254742
0 0.2892518440463646 0.5077913279132791 0.03371970495258166 0.046747967479674794
0 0.25500526870389884 0.16971544715447154 0.038198103266596416 0.05453929539295393
0 0.4618018967334036 0.5105013550135501 0.043466807165437306 0.048102981029810296
0 0.5131717597471022 0.26863143631436315 0.04741833508956796 0.057926829268292686
0 0.12434141201264488 0.40311653116531165 0.044257112750263436 0.04607046070460705
0 0.2273445732349842 0.2171409214092141 0.03767123287671233 0.053184281842818426
0 0.4101685985247629 0.2117208672086721 0.025553213909378293 0.04844173441734417
0 0.386986301369863 0.13414634146341464 0.0368809272918862 0.03827913279132791
0 0.5974710221285564 0.19004065040650406 0.024499473129610115 0.032859078590785906
0 0.47497365648050577 0.12432249322493225 0.03951527924130664 0.04505420054200542
0 0.5250263435194942 0.12296747967479675 0.037934668071654375 0.0260840108401084
0 0.5790305584826133 0.1731029810298103 0.02107481559536354 0.034552845528455285
0 0.5571654373024236 0.12127371273712736 0.028714436248682824 0.029471544715447155
0 0.571390937829294 0.23949864498644988 0.03609062170706007 0.03184281842818428
0 0.3493150684931507 0.22052845528455284 0.038198103266596416 0.039634146341463415
0 0.7837197049525817 0.3353658536585366 0.038724973656480505 0.031504065040650404
0 0.7850368809272918 0.37025745257452575 0.04952581664910432 0.046747967479674794
0 0.309536354056902 0.18157181571815717 0.029241306638566913 0.036585365853658534
0 0.7455216016859852 0.38346883468834686 0.038724973656480505 0.04336043360433604
0 0.3053213909378293 0.13685636856368563 0.02476290832455216 0.044715447154471545
0 0.3553740779768177 0.16429539295392953 0.027660695468914646 0.037940379403794036
0 0.6701791359325606 0.40752032520325204 0.04768177028451001 0.04844173441734417
0 0.37829293993677554 0.18495934959349594 0.026870389884088516 0.03726287262872629
0 0.7241833508956796 0.43089430894308944 0.04689146469968388 0.04065040650406504
0 0.7015279241306639 0.4640921409214092 0.0410958904109589 0.06029810298102981
0 0.39910432033719706 0.16056910569105692 0.0321390937829294 0.04607046070460705
0 0.756059009483667 0.5182926829268293 0.0345100105374078 0.06029810298102981
0 0.4322971548998946 0.14329268292682926 0.03345626975763962 0.03827913279132791
0 0.7402528977871443 0.5294715447154471 0.026343519494204427 0.053184281842818426
0 0.4602212855637513 0.1714092140921409 0.03556375131717598 0.04200542005420054
0 0.3124341412012645 0.26998644986449866 0.04030558482613277 0.043021680216802166
0 0.6651738672286618 0.6480352303523035 0.032665964172813484 0.05047425474254742
0 0.702054794520548 0.6612466124661247 0.038461538461538464 0.05962059620596206
0 0.26765015806111697 0.287940379403794 0.0368809272918862 0.041327913279132794
0 0.2107481559536354 0.2801490514905149 0.030821917808219176 0.034552845528455285
0 0.7581664910432033 0.6795392953929539 0.04847207586933614 0.06029810298102981
0 0.19625922023182296 0.31470189701897017 0.030821917808219176 0.04607046070460705
0 0.7866174920969442 0.7439024390243902 0.037934668071654375 0.05928184281842819
0 0.827186512118019 0.7381436314363143 0.0345100105374078 0.058265582655826556
0 0.16148577449947313 0.3319783197831978 0.03977871443624868 0.04878048780487805
0 0.6833508956796628 0.7276422764227642 0.03108535300316122 0.05623306233062331
0 0.1506849315068493 0.45121951219512196 0.03371970495258166 0.07350948509485095
0 0.17650158061116966 0.4356368563685637 0.01791359325605901 0.05453929539295393
0 0.7152265542676501 0.7679539295392954 0.02713382507903056 0.049796747967479675
0 0.19836670179135932 0.46510840108401086 0.0368809272918862 0.036585365853658534
0 0.7534246575342466 0.7476287262872628 0.03767123287671233 0.056571815718157184
0 0.26765015806111697 0.3851626016260163 0.03898840885142255 0.04878048780487805
0 0.7355110642781876 0.8204607046070461 0.03108535300316122 0.05928184281842819
0 0.6862486828240253 0.8519647696476965 0.02713382507903056 0.057926829268292686
0 0.23129610115911486 0.30826558265582654 0.026870389884088516 0.04098915989159892
0 0.696259220231823 0.7889566395663956 0.02897787144362487 0.047764227642276426
0 0.30505795574288724 0.3871951219512195 0.03108535300316122 0.043021680216802166
0 0.6678082191780822 0.7933604336043361 0.02476290832455216 0.07113821138211382
0 0.29478398314014753 0.4203929539295393 0.03161222339304531 0.03590785907859079
0 0.30453108535300316 0.45528455284552843 0.03424657534246575 0.04369918699186992
0 0.4781348788198103 0.8943089430894309 0.02370916754478398 0.05420054200542006
0 0.26633298208640677 0.46239837398373984 0.03503688092729189 0.04200542005420054
0 0.44757639620653317 0.6280487804878049 0.030558482613277135 0.052845528455284556
0 0.3416754478398314 0.39668021680216803 0.03477344573234984 0.04031165311653116
0 0.416491043203372 0.5430216802168022 0.02160168598524763 0.03827913279132791
0 0.83377239199157 0.565379403794038 0.031348788198103265 0.046747967479674794
0 0.36459430979978924 0.3705962059620596 0.03345626975763962 0.03421409214092141
0 0.7397260273972602 0.5755420054200542 0.046101159114857744 0.04573170731707317
0 0.3875131717597471 0.380420054200542 0.03371970495258166 0.048102981029810296
0 0.3917281348788198 0.3326558265582656 0.04188619599578504 0.04742547425474255
0 0.791622760800843 0.5867208672086721 0.03424657534246575 0.061653116531165314
0 0.8788198103266597 0.649390243902439 0.04715489989462592 0.05724932249322493
0 0.3998946259220232 0.2845528455284553 0.0345100105374078 0.048102981029810296
0 0.47102212855637515 0.38550135501355015 0.03240252897787144 0.04505420054200542
0 0.5013171759747103 0.4634146341463415 0.01738672286617492 0.05894308943089431
0 0.4238672286617492 0.38346883468834686 0.03609062170706007 0.03726287262872629
0 0.7197049525816649 0.7103658536585366 0.03345626975763962 0.054878048780487805
0 0.3601159114857745 0.5226964769647696 0.028187565858798735 0.044715447154471545
0 0.27713382507903056 0.5562330623306233 0.04030558482613277 0.05758807588075881
0 0.3224446786090622 0.5338753387533876 0.028714436248682824 0.030149051490514906
0 0.33192834562697576 0.5711382113821138 0.03424657534246575 0.046747967479674794
0 0.3724973656480506 0.5633468834688347 0.03951527924130664 0.0494579945799458
0 0.4138566912539515 0.5016937669376694 0.04162276080084299 0.037601626016260166
0 0.3843519494204426 0.5179539295392954 0.026870389884088516 0.051829268292682924
0 0.36933614330874603 0.6148373983739838 0.03292939936775553 0.056571815718157184
0 0.3100632244467861 0.657859078590786 0.03951527924130664 0.022357723577235773
0 0.27291886195995785 0.6378726287262872 0.03240252897787144 0.046747967479674794
0 0.2713382507903056 0.676490514905149 0.04715489989462592 0.037601626016260166
0 0.2939936775553214 0.6954607046070461 0.04030558482613277 0.058265582655826556
0 0.33482613277133827 0.6886856368563685 0.030821917808219176 0.0508130081300813
0 0.3553740779768177 0.635840108401084 0.037407797681770286 0.0535230352303523
0 0.37776606954689146 0.6734417344173442 0.03371970495258166 0.03387533875338753
0 0.4815595363540569 0.41937669376693765 0.044783983140147525 0.041327913279132794
0 0.36195995785036883 0.4092140921409214 0.02528977871443625 0.04336043360433604
0 0.5500526870389885 0.32994579945799457 0.04135932560590095 0.03997289972899729
0 0.4649631190727081 0.3106368563685637 0.029504741833508957 0.04844173441734417
0 0.5542676501580611 0.28319783197831977 0.04214963119072708 0.046409214092140924
0 0.5816649104320337 0.2784552845528455 0.022655426765015807 0.03387533875338753