0 0.2521936951576211 0.40083306632489585 0.05167370815729607 0.053508490868311435
0 0.4387390315242119 0.39154117270105737 0.04159896002599935 0.041653316244793334
0 0.8219044523886903 0.2604934315924383 0.051998700032499186 0.038449214995193846
0 0.7712057198570036 0.912848446010894 0.05947351316217095 0.05254726049343159
0 0.36334091647708805 0.42230054469721245 0.04777380565485863 0.05318808074335149
0 0.4286642833929152 0.93719961550785 0.04127396815079623 0.04710028836911247
0 0.547286317842054 0.5293175264338353 0.057523561910952224 0.05318808074335149
0 0.7231069223269418 0.41525152194809356 0.05102372440688983 0.05094520986863185
0 0.5697107572310692 0.10637616148670298 0.03932401689957751 0.04902274911887216
0 0.5427364315892103 0.31528356296058957 0.05004874878128047 0.06087792374239026
0 0.2447188820279493 0.4799743671900032 0.05004874878128047 0.051906440243511695
0 0.8937276568085798 0.606856776674143 0.051998700032499186 0.061198333867350206
0 0.2073448163795905 0.8333867350208266 0.06304842378940527 0.053508490868311435
0 0.7536561585960351 0.4485741749439282 0.04679883002924927 0.05479013136815123
0 0.36464088397790057 0.5020826658122397 0.060123496912577186 0.0512656199935918
0 0.4982125446863828 0.41589234219801346 0.04647383815404615 0.050304389618711955
0 0.30484237894052646 0.9365587952579302 0.04452388690282743 0.0506247997436719
0 0.289892752681183 0.35116949695610383 0.051998700032499186 0.05799423261775072
0 0.5411114722131947 0.4668375520666453 0.05492362690932727 0.06280038449214995
0 0.5905102372440689 0.493752002563281 0.05817354566135847 0.059275873117590513
0 0.3594410139746506 0.455943607818007 0.051998700032499186 0.04133290611983339
0 0.4549886252843679 0.041653316244793334 0.03412414689632759 0.03780839474527395
0 0.5953851153721157 0.16276834347965397 0.05589860253493663 0.0506247997436719
0 0.8206044848878778 0.21851970522268505 0.061098472538186545 0.0506247997436719
0 0.07214819629509263 0.7148349887856457 0.05167370815729607 0.04101249599487344
0 0.09814754631134222 0.6257609740467799 0.06174845628859278 0.051906440243511695
0 0.8306792330191746 0.13521307273309838 0.05004874878128047 0.04966356936879206
0 0.35164120896977574 0.7379045177827619 0.05914852128696783 0.06920858699134892
0 0.6139096522586935 0.12239666773470041 0.05622359441013974 0.05414931111823133
0 0.0750731231719207 0.49855815443768026 0.06792330191745206 0.06055751361743031
0 0.4530386740331492 0.26978532521627685 0.04322391940201495 0.04966356936879206
0 0.47351316217094575 0.6132649791733419 0.04062398440038999 0.044216597244472924
0 0.6571335716607085 0.30727330983659085 0.04127396815079623 0.04838192886895226
0 0.6025349366265843 0.08202499198974687 0.04452388690282743 0.041973726369753286
0 0.031524211894702635 0.7228452419096444 0.05134871628209295 0.039410445370073696
0 0.9408514787130322 0.3476449855815444 0.05849853753656158 0.049343159243832105
0 0.42021449463763405 0.5738545338032682 0.04387390315242119 0.039090035245113744
0 0.7019824504387391 0.6247997436719 0.04647383815404615 0.056071771867991026
0 0.745206369840754 0.8641461070169817 0.04809879753006175 0.0506247997436719
0 0.3737406564835879 0.581864786927267 0.04029899252518687 0.04069208586991349
0 0.04094897627559311 0.650112143543736 0.06304842378940527 0.057033002242870875
0 0.7305817354566135 0.14899070810637616 0.06304842378940527 0.04806151874399231
0 0.7114072148196295 0.4742069849407241 0.05167370815729607 0.05639218199295098
0 0.4666883327916802 0.5552707465555912 0.04809879753006175 0.062159564242230056
0 0.1563210919727007 0.5341236783082346 0.06727331816704582 0.06792694649150913
0 0.3311667208319792 0.39538609420057674 0.056548586285342865 0.051906440243511695
0 0.8817029574260643 0.12399871835950016 0.06889827754306142 0.0512656199935918
0 0.68020799480013 0.03236142262095482 0.052973675658108545 0.062159564242230056
0 0.512187195320117 0.1262415892342198 0.05037374065648359 0.05511054149311118
0 0.7845303867403315 0.3979493752002563 0.06174845628859278 0.04870233899391221
0 0.24926876828079297 0.3348285805831464 0.05037374065648359 0.058635052867670616
0 0.10302242443938901 0.5664851009291894 0.059798505037374064 0.061839154117270104
0 0.6587585310367241 0.34668375520666456 0.04062398440038999 0.03460429349567446
0 0.547611309717257 0.14418455623197693 0.055248618784530384 0.054469721243191285
0 0.9249268768280793 0.6174303107978212 0.034774130646733833 0.04838192886895226
0 0.5342866428339291 0.2576097404677988 0.04712382190445239 0.050304389618711955
0 0.6525836854078648 0.5674463313040692 0.04322391940201495 0.04549823774431272
0 0.41143971400714985 0.731496315283563 0.05849853753656158 0.06280038449214995
0 0.7653558661033474 0.29285485421339313 0.04484887877803055 0.0381288048702339
0 0.7764055898602535 0.5530278756808715 0.054273643158921026 0.04645946811919257
0 0.6655833604159896 0.4370394104453701 0.04874878128046799 0.05382890099327139
0 0.35359116022099446 0.35661646908042294 0.056548586285342865 0.05254726049343159
0 0.7136821579460514 0.33290611983338675 0.05589860253493663 0.05767382249279077
0 0.3071173220669483 0.4863825696892022 0.054273643158921026 0.049343159243832105
0 0.6269093272668184 0.4428067926946492 0.04679883002924927 0.05318808074335149
0 0.2593435164120897 0.8237744312720282 0.04192395190120247 0.0506247997436719
0 0.14722131946701333 0.862223646267222 0.05849853753656158 0.059275873117590513
0 0.29151771205719856 0.7183595001602051 0.058823529411764705 0.059596283242550466
0 0.6415339616509588 0.06792694649150913 0.04777380565485863 0.054469721243191285
0 0.6649333766655834 0.12271707785966036 0.05264868378290543 0.05479013136815123
0 0.4387390315242119 0.11054149311118232 0.03184920376990575 0.044216597244472924
0 0.41663958401039974 0.35597564883050303 0.059798505037374064 0.04966356936879206
0 0.36984075398115046 0.6744633130406921 0.06077348066298342 0.061198333867350206
0 0.5050373740656483 0.6446651714194168 0.06662333441663959 0.058635052867670616
0 0.7055573610659733 0.08426786286446651 0.057523561910952224 0.04581864786927267
0 0.40851478713032174 0.5382890099327139 0.056548586285342865 0.05735341236783082
0 0.42313942151446216 0.6270426145466197 0.061098472538186545 0.06344120474206985
0 0.5924601884952876 0.30727330983659085 0.055248618784530384 0.05511054149311118
0 0.8261293467663309 0.4767702659404037 0.05849853753656158 0.05575136174303108
0 0.5693857653558662 0.4101249599487344 0.04939876503087423 0.05414931111823133
0 0.8453038674033149 0.6132649791733419 0.04712382190445239 0.061198333867350206
0 0.7016574585635359 0.5495033643063121 0.055248618784530384 0.061198333867350206
0 0.6711082222944427 0.48894585068888174 0.04777380565485863 0.05286767061839154
0 0.47253818654533636 0.37039410445370075 0.049723756906077346 0.05414931111823133
0 0.7715307117322067 0.24959948734380005 0.0636984075398115 0.05286767061839154
0 0.49951251218719533 0.49759692406280037 0.03964900877478063 0.04838192886895226
0 0.4900877478063048 0.7917334187760333 0.04452388690282743 0.057033002242870875
0 0.7205069873253168 0.2701057353412368 0.05329866753331167 0.05895546299263057
0 0.7474813129671758 0.19512976610060878 0.05914852128696783 0.05254726049343159
0 0.6093597660058498 0.5770586350528677 0.032499187520311994 0.04229413649471323
0 0.47611309717257067 0.08362704261454662 0.07149821254468638 0.0512656199935918
0 0.6789080272993175 0.1675744953540532 0.05167370815729607 0.04389618711951298
0 0.7198570035749107 0.11951297661006088 0.05914852128696783 0.04613905799423262
0 0.8664283392915177 0.17846843960269146 0.03899902502437439 0.04870233899391221
0 0.8349041273968151 0.1867991028516501 0.052973675658108545 0.05318808074335149
0 0.699057523561911 0.19032361422620955 0.03282417939551511 0.037487984620314004
0 0.645108872278193 0.19673181672540851 0.04939876503087423 0.06888817686638898
0 0.5921351966200845 0.20666453059916692 0.05167370815729607 0.03620634412047421
0 0.5940851478713032 0.24479333546940082 0.06467338316542086 0.05639218199295098
0 0.6382840428989275 0.27715475809035567 0.05037374065648359 0.07113104774110862
0 0.6681832954176146 0.2274911887215636 0.04127396815079623 0.034283883370714516
0 0.6967825804354891 0.218840115347645 0.032499187520311994 0.024991989746876
0 0.49951251218719533 0.19160525472604933 0.08027299317517061 0.047741108619032364
0 0.9028274293142672 0.3774431272028196 0.04647383815404615 0.07113104774110862
0 0.9561260968475788 0.39025953220121756 0.04939876503087423 0.05094520986863185
0 0.907702307442314 0.44152515219480937 0.047448813779655506 0.059275873117590513
0 0.9502762430939227 0.4370394104453701 0.03347416314592135 0.047741108619032364
0 0.7949301267468313 0.3665491829541814 0.0783230419239519 0.0381288048702339
0 0.8053298667533312 0.31848766421018904 0.06304842378940527 0.05479013136815123
0 0.8479038024049399 0.31784684396026913 0.027299317517062074 0.05382890099327139
0 0.8420539486512837 0.3790451778276194 0.032499187520311994 0.05286767061839154
0 0.6457588560285993 0.3867350208266581 0.04874878128046799 0.05382890099327139
0 0.6080597985050373 0.34091637295738547 0.051998700032499186 0.047741108619032364
0 0.6028599285017875 0.3732777955783403 0.04322391940201495 0.03780839474527395
0 0.56353591160221 0.3425184235821852 0.028274293142671433 0.029798141621275233
0 0.49788755281117975 0.30727330983659085 0.03444913877153071 0.04549823774431272
0 0.4738381540461489 0.30535084908683113 0.04192395190120247 0.04389618711951298
0 0.52291192720182 0.36911246395386094 0.04387390315242119 0.049983979493752
0 0.41826454338641533 0.4344761294456905 0.05329866753331167 0.059275873117590513
0 0.47058823529411764 0.4492149951938481 0.04549886252843679 0.051906440243511695
0 0.43483912902177446 0.48221723806472283 0.05687357816054599 0.0506247997436719
0 0.22554436139096523 0.3489266260813842 0.06304842378940527 0.057033002242870875
0 0.27786805329866754 0.4200576738224928 0.04354891127721807 0.04485741749439282
0 0.19629509262268444 0.3293816084588273 0.03899902502437439 0.04357577699455303
0 0.2203444913877153 0.40660044857417493 0.032499187520311994 0.041653316244793334
0 0.21286967825804354 0.4488945850688882 0.06564835879103022 0.04453700736943288
0 0.6044848878778031 0.5376481896827939 0.05687357816054599 0.042614546619673184
0 0.6425089372765681 0.4943928228132009 0.029899252518687032 0.05414931111823133
0 0.6496587585310367 0.5273950656840756 0.036074098147546314 0.03620634412047421
0 0.7569060773480663 0.49022749118872155 0.050698732531686705 0.04133290611983339
0 0.7809554761130971 0.44697212431912847 0.027299317517062074 0.04485741749439282
0 0.5716607084822879 0.5847484780519064 0.04874878128046799 0.06984940724126883
0 0.5216119597010075 0.5844280679269465 0.05102372440688983 0.07401473886574816
0 0.7952551186220345 0.6158282601730215 0.05622359441013974 0.06568407561678949
0 0.8287292817679558 0.6578019865427748 0.050698732531686705 0.03620634412047421
0 0.8813779655508612 0.6664530599166933 0.055248618784530384 0.051906440243511695
0 0.7838804029899252 0.5030438961871195 0.047448813779655506 0.05639218199295098
0 0.9200519987000325 0.5841076578019866 0.062073448163795904 0.05639218199295098
0 0.7357816054598635 0.5235501441845563 0.031524211894702635 0.03043896187119513
0 0.7728306792330192 0.6107016981736623 0.05687357816054599 0.061198333867350206
0 0.20376990575235618 0.49054790131368153 0.04484887877803055 0.033322652995834666
0 0.8170295742606435 0.6789490547901313 0.04452388690282743 0.06023710349247036
0 0.7234319142021449 0.6539570650432553 0.04549886252843679 0.04742069849407241
0 0.5004874878128047 0.7385453380326819 0.05102372440688983 0.05382890099327139
0 0.5255118622034449 0.6843960269144505 0.04322391940201495 0.03780839474527395
0 0.4728631784205395 0.6853572572893304 0.05037374065648359 0.0644024351169497
0 0.23431914202144946 0.6770265940403717 0.06889827754306142 0.047741108619032364
0 0.19207019824504387 0.7302146747837231 0.08547286317842054 0.049983979493752
0 0.1829704257393565 0.7859660365267542 0.05037374065648359 0.057033002242870875
0 0.10692232694182645 0.6632489586670939 0.0653233669158271 0.04870233899391221
0 0.18719532011699708 0.5703300224287088 0.058823529411764705 0.038449214995193846
0 0.27526811829704256 0.6049343159243832 0.05687357816054599 0.061198333867350206
0 0.354891127721807 0.5446972124319128 0.06857328566785831 0.04357577699455303
0 0.5170620734481638 0.9394424863825697 0.03217419564510887 0.059596283242550466
0 0.2551186220344491 0.9676385773790451 0.05004874878128047 0.05831464274271067
0 0.4072148196295093 0.9762896507529638 0.06142346441338967 0.04581864786927267
0 0.7409814754631134 0.9429669977571291 0.04127396815079623 0.05286767061839154
0 0.7591810204744881 0.9842999038769625 0.06337341566460838 0.029798141621275233
0 0.7630809229769255 0.6533162447933355 0.03412414689632759 0.028516501121435438
0 0.5297367565810854 0.2149951938481256 0.07052323691907703 0.0387696251201538
0 0.45921351966200846 0.17975008010253124 0.031524211894702635 0.0506247997436719