0 0.46060606060606063 0.2923076923076923 0.041750841750841754 0.0505982905982906
0 0.20909090909090908 0.42905982905982903 0.05925925925925926 0.054017094017094015
0 0.564983164983165 0.23521367521367523 0.046464646464646465 0.04341880341880342
0 0.7760942760942761 0.11384615384615385 0.04814814814814815 0.05128205128205128
0 0.46195286195286195 0.7422222222222222 0.04107744107744108 0.050256410256410255
0 0.5562289562289562 0.5579487179487179 0.05858585858585859 0.054017094017094015
0 0.42323232323232324 0.7726495726495727 0.036026936026936025 0.04581196581196581
0 0.8208754208754209 0.5876923076923077 0.04882154882154882 0.051623931623931626
0 0.8494949494949495 0.348034188034188 0.04276094276094276 0.044786324786324785
0 0.9111111111111111 0.18461538461538463 0.04781144781144781 0.04376068376068376
0 0.5818181818181818 0.26905982905982906 0.038047138047138045 0.03863247863247863
0 0.4925925925925926 0.28068376068376066 0.04208754208754209 0.04752136752136752
0 0.6454545454545455 0.49367521367521366 0.036026936026936025 0.035213675213675216
0 0.43973063973063975 0.3135042735042735 0.04040404040404041 0.04512820512820513
0 0.21515151515151515 0.7808547008547009 0.040740740740740744 0.041025641025641026
0 0.9 0.28888888888888886 0.04410774410774411 0.036923076923076927
0 0.6063973063973064 0.19931623931623932 0.045454545454545456 0.03829059829059829
0 0.7673400673400673 0.07863247863247863 0.04814814814814815 0.03829059829059829
0 0.12121212121212122 0.7538461538461538 0.04410774410774411 0.0423931623931624
0 0.4882154882154882 0.8317948717948718 0.03838383838383838 0.046495726495726496
0 0.3511784511784512 0.3634188034188034 0.0595959595959596 0.04888888888888889
0 0.19595959595959597 0.7323076923076923 0.04478114478114478 0.051623931623931626
0 0.8104377104377104 0.06666666666666667 0.043434343434343436 0.052307692307692305
0 0.6158249158249158 0.26974358974358975 0.04107744107744108 0.0423931623931624
0 0.598989898989899 0.4728205128205128 0.04107744107744108 0.043076923076923075
0 0.2430976430976431 0.8143589743589743 0.041750841750841754 0.050256410256410255
0 0.730976430976431 0.4601709401709402 0.04208754208754209 0.04341880341880342
0 0.3602693602693603 0.24 0.04208754208754209 0.05094017094017094
0 0.4626262626262626 0.40102564102564103 0.046464646464646465 0.0441025641025641
0 0.8521885521885522 0.4888888888888889 0.0531986531986532 0.05641025641025641
0 0.8686868686868687 0.5938461538461538 0.03973063973063973 0.04512820512820513
0 0.8629629629629629 0.1305982905982906 0.050505050505050504 0.037606837606837605
0 0.6646464646464646 0.19179487179487179 0.054208754208754206 0.033846153846153845
0 0.5875420875420876 0.35794871794871796 0.047474747474747475 0.046837606837606835
0 0.5784511784511784 0.31145299145299143 0.049494949494949494 0.04512820512820513
0 0.49393939393939396 0.442051282051282 0.049494949494949494 0.054017094017094015
0 0.3154882154882155 0.6013675213675214 0.03636363636363636 0.049914529914529916
0 0.32087542087542087 0.6608547008547009 0.03636363636363636 0.046495726495726496
0 0.34175084175084175 0.29982905982905983 0.04511784511784512 0.04205128205128205
0 0.8673400673400673 0.2652991452991453 0.05589225589225589 0.04752136752136752
0 0.8124579124579124 0.6516239316239316 0.04814814814814815 0.05128205128205128
0 0.7841750841750842 0.3360683760683761 0.046464646464646465 0.055384615384615386
0 0.7878787878787878 0.5852991452991453 0.04107744107744108 0.046495726495726496
0 0.15252525252525254 0.37914529914529915 0.05488215488215488 0.050256410256410255
0 0.3707070707070707 0.5637606837606838 0.05218855218855219 0.050256410256410255
0 0.8377104377104377 0.6242735042735043 0.04814814814814815 0.044786324786324785
0 0.5393939393939394 0.5193162393162393 0.03838383838383838 0.03863247863247863
0 0.3148148148148148 0.49709401709401707 0.04276094276094276 0.0570940170940171
0 0.5616161616161616 0.4341880341880342 0.04276094276094276 0.041025641025641026
0 0.8171717171717172 0.27726495726495726 0.044444444444444446 0.04957264957264957
0 0.30673400673400675 0.709059829059829 0.04141414141414142 0.052307692307692305
0 0.44107744107744107 0.5473504273504274 0.05589225589225589 0.057777777777777775
0 0.5343434343434343 0.28068376068376066 0.043434343434343436 0.04512820512820513
0 0.8478114478114478 0.30085470085470084 0.039057239057239054 0.041367521367521365
0 0.8535353535353535 0.04034188034188034 0.048484848484848485 0.059487179487179485
0 0.4663299663299663 0.6064957264957265 0.056228956228956226 0.059145299145299146
0 0.8569023569023569 0.21196581196581196 0.05488215488215488 0.05264957264957265
0 0.3138047138047138 0.7760683760683761 0.05084175084175084 0.04957264957264957
0 0.6505050505050505 0.36957264957264957 0.05824915824915825 0.04957264957264957
0 0.6107744107744107 0.41196581196581195 0.04814814814814815 0.059487179487179485
0 0.8016835016835017 0.5357264957264958 0.048484848484848485 0.046495726495726496
0 0.3851851851851852 0.3244444444444444 0.045454545454545456 0.03863247863247863
0 0.509090909090909 0.5863247863247864 0.05185185185185185 0.06427350427350427
0 0.39865319865319865 0.23247863247863249 0.04612794612794613 0.05435897435897436
0 0.41784511784511785 0.8225641025641026 0.05488215488215488 0.057777777777777775
0 0.8646464646464647 0.16683760683760684 0.04377104377104377 0.03863247863247863
0 0.1771043771043771 0.8071794871794872 0.034006734006734006 0.03418803418803419
0 0.7437710437710437 0.14632478632478632 0.049494949494949494 0.04512820512820513
0 0.8202020202020202 0.1641025641025641 0.046464646464646465 0.043076923076923075
0 0.5141414141414141 0.3606837606837607 0.04377104377104377 0.043076923076923075
0 0.9474747474747475 0.18666666666666668 0.047474747474747475 0.04786324786324787
0 0.6437710437710438 0.4499145299145299 0.05185185185185185 0.04957264957264957
0 0.47104377104377104 0.3507692307692308 0.04410774410774411 0.046495726495726496
0 0.2855218855218855 0.4526495726495727 0.04478114478114478 0.044786324786324785
0 0.7558922558922558 0.6273504273504273 0.041750841750841754 0.04717948717948718
0 0.12424242424242424 0.46735042735042737 0.05185185185185185 0.06153846153846154
0 0.7424242424242424 0.40854700854700854 0.045454545454545456 0.051623931623931626
0 0.7232323232323232 0.36376068376068377 0.04040404040404041 0.03794871794871795
0 0.37946127946127944 0.2953846153846154 0.04713804713804714 0.041025641025641026
0 0.27744107744107743 0.5487179487179488 0.05488215488215488 0.046495726495726496
0 0.2760942760942761 0.731965811965812 0.034006734006734006 0.03965811965811966
0 0.5313131313131313 0.8666666666666667 0.04040404040404041 0.048547008547008545
0 0.03939393939393939 0.5381196581196581 0.06127946127946128 0.05435897435897436
0 0.4952861952861953 0.5165811965811966 0.061952861952861954 0.05846153846153846
0 0.6101010101010101 0.1541880341880342 0.04107744107744108 0.04376068376068376
0 0.6067340067340067 0.0864957264957265 0.046464646464646465 0.041367521367521365
0 0.4888888888888889 0.3268376068376068 0.03939393939393939 0.0441025641025641
0 0.6602693602693602 0.15794871794871795 0.060942760942760944 0.044444444444444446
0 0.7289562289562289 0.5206837606837607 0.04983164983164983 0.0570940170940171
0 0.8222222222222222 0.11555555555555555 0.04276094276094276 0.0423931623931624
0 0.8673400673400673 0.09230769230769231 0.05757575757575758 0.044444444444444446
0 0.6168350168350168 0.3203418803418803 0.04040404040404041 0.04717948717948718
0 0.3784511784511784 0.8471794871794872 0.04579124579124579 0.051623931623931626
0 0.7757575757575758 0.4523076923076923 0.04814814814814815 0.048547008547008545
0 0.43468013468013467 0.2553846153846154 0.050505050505050504 0.05128205128205128
0 0.6693602693602694 0.2242735042735043 0.045454545454545456 0.044444444444444446
0 0.15016835016835017 0.6888888888888889 0.04915824915824916 0.051623931623931626
0 0.7111111111111111 0.3148717948717949 0.04107744107744108 0.033504273504273506
0 0.41043771043771043 0.601025641025641 0.05016835016835017 0.05811965811965812
0 0.671043771043771 0.5282051282051282 0.04579124579124579 0.04786324786324787
0 0.8976430976430977 0.4211965811965812 0.039057239057239054 0.060854700854700856
0 0.4494949494949495 0.9528205128205128 0.05454545454545454 0.059487179487179485
0 0.235016835016835 0.5839316239316239 0.06632996632996634 0.03829059829059829
0 0.793939393939394 0.40068376068376066 0.04579124579124579 0.046153846153846156
0 0.6922558922558922 0.48376068376068376 0.04579124579124579 0.044786324786324785
0 0.7067340067340068 0.13025641025641024 0.036026936026936025 0.035213675213675216
0 0.9427609427609428 0.40307692307692305 0.054208754208754206 0.04376068376068376
0 0.3377104377104377 0.23555555555555555 0.04107744107744108 0.05606837606837607
0 0.2754208754208754 0.6526495726495727 0.05723905723905724 0.05333333333333334
0 0.8161616161616162 0.4434188034188034 0.04410774410774411 0.049914529914529916
0 0.7111111111111111 0.27829059829059827 0.05185185185185185 0.048205128205128206
0 0.5518518518518518 0.38974358974358975 0.03636363636363636 0.0423931623931624
0 0.7202020202020202 0.22085470085470085 0.04478114478114478 0.0441025641025641
0 0.26262626262626265 0.40512820512820513 0.04612794612794613 0.04957264957264957
0 0.1037037037037037 0.5165811965811966 0.056902356902356906 0.04512820512820513
0 0.4511784511784512 0.4396581196581197 0.04107744107744108 0.04170940170940171
0 0.4053872053872054 0.38222222222222224 0.049494949494949494 0.04752136752136752
0 0.23737373737373738 0.6170940170940171 0.03636363636363636 0.041025641025641026
0 0.9175084175084175 0.6 0.04579124579124579 0.04957264957264957
0 0.9397306397306397 0.4468376068376068 0.041750841750841754 0.03965811965811966
0 0.21582491582491584 0.665982905982906 0.05555555555555555 0.05504273504273504
0 0.9282828282828283 0.48717948717948717 0.038047138047138045 0.044786324786324785
0 0.7111111111111111 0.5900854700854701 0.04579124579124579 0.04581196581196581
0 0.19057239057239056 0.601025641025641 0.04478114478114478 0.03829059829059829
0 0.6478114478114478 0.12512820512820513 0.05185185185185185 0.027692307692307693
0 0.0962962962962963 0.561025641025641 0.058922558922558925 0.04752136752136752
0 0.6996632996632997 0.4581196581196581 0.03771043771043771 0.051965811965811966
0 0.7777777777777778 0.19042735042735043 0.04781144781144781 0.06837606837606838
0 0.3962962962962963 0.4297435897435897 0.036026936026936025 0.051623931623931626
0 0.702020202020202 0.41333333333333333 0.03939393939393939 0.042735042735042736
0 0.5117845117845118 0.6499145299145299 0.049494949494949494 0.06256410256410257
0 0.10774410774410774 0.6198290598290598 0.05185185185185185 0.052307692307692305
0 0.36094276094276095 0.39897435897435896 0.04242424242424243 0.02564102564102564
0 0.7228956228956229 0.18598290598290598 0.04915824915824916 0.03076923076923077
0 0.5488215488215489 0.6068376068376068 0.030976430976430977 0.054017094017094015
0 0.31043771043771046 0.3425641025641026 0.06026936026936027 0.051623931623931626
0 0.7538720538720539 0.26085470085470086 0.040067340067340064 0.06188034188034188
0 0.15925925925925927 0.6417094017094017 0.04410774410774411 0.04957264957264957
0 0.6717171717171717 0.41196581196581195 0.040067340067340064 0.040683760683760686
0 0.7882154882154883 0.227008547008547 0.041750841750841754 0.028717948717948718
0 0.4121212121212121 0.9107692307692308 0.04983164983164983 0.041025641025641026
0 0.5673400673400674 0.5138461538461538 0.03973063973063973 0.051965811965811966
0 0.8437710437710437 0.40717948717948715 0.05117845117845118 0.03829059829059829
0 0.8239057239057239 0.19794871794871796 0.039057239057239054 0.030427350427350428
0 0.3861952861952862 0.9791452991452991 0.04781144781144781 0.04170940170940171
0 0.7447811447811448 0.3360683760683761 0.0367003367003367 0.03794871794871795
0 0.696969696969697 0.3391452991452992 0.0430976430976431 0.033846153846153845
0 0.661952861952862 0.27760683760683763 0.05454545454545454 0.059145299145299146
0 0.5141414141414141 0.8147008547008547 0.04276094276094276 0.04717948717948718
0 0.4895622895622896 0.7018803418803419 0.04410774410774411 0.04717948717948718
0 0.5097643097643098 0.39521367521367523 0.03771043771043771 0.03111111111111111
0 0.6343434343434343 0.2341880341880342 0.02861952861952862 0.032136752136752135
0 0.6090909090909091 0.23658119658119658 0.02861952861952862 0.03487179487179487
0 0.4855218855218855 0.47897435897435897 0.04478114478114478 0.039316239316239315
0 0.431986531986532 0.6447863247863248 0.03973063973063973 0.036923076923076927
0 0.6090909090909091 0.5312820512820513 0.04377104377104377 0.06393162393162394
0 0.6575757575757576 0.3152136752136752 0.03973063973063973 0.02564102564102564
0 0.45016835016835016 0.6615384615384615 0.04410774410774411 0.04034188034188034
0 0.7572390572390573 0.3029059829059829 0.037037037037037035 0.03076923076923077
0 0.7525252525252525 0.4847863247863248 0.04276094276094276 0.02358974358974359
0 0.33400673400673403 0.8837606837606837 0.040740740740740744 0.0652991452991453
0 0.36498316498316496 0.9435897435897436 0.04377104377104377 0.046495726495726496
0 0.7868686868686868 0.294017094017094 0.021212121212121213 0.028717948717948718
0 0.7905723905723906 0.48307692307692307 0.03333333333333333 0.03658119658119658
0 0.30808080808080807 0.9781196581196581 0.04107744107744108 0.04341880341880342
0 0.7838383838383839 0.25982905982905985 0.030976430976430977 0.03316239316239316
0 0.8821548821548821 0.6478632478632479 0.04276094276094276 0.06632478632478632
0 0.9151515151515152 0.24888888888888888 0.055218855218855216 0.03829059829059829
0 0.8562289562289562 0.6656410256410257 0.041750841750841754 0.03965811965811966
0 0.7188552188552189 0.627008547008547 0.031313131313131314 0.042735042735042736
0 0.9077441077441077 0.2194871794871795 0.04511784511784512 0.030085470085470085
0 0.7299663299663299 0.10017094017094016 0.04107744107744108 0.0547008547008547
0 0.7713804713804714 0.5688888888888889 0.03737373737373737 0.04341880341880342
0 0.764983164983165 0.5087179487179487 0.023232323232323233 0.02735042735042735
0 0.671043771043771 0.10905982905982906 0.04781144781144781 0.04341880341880342
0 0.23905723905723905 0.46974358974358976 0.04983164983164983 0.041025641025641026
0 0.6471380471380471 0.06153846153846154 0.05858585858585859 0.04717948717948718
0 0.6373737373737374 0.0252991452991453 0.04141414141414142 0.031794871794871796