0 0.40409482758620685 0.5864762931034482 0.02801724137931033 0.03663793103448276
0 0.47090517241379315 0.642645474137931 0.029813218390804586 0.04445043103448276
0 0.33782327586206895 0.3861799568965517 0.026580459770114973 0.04337284482758619
0 0.21075790229885058 0.4893588362068966 0.026760057471264365 0.03367456896551718
0 0.3635057471264368 0.5620959051724138 0.026221264367816077 0.04876077586206895
0 0.46426005747126436 0.37082435344827586 0.02909482758620685 0.0509159482758621
0 0.5184985632183907 0.2462284482758621 0.029454022988505746 0.04633620689655174
0 0.5045797413793104 0.7789601293103448 0.028915229885057514 0.04175646551724144
0 0.4483656609195402 0.8115571120689655 0.03645833333333337 0.0466056034482758
0 0.3505747126436781 0.6697198275862069 0.027298850574712652 0.05064655172413801
0 0.48590158045977017 0.9007273706896551 0.03250718390804602 0.049838362068965525
0 0.7105783045977012 0.6540948275862069 0.028556034482758563 0.04418103448275856
0 0.33477011494252873 0.7242726293103449 0.028735632183908066 0.04498922413793105
0 0.33360272988505746 0.5792025862068966 0.026760057471264365 0.039870689655172376
0 0.6507722701149425 0.7856950431034483 0.022808908045977017 0.04067887931034475
0 0.45447198275862066 0.9476023706896551 0.031070402298850552 0.0546875
0 0.5663613505747127 0.40086206896551724 0.024964080459770055 0.039331896551724144
0 0.44728807471264365 0.40625 0.028915229885057514 0.04903017241379315
0 0.3879310344827586 0.2685883620689655 0.02837643678160917 0.05010775862068964
0 0.4925466954022989 0.6734913793103448 0.03142959770114945 0.04525862068965514
0 0.22153376436781608 0.45514547413793105 0.026760057471264392 0.042834051724137956
0 0.5319683908045977 0.5482219827586207 0.026221264367816133 0.05657327586206895
0 0.3672772988505747 0.6421066810344828 0.022988505747126464 0.042295258620689724
0 0.2766702586206896 0.4383081896551724 0.029633620689655193 0.048491379310344807
0 0.45501077586206895 0.7708782327586207 0.02496408045977011 0.036368534482758674
0 0.36072198275862066 0.5180495689655172 0.026760057471264365 0.04094827586206895
0 0.40373563218390807 0.4971713362068966 0.02801724137931033 0.030441810344827624
0 0.3073814655172414 0.43224676724137934 0.033225574712643646 0.04337284482758624
0 0.36593031609195403 0.3865840517241379 0.02532327586206895 0.04418103448275862
0 0.32956178160919536 0.5375808189655172 0.029094827586206906 0.042295258620689724
0 0.4031070402298851 0.5475484913793104 0.030711206896551768 0.04498922413793105
0 0.8381824712643678 0.615301724137931 0.02909482758620685 0.04849137931034475
0 0.5933908045977012 0.4348060344827586 0.026580459770115028 0.0431034482758621
0 0.43139367816091956 0.5299030172413793 0.026580459770114973 0.04094827586206895
0 0.3635057471264368 0.29714439655172414 0.025502873563218398 0.0431034482758621
0 0.5663613505747126 0.44288793103448276 0.02891522988505746 0.046875
0 0.7640984195402298 0.5754310344827587 0.029633620689655138 0.04849137931034486
0 0.38451867816091956 0.7385506465517242 0.025862068965517238 0.05145474137931039
0 0.6622665229885057 0.8860452586206897 0.021731321839080442 0.04310344827586199
0 0.6709770114942528 0.6963900862068966 0.028017241379310387 0.05226293103448276
0 0.5005387931034483 0.2860991379310345 0.02981321839080464 0.045797413793103425
0 0.7687679597701149 0.6477640086206897 0.029992816091954033 0.04606681034482751
0 0.3741020114942529 0.34065193965517243 0.024066091954022983 0.04337284482758619
0 0.3871228448275862 0.5115840517241379 0.02496408045977011 0.03556034482758624
0 0.33818247126436785 0.26360452586206895 0.03017241379310348 0.052532327586206906
0 0.4828484195402299 0.32893318965517243 0.02819683908045978 0.046875
0 0.359375 0.7435344827586208 0.026221264367816133 0.04849137931034486
0 0.5019755747126436 0.5216864224137931 0.02478448275862072 0.04822198275862066
0 0.3505747126436781 0.3360721982758621 0.029094827586206906 0.04337284482758624
0 0.26822916666666663 0.4877424568965517 0.02783764367816094 0.0428340517241379
0 0.7701149425287356 0.6915409482758621 0.02765804597701149 0.04040948275862066
0 0.5146372126436782 0.9814116379310345 0.024245689655172487 0.033943965517241326
0 0.693426724137931 0.7287176724137931 0.02981321839080464 0.04471982758620696
0 0.3433010057471264 0.4299568965517241 0.025323275862069006 0.039331896551724144
0 0.6563397988505747 0.8380926724137931 0.03250718390804597 0.04956896551724144
0 0.48320761494252873 0.7528286637931034 0.02891522988505746 0.049838362068965525
0 0.718121408045977 0.6989493534482758 0.028556034482758674 0.04552801724137934
0 0.5773168103448276 0.48760775862068967 0.03250718390804597 0.04471982758620696
0 0.6782507183908046 0.6116648706896552 0.03502155172413801 0.04660560344827591
0 0.3523706896551724 0.46807650862068967 0.02478448275862072 0.03852370689655171
0 0.7893318965517242 0.7931034482758621 0.029454022988505746 0.04094827586206895
0 0.26957614942528735 0.5938846982758621 0.02837643678160917 0.05630387931034486
0 0.46704382183908044 0.8565463362068966 0.03142959770114945 0.05145474137931039
0 0.43004669540229884 0.6291756465517242 0.03142959770114939 0.04929956896551724
0 0.6936063218390804 0.6864224137931034 0.025862068965517238 0.039870689655172376
0 0.48150143678160917 0.4527209051724138 0.02765804597701149 0.04768318965517243
0 0.5347521551724138 0.28879310344827586 0.02676005747126431 0.04094827586206895
0 0.19306752873563218 0.4525862068965517 0.033045977011494254 0.044719827586206906
0 0.4623742816091954 0.4718480603448276 0.021731321839080442 0.036907327586206906
0 0.4334590517241379 0.3623383620689655 0.027478448275862044 0.04418103448275862
0 0.7473958333333334 0.7533674568965517 0.02891522988505746 0.042295258620689724
0 0.5507363505747127 0.25202047413793105 0.023527298850574696 0.03906250000000003
0 0.39251077586206895 0.31223060344827586 0.02209051724137928 0.03663793103448276
0 0.5519037356321839 0.5130657327586208 0.035201149425287404 0.04445043103448276
0 0.4412715517241379 0.4938038793103448 0.02191091954022989 0.03340517241379304
0 0.5031429597701149 0.6376616379310345 0.030352011494252817 0.04849137931034475
0 0.39502514367816094 0.6963900862068966 0.02819683908045978 0.04525862068965514
0 0.7386853448275862 0.6574622844827587 0.03125 0.04229525862068961
0 0.803430316091954 0.7179418103448276 0.036817528735632266 0.045797413793103425
0 0.45572916666666663 0.6182650862068966 0.023886494252873536 0.029633620689655138
0 0.7873563218390804 0.6136853448275862 0.02981321839080464 0.044181034482758674
0 0.7368893678160919 0.6078933189655173 0.026580459770114917 0.04445043103448276
0 0.5164331896551724 0.31330818965517243 0.02388649425287359 0.03556034482758619
0 0.4254669540229885 0.7549838362068966 0.03125 0.0466056034482758
0 0.6976472701149425 0.7668372844827587 0.019576149425287293 0.034213362068965414
0 0.49622844827586204 0.8545258620689655 0.02837643678160917 0.044181034482758674
0 0.7549389367816093 0.8570851293103449 0.03645833333333337 0.04876077586206895
0 0.7708333333333333 0.9772359913793103 0.031609195402298895 0.04067887931034486
0 0.23679956896551724 0.49474676724137934 0.03142959770114939 0.04445043103448271
0 0.5556752873563218 0.5563038793103449 0.026939655172413812 0.04094827586206895
0 0.30729166666666663 0.5969827586206896 0.025502873563218398 0.036099137931034475
0 0.2608656609195402 0.5320581896551724 0.02532327586206895 0.04741379310344829
0 0.45923132183908044 0.5557650862068966 0.029094827586206906 0.038254310344827624
0 0.24901221264367818 0.44787176724137934 0.02819683908045978 0.04983836206896547
0 0.30441810344827586 0.5557650862068966 0.025143678160919558 0.0506465517241379
0 0.36880387931034486 0.4344019396551724 0.02711925287356326 0.04552801724137928
0 0.4561781609195402 0.7289870689655172 0.02298850574712641 0.044181034482758674
0 0.5038613505747127 0.58203125 0.02819683908045978 0.0390625
0 0.7377873563218391 0.525457974137931 0.03196839080459768 0.036368534482758674
0 0.3864942528735632 0.42254849137931033 0.027298850574712652 0.03960129310344829
0 0.48213002873563215 0.26373922413793105 0.027478448275862044 0.039331896551724116
0 0.33791307471264365 0.49636314655172414 0.025323275862069006 0.03852370689655171
0 0.23760775862068967 0.5220905172413792 0.03412356321839083 0.03286637931034486
0 0.4730603448275862 0.5812230603448276 0.02119252873563221 0.028825431034482762
0 0.4329202586206896 0.4579741379310345 0.027478448275862044 0.04364224137931033
0 0.41433189655172414 0.3323006465517241 0.026221264367816133 0.04175646551724138
0 0.6487068965517242 0.6233836206896551 0.03053160919540232 0.038254310344827624
0 0.47009698275862066 0.6939655172413792 0.025323275862069006 0.04148706896551724
0 0.8045977011494253 0.6254040948275862 0.021910919540229834 0.0471443965517242
0 0.39879669540229884 0.4653825431034483 0.02819683908045978 0.04229525862068967
0 0.38146551724137934 0.6023706896551724 0.025862068965517293 0.04094827586206895
0 0.5875538793103448 0.3879310344827586 0.022090517241379337 0.04148706896551724
0 0.43103448275862066 0.5736799568965518 0.023706896551724144 0.04337284482758619
0 0.29148706896551724 0.46848060344827586 0.025502873563218398 0.03663793103448276
0 0.4657866379310345 0.5160290948275862 0.026760057471264365 0.041756465517241326
0 0.39673132183908044 0.35964439655172414 0.02155172413793105 0.03771551724137934
0 0.7089619252873564 0.6081627155172413 0.02891522988505746 0.04660560344827591
0 0.24892241379310345 0.5518588362068966 0.026221264367816077 0.03690732758620685
0 0.4521372126436782 0.3235452586206896 0.027119252873563204 0.04364224137931033
0 0.8003771551724138 0.8370150862068966 0.03214798850574718 0.06034482758620685
0 0.2880747126436781 0.5132004310344828 0.029094827586206906 0.04364224137931033
0 0.8230962643678161 0.7700700431034483 0.04022988505747127 0.051454741379310276
0 0.7754130747126438 0.7334321120689655 0.03178879310344829 0.0466056034482758
0 0.32947198275862066 0.3107489224137931 0.030711206896551768 0.03960129310344829
0 0.3953843390804598 0.6454741379310345 0.02891522988505746 0.04148706896551724
0 0.7196479885057471 0.556573275862069 0.03125 0.04471982758620685
0 0.7772988505747127 0.9007273706896552 0.02837643678160917 0.04822198275862066
0 0.4409123563218391 0.5905172413793103 0.02334770114942525 0.04256465517241381
0 0.7925646551724137 0.5802801724137931 0.029454022988505746 0.046875
0 0.7452406609195402 0.7035290948275862 0.025682471264367734 0.03690732758620685
0 0.3125 0.4932650862068966 0.024784482758620663 0.046875
0 0.3435704022988506 0.6042564655172413 0.02801724137931033 0.03663793103448276
0 0.8216594827586207 0.5769127155172413 0.032327586206896575 0.043911637931034586
0 0.4509698275862069 0.6616379310344828 0.016163793103448287 0.024245689655172376
0 0.5194863505747126 0.841729525862069 0.012033045977011492 0.043911637931034475
0 0.7622126436781609 0.6080280172413793 0.023347701149425304 0.022629310344827624
0 0.4053520114942529 0.6173221982758621 0.016882183908045967 0.022359913793103425
0 0.38451867816091956 0.5561691810344828 0.02262931034482757 0.0509159482758621
0 0.5232579022988506 0.6341594827586207 0.01849856321839083 0.03717672413793105
0 0.40759698275862066 0.7541756465517242 0.021731321839080497 0.04768318965517249
0 0.5272988505747127 0.7125538793103449 0.014727011494252928 0.046875
0 0.288433908045977 0.5734105603448276 0.015086206896551713 0.040140086206896575
0 0.4829382183908046 0.6076239224137931 0.025862068965517238 0.028286637931034475
0 0.4167564655172414 0.6567887931034482 0.018857758620689613 0.05711206896551724
0 0.22961566091954022 0.5502424568965517 0.019576149425287348 0.024515086206896575
0 0.7539511494252873 0.806707974137931 0.033045977011494254 0.051993534482758674
0 0.4577945402298851 0.5949622844827587 0.012931034482758619 0.03636853448275856
0 0.5434626436781609 0.5863415948275863 0.024784482758620663 0.022898706896551713
0 0.46426005747126436 0.43547952586206895 0.031609195402298895 0.03852370689655171
0 0.5020653735632185 0.3481950431034483 0.01813936781609199 0.03582974137931033
0 0.5235272988505748 0.6724137931034483 0.017600574712643646 0.03717672413793105
0 0.6133261494252873 0.4365571120689655 0.016163793103448287 0.04067887931034486
0 0.42429956896551724 0.6872306034482758 0.029633620689655138 0.03879310344827591
0 0.6913613505747127 0.8080549568965517 0.018857758620689613 0.0309806034482758
0 0.41927083333333337 0.7847521551724137 0.020294540229885027 0.015086206896551713
0 0.7151580459770115 0.9674030172413793 0.024425287356321768 0.06519396551724133
0 0.5769576149425287 0.5568426724137931 0.01346982758620685 0.036099137931034475
0 0.5197557471264367 0.6043911637931034 0.015086206896551713 0.022898706896551713
0 0.41846264367816094 0.6031788793103448 0.024066091954022983 0.018857758620689613
0 0.647180316091954 0.7446120689655172 0.0274784482758621 0.042025862068965525
0 0.4905711206896552 0.4172952586206896 0.04112787356321845 0.029633620689655193
0 0.7237787356321839 0.8115571120689655 0.023706896551724088 0.04876077586206895
0 0.5981501436781609 0.37702047413793105 0.03645833333333337 0.04337284482758619
0 0.36126077586206895 0.6899245689655172 0.021731321839080442 0.0387931034482758
0 0.6848958333333334 0.7673760775862069 0.02532327586206895 0.04822198275862066
0 0.584051724137931 0.5228987068965517 0.0193965517241379 0.024784482758620774
0 0.5104166666666667 0.5453933189655172 0.02442528735632188 0.0466056034482758
0 0.3458153735632184 0.7419181034482758 0.022090517241379337 0.04956896551724144
0 0.6616379310344828 0.9290140086206897 0.01795977011494254 0.03852370689655171
0 0.5977909482758621 0.35290948275862066 0.03358477011494254 0.026939655172413757
0 0.7243175287356322 0.7610452586206897 0.021910919540229834 0.05118534482758619
0 0.48823635057471265 0.5356950431034483 0.01634339080459768 0.0546875
0 0.5511853448275863 0.4722521551724138 0.02083333333333337 0.023706896551724144
0 0.7340158045977012 0.73828125 0.02837643678160917 0.0347521551724137
0 0.4961386494252873 0.48370150862068967 0.027478448275862044 0.04660560344827591
0 0.7739762931034483 0.7865032327586208 0.022808908045977017 0.04445043103448276
0 0.6991738505747127 0.9183728448275862 0.02909482758620696 0.0625
0 0.7445222701149425 0.974676724137931 0.02604166666666674 0.0506465517241379
