0 0.22494612068965517 0.49622844827586204 0.02855603448275862 0.04525862068965514
0 0.3280352011494253 0.4885506465517241 0.023168103448275856 0.035290948275862044
0 0.539691091954023 0.3783674568965517 0.028735632183908066 0.03259698275862066
0 0.5117636494252873 0.9267241379310345 0.03286637931034486 0.044181034482758674
0 0.2862787356321839 0.5144127155172413 0.026580459770114917 0.044989224137930994
0 0.3223778735632184 0.947332974137931 0.02298850574712641 0.03960129310344829
0 0.3880208333333333 0.6042564655172413 0.03178879310344829 0.04471982758620696
0 0.48518318965517243 0.5084859913793104 0.02819683908045978 0.042834051724137956
0 0.40041307471264365 0.24892241379310343 0.021731321839080497 0.04148706896551721
0 0.3854166666666667 0.42443426724137934 0.02765804597701149 0.05145474137931033
0 0.2208153735632184 0.5627693965517242 0.02783764367816091 0.04364224137931039
0 0.5795617816091954 0.6695851293103448 0.028735632183908066 0.05145474137931039
0 0.20016163793103448 0.8600484913793104 0.03502155172413793 0.04498922413793105
0 0.5020653735632183 0.5363685344827587 0.02604166666666663 0.04633620689655171
0 0.28708692528735635 0.5814924568965518 0.0332255747126437 0.04337284482758619
0 0.3609913793103448 0.5088900862068966 0.025862068965517238 0.04256465517241376
0 0.25395114942528735 0.9469288793103448 0.024784482758620663 0.04256465517241381
0 0.2457794540229885 0.45447198275862066 0.02891522988505746 0.049030172413793094
0 0.38451867816091956 0.5517241379310345 0.030531609195402265 0.05280172413793105
0 0.41181752873563215 0.5743534482758621 0.03232758620689652 0.05010775862068961
0 0.2842133620689655 0.5425646551724138 0.02891522988505746 0.0350215517241379
0 0.3369252873563219 0.19423491379310345 0.01903735632183906 0.03178879310344829
0 0.4146012931034483 0.29606681034482757 0.031070402298850552 0.04256465517241381
0 0.5390625 0.34294181034482757 0.033943965517241326 0.04256465517241381
0 0.12544899425287356 0.7602370689655172 0.02855603448275862 0.034482758620689724
0 0.13972701149425287 0.6853448275862069 0.034123563218390815 0.04364224137931039
0 0.5445402298850575 0.2730334051724138 0.02765804597701149 0.04175646551724138
0 0.27981321839080464 0.7799030172413792 0.032686781609195414 0.05818965517241381
0 0.4248383620689655 0.2622575431034483 0.031070402298850608 0.04552801724137934
0 0.1270653735632184 0.5786637931034482 0.03753591954022989 0.05118534482758619
0 0.3359375 0.3861799568965517 0.02388649425287359 0.04175646551724138
0 0.3472521551724138 0.6749730603448276 0.022449712643678177 0.03744612068965514
0 0.44863505747126436 0.4175646551724138 0.02298850574712641 0.04094827586206895
0 0.41855244252873564 0.2283135775862069 0.02460488505747127 0.03529094827586207
0 0.10290948275862069 0.7672413793103448 0.0283764367816092 0.03340517241379304
0 0.6055136494252874 0.4515086206896552 0.03250718390804597 0.04148706896551724
0 0.31770833333333337 0.6417025862068966 0.024425287356321823 0.03286637931034486
0 0.4734195402298851 0.6846713362068966 0.025862068965517238 0.0471443965517242
0 0.49739583333333337 0.8859105603448276 0.026760057471264365 0.0428340517241379
0 0.2922054597701149 0.6485721982758621 0.022270114942528785 0.034213362068965525
0 0.10811781609195403 0.7059536637931034 0.03484195402298852 0.04822198275862066
0 0.48931393678160917 0.2846174568965517 0.0350215517241379 0.040678879310344807
0 0.47871767241379315 0.5579202586206897 0.02855603448275862 0.04741379310344829
0 0.3434806034482759 0.6260775862068966 0.026760057471264365 0.05226293103448276
0 0.171875 0.6082974137931034 0.03735632183908044 0.05711206896551724
0 0.26849856321839083 0.4917834051724138 0.03125 0.043911637931034475
0 0.5727370689655172 0.26360452586206895 0.03807471264367823 0.04337284482758619
0 0.4614762931034483 0.18642241379310345 0.029274425287356354 0.05226293103448276
0 0.36862428160919536 0.2654903017241379 0.02783764367816094 0.046605603448275856
0 0.5190373563218391 0.49380387931034486 0.03412356321839083 0.040948275862069006
0 0.22323994252873564 0.4408674568965517 0.02801724137931033 0.04929956896551724
0 0.14251077586206895 0.6356411637931034 0.033225574712643674 0.051993534482758674
0 0.4496228448275862 0.45083512931034486 0.022449712643678177 0.029364224137930994
0 0.38820043103448276 0.2805765086206896 0.030711206896551713 0.04606681034482757
0 0.5966235632183908 0.6784752155172413 0.0193965517241379 0.04067887931034486
0 0.38083692528735635 0.3759428879310345 0.026041666666666685 0.04229525862068967
0 0.44612068965517243 0.6363146551724138 0.024066091954022983 0.038254310344827624
0 0.31285919540229884 0.7742456896551724 0.032327586206896575 0.05280172413793105
0 0.508441091954023 0.4054418103448276 0.02478448275862072 0.03232758620689652
0 0.5145474137931034 0.6243265086206896 0.030172413793103425 0.0390625
0 0.45339439655172414 0.5268049568965517 0.027119252873563204 0.045528017241379226
0 0.28107040229885055 0.45905172413793105 0.03125 0.04418103448275862
0 0.4799748563218391 0.4392510775862069 0.031070402298850552 0.04876077586206895
0 0.25529813218390807 0.568292025862069 0.02999281609195406 0.041756465517241326
0 0.43193247126436785 0.5315193965517242 0.025862068965517293 0.04471982758620696
0 0.22889727011494254 0.8521012931034482 0.023168103448275884 0.04256465517241381
0 0.1669360632183908 0.8844288793103448 0.03250718390804597 0.05010775862068961
0 0.24658764367816094 0.7632004310344828 0.03268678160919539 0.050107758620689724
0 0.4401041666666667 0.21632543103448276 0.026400862068965525 0.04579741379310345
0 0.4529454022988506 0.26239224137931033 0.029094827586206906 0.04633620689655171
0 0.3280352011494253 0.2522898706896552 0.017780172413793094 0.037446120689655166
0 0.31573275862068967 0.45864762931034486 0.033045977011494254 0.04175646551724138
0 0.2899604885057471 0.7264278017241379 0.03358477011494254 0.05145474137931039
0 0.36467313218390807 0.701239224137931 0.03681752873563221 0.049568965517241326
0 0.47539511494252873 0.23006465517241378 0.03196839080459768 0.038793103448275856
0 0.31133261494252873 0.6117995689655172 0.03142959770114939 0.04849137931034475
0 0.3194145114942529 0.6864224137931034 0.033943965517241326 0.05334051724137934
0 0.41289511494252873 0.4176993534482759 0.03053160919540232 0.046605603448275856
0 0.5420258620689655 0.5600754310344828 0.032327586206896575 0.046875
0 0.40014367816091956 0.5041756465517242 0.027298850574712652 0.04552801724137934
0 0.5526221264367817 0.6748383620689655 0.026221264367816022 0.051724137931034475
0 0.47323994252873564 0.6212284482758621 0.03053160919540232 0.051724137931034475
0 0.45635775862068967 0.5703125 0.026580459770114917 0.04471982758620685
0 0.3467133620689655 0.47063577586206895 0.0274784482758621 0.045797413793103425
0 0.5119432471264368 0.36920797413793105 0.03538074712643674 0.04445043103448276
0 0.36153017241379315 0.5777209051724137 0.02191091954022989 0.04067887931034486
0 0.3564116379310345 0.8248922413793104 0.02460488505747127 0.047952586206896575
0 0.4836566091954023 0.3863146551724138 0.029454022988505746 0.04956896551724138
0 0.49856321839080464 0.3232758620689655 0.032686781609195414 0.04418103448275862
0 0.42223419540229884 0.64453125 0.01795977011494254 0.035829741379310276
0 0.34868893678160917 0.22952586206896552 0.03969109195402298 0.0431034482758621
0 0.4607579022988506 0.3002424568965517 0.02855603448275862 0.036907327586206906
0 0.4832974137931034 0.25969827586206895 0.032686781609195414 0.038793103448275884
0 0.5642959770114943 0.3094019396551724 0.02155172413793105 0.041217672413793094
0 0.5469647988505748 0.3162715517241379 0.029274425287356354 0.044719827586206906
0 0.4718929597701149 0.3193696120689655 0.01813936781609199 0.031519396551724144
0 0.4420797413793104 0.3247575431034483 0.027478448275862044 0.05792025862068967
0 0.41271551724137934 0.3329741379310345 0.02873563218390801 0.030711206896551713
0 0.4138829022988506 0.3650323275862069 0.035739942528735635 0.04741379310344829
0 0.4382183908045977 0.39224137931034486 0.02801724137931033 0.05980603448275862
0 0.45483117816091956 0.3506196120689655 0.022808908045977017 0.028825431034482762
0 0.47063577586206895 0.3432112068965517 0.018139367816091934 0.021012931034482762
0 0.3615301724137931 0.3203125 0.04454022988505746 0.04040948275862066
0 0.5845007183908046 0.4765625 0.025682471264367845 0.059806034482758674
0 0.6139547413793103 0.4876077586206896 0.02747844827586199 0.043103448275862044
0 0.5871048850574713 0.5305765086206896 0.026221264367816133 0.049838362068965525
0 0.6108117816091954 0.5266702586206897 0.01867816091954022 0.04040948275862066
0 0.5248742816091954 0.46740301724137934 0.04328304597701149 0.03232758620689652
0 0.530621408045977 0.4269935344827586 0.0350215517241379 0.04633620689655171
0 0.554058908045977 0.4265894396551724 0.015086206896551824 0.04552801724137928
0 0.5509159482758621 0.47790948275862066 0.018139367816091934 0.04471982758620685
0 0.4423491379310345 0.4845096982758621 0.026939655172413812 0.04552801724137928
0 0.42151580459770116 0.4458512931034483 0.028735632183908066 0.04040948275862066
0 0.41864224137931033 0.4730603448275862 0.024066091954022983 0.03178879310344829
0 0.3969109195402299 0.44719827586206895 0.015804597701149392 0.02532327586206895
0 0.36072198275862066 0.41769935344827586 0.019216954022988453 0.03852370689655171
0 0.3475215517241379 0.41608297413793105 0.02334770114942525 0.036907327586206906
0 0.3744612068965517 0.46955818965517243 0.024425287356321823 0.042025862068965525
0 0.3167205459770115 0.5245150862068966 0.029633620689655138 0.05010775862068961
0 0.34554597701149425 0.537042025862069 0.025143678160919558 0.043911637931034475
0 0.32596982758620685 0.5647898706896551 0.03160919540229884 0.0428340517241379
0 0.21021910919540232 0.4525862068965517 0.03502155172413793 0.047952586206896575
0 0.23913433908045978 0.5125269396551724 0.024245689655172403 0.037984913793103425
0 0.1939655172413793 0.4362877155172414 0.02155172413793105 0.03690732758620685
0 0.2073455459770115 0.5010775862068966 0.018139367816091934 0.035021551724137956
0 0.203125 0.5366379310344828 0.03627873563218392 0.037715517241379226
0 0.41954022988505746 0.611260775862069 0.03160919540229884 0.036099137931034475
0 0.4405531609195402 0.5748922413793104 0.016522988505747127 0.045797413793103425
0 0.4445941091954023 0.6026400862068966 0.019935344827586243 0.030711206896551713
0 0.5037715517241379 0.5713900862068966 0.028017241379310387 0.0350215517241379
0 0.5171515804597702 0.5350215517241379 0.015265804597701105 0.03771551724137934
0 0.4014008620689655 0.6508620689655172 0.026939655172413812 0.0587284482758621
0 0.37383261494252873 0.6507273706896552 0.02819683908045978 0.06223060344827591
0 0.5250538793103449 0.6771282327586208 0.031070402298850608 0.05522629310344829
0 0.5434626436781609 0.7122844827586208 0.028017241379310387 0.030711206896551713
0 0.5726472701149425 0.7196928879310345 0.030711206896551713 0.043911637931034475
0 0.5186781609195402 0.5821659482758621 0.026221264367816133 0.04741379310344829
0 0.5941091954022988 0.650323275862069 0.03448275862068961 0.04741379310344829
0 0.49209770114942525 0.5994073275862069 0.017600574712643646 0.025862068965517238
0 0.5125718390804598 0.6726831896551724 0.03160919540229884 0.051724137931034475
0 0.19809626436781608 0.5719288793103448 0.02478448275862069 0.028017241379310387
0 0.5370869252873562 0.7301993534482758 0.02460488505747127 0.05091594827586199
0 0.4852729885057471 0.7091864224137931 0.025143678160919558 0.040140086206896464
0 0.3621587643678161 0.7803071120689655 0.02819683908045978 0.045528017241379226
0 0.3758979885057471 0.7346443965517242 0.024066091954022983 0.03178879310344829
0 0.3469827586206896 0.7354525862068966 0.02801724137931033 0.0544181034482758
0 0.21497844827586207 0.728448275862069 0.03807471264367818 0.04040948275862066
0 0.1916307471264368 0.7733028017241379 0.04741379310344826 0.04229525862068961
0 0.18660201149425287 0.8201778017241379 0.02801724137931033 0.04822198275862066
0 0.14457614942528735 0.7169989224137931 0.036278735632183895 0.04121767241379304
0 0.18893678160919541 0.6388739224137931 0.03268678160919539 0.03259698275862066
0 0.23760775862068964 0.6678340517241379 0.03160919540229884 0.051724137931034475
0 0.2816989942528736 0.6173221982758621 0.037895114942528785 0.03690732758620685
0 0.3712284482758621 0.94921875 0.017959770114942486 0.0503771551724137
0 0.22647270114942528 0.9727909482758621 0.02765804597701149 0.04903017241379315
0 0.31052442528735635 0.9800646551724138 0.03412356321839077 0.0387931034482758
0 0.49506106321839083 0.9521821120689655 0.022808908045977017 0.04445043103448276
0 0.5051185344827587 0.9869342672413792 0.035021551724137956 0.025053879310344862
0 0.5072737068965517 0.7085129310344828 0.01885775862068967 0.024245689655172376
0 0.37832255747126436 0.3399784482758621 0.038972701149425304 0.032866379310344807
0 0.33934985632183906 0.3103448275862069 0.017420977011494254 0.04256465517241381
