0 0.5206537356321839 0.25309806034482757 0.022629310344827513 0.03960129310344826
0 0.4649784482758621 0.1814385775862069 0.020833333333333315 0.03582974137931036
0 0.47844827586206895 0.22023168103448276 0.026221264367816077 0.0390625
0 0.4562679597701149 0.28488685344827586 0.023168103448275856 0.03744612068965514
0 0.5336745689655172 0.5086206896551724 0.0231681034482758 0.039331896551724144
0 0.6241918103448276 0.38873922413793105 0.021372126436781547 0.02532327586206895
0 0.1974676724137931 0.4267241379310345 0.029274425287356326 0.04040948275862066
0 0.5577406609195402 0.6453394396551724 0.021731321839080442 0.040140086206896575
0 0.3369252873563219 0.8469827586206896 0.023706896551724144 0.04094827586206895
0 0.5616918103448276 0.5005387931034483 0.02532327586206895 0.03663793103448271
0 0.2166846264367816 0.3794450431034483 0.032866379310344834 0.047144396551724144
0 0.2924748563218391 0.7370689655172413 0.02352729885057475 0.04040948275862066
0 0.3583872126436781 0.38348599137931033 0.02783764367816094 0.04337284482758619
0 0.3160021551724138 0.35910560344827586 0.02209051724137928 0.038254310344827624
0 0.2882543103448276 0.6324084051724138 0.02191091954022989 0.051454741379310276
0 0.6285919540229885 0.6686422413793103 0.023347701149425193 0.04633620689655171
0 0.3048670977011494 0.5230334051724137 0.02496408045977011 0.027747844827586188
0 0.5126616379310345 0.4054418103448276 0.027837643678160884 0.04364224137931033
0 0.5413074712643677 0.24488146551724138 0.02442528735632188 0.03394396551724135
0 0.46345186781609193 0.5040409482758621 0.02783764367816094 0.04364224137931033
0 0.43175287356321834 0.6412984913793103 0.03089080459770116 0.04660560344827591
0 0.40625 0.6636584051724138 0.026221264367816133 0.0428340517241379
0 0.2769396551724138 0.41150323275862066 0.023706896551724144 0.03960129310344823
0 0.5961745689655172 0.2645474137931034 0.03214798850574718 0.03771551724137931
0 0.19549209770114942 0.4501616379310345 0.030711206896551713 0.03717672413793105
0 0.48159123563218387 0.31047952586206895 0.03394396551724138 0.0390625
0 0.3057650862068966 0.3393049568965517 0.026400862068965525 0.03636853448275862
0 0.6357758620689655 0.2882543103448276 0.02298850574712641 0.03771551724137928
0 0.3686242816091954 0.9509698275862069 0.02819683908045978 0.04633620689655171
0 0.4191810344827586 0.8453663793103448 0.01795977011494254 0.04040948275862066
0 0.45186781609195403 0.22171336206896552 0.025143678160919558 0.04148706896551724
0 0.6572377873563218 0.28367456896551724 0.030711206896551713 0.04094827586206895
0 0.5076329022988506 0.2803071120689655 0.027119252873563204 0.041217672413793094
0 0.4198096264367816 0.6175915948275863 0.01849856321839083 0.03852370689655171
0 0.5303520114942528 0.5876885775862069 0.026580459770115028 0.04229525862068961
0 0.258441091954023 0.47103987068965514 0.024066091954022983 0.03582974137931033
0 0.16702586206896552 0.4104256465517241 0.03376436781609196 0.04175646551724138
0 0.5694145114942528 0.32058189655172414 0.027837643678160995 0.036099137931034475
0 0.3426724137931034 0.47629310344827586 0.023706896551724144 0.03771551724137934
0 0.45869252873563215 0.5928071120689655 0.022988505747126464 0.046066810344827624
0 0.23706896551724138 0.7487877155172413 0.029813218390804613 0.04606681034482751
0 0.5745330459770115 0.39089439655172414 0.024784482758620774 0.04256465517241381
0 0.5746228448275862 0.6596174568965517 0.026400862068965525 0.043911637931034475
0 0.6552622126436782 0.44733297413793105 0.02819683908045978 0.03852370689655171
0 0.6572377873563218 0.28367456896551724 0.030711206896551713 0.04094827586206895
0 0.44809626436781613 0.46484375 0.027298850574712652 0.03744612068965514
0 0.5705818965517242 0.5691002155172413 0.023706896551724088 0.03636853448275856
0 0.2455998563218391 0.6787446120689655 0.03394396551724138 0.0428340517241379
0 0.5294540229885057 0.30105064655172414 0.02765804597701149 0.0390625
0 0.564385775862069 0.6030441810344828 0.0231681034482758 0.0347521551724137
0 0.5049389367816093 0.5525323275862069 0.015984195402298895 0.03879310344827591
0 0.4649784482758621 0.1814385775862069 0.020833333333333315 0.03582974137931036
0 0.48635057471264365 0.4655172413793104 0.02191091954022989 0.03987068965517243
0 0.22898706896551724 0.4542025862068966 0.026580459770114945 0.03232758620689652
0 0.5160739942528736 0.3615301724137931 0.024964080459770166 0.03717672413793105
0 0.17860991379310345 0.5417564655172413 0.02460488505747127 0.03178879310344829
0 0.3729346264367816 0.4259159482758621 0.02604166666666663 0.03825431034482757
0 0.4879669540229885 0.3630118534482759 0.025502873563218342 0.036907327586206906
0 0.35281968390804597 0.6945043103448276 0.02424568965517243 0.0506465517241379
0 0.23608117816091956 0.6764547413793103 0.020294540229885055 0.03663793103448276
0 0.48994252873563215 0.25929418103448276 0.025143678160919503 0.040140086206896575
0 0.32677801724137934 0.6787446120689655 0.02855603448275862 0.045528017241379226
0 0.560614224137931 0.42578125 0.02532327586206895 0.04121767241379315
0 0.44297772988505746 0.3693426724137931 0.022808908045977017 0.03556034482758619
0 0.5359195402298851 0.3896821120689655 0.02442528735632188 0.0546875
0 0.5889008620689655 0.22454202586206895 0.0269396551724137 0.04552801724137931
0 0.5186781609195402 0.4616109913793104 0.021910919540229834 0.037446120689655193
0 0.4833872126436781 0.5311153017241379 0.030352011494252873 0.04337284482758619
0 0.5653735632183908 0.24447737068965517 0.0237068965517242 0.04014008620689652
0 0.25161637931034486 0.5766433189655172 0.02119252873563221 0.038523706896551824
0 0.3274066091954023 0.40490301724137934 0.026580459770114973 0.03987068965517243
0 0.3500359195402299 0.9009967672413793 0.02155172413793105 0.032058189655172376
0 0.649694683908046 0.4731950431034483 0.020294540229885083 0.0272090517241379
0 0.5457076149425287 0.27869073275862066 0.027837643678160884 0.04229525862068967
0 0.5897988505747126 0.4884159482758621 0.02765804597701149 0.03609913793103453
0 0.5113146551724137 0.5060614224137931 0.021192528735632155 0.039062500000000056
0 0.48356681034482757 0.40382543103448276 0.026400862068965525 0.04418103448275862
0 0.3896372126436781 0.4559536637931034 0.023886494252873536 0.04229525862068967
0 0.3943965517241379 0.6236530172413793 0.03232758620689652 0.04471982758620685
0 0.5930316091954022 0.40759698275862066 0.02083333333333337 0.029633620689655193
0 0.3946659482758621 0.5428340517241379 0.02711925287356326 0.04364224137931039
0 0.5503771551724138 0.625 0.022808908045977017 0.0393318965517242
0 0.5955459770114943 0.3438846982758621 0.02765804597701149 0.035290948275862044
0 0.6103627873563218 0.7001616379310345 0.021372126436781547 0.03125
0 0.4985632183908046 0.5845905172413793 0.019037356321839005 0.030172413793103425
0 0.3160919540229885 0.45864762931034486 0.03125 0.042834051724137956
0 0.4026580459770115 0.8165409482758621 0.01867816091954022 0.03340517241379315
0 0.47844827586206895 0.22023168103448276 0.026221264367816077 0.0390625
0 0.6005747126436782 0.6650053879310345 0.026221264367816022 0.046066810344827624
0 0.30684267241379315 0.3939924568965517 0.023168103448275856 0.036907327586206906
0 0.41585847701149425 0.5568426724137931 0.021012931034482762 0.045797413793103536
0 0.4410919540229885 0.4247036637931034 0.022629310344827624 0.04606681034482757
0 0.5889008620689655 0.22454202586206895 0.0269396551724137 0.04552801724137931
0 0.3586566091954023 0.8209859913793103 0.02765804597701149 0.04337284482758619
0 0.3801185344827586 0.6953125 0.029274425287356354 0.049568965517241326
0 0.6001257183908046 0.5498383620689655 0.024964080459770055 0.039870689655172376
0 0.3693426724137931 0.5622306034482758 0.01849856321839083 0.02747844827586199
0 0.6012033045977012 0.3801185344827586 0.030711206896551713 0.03771551724137934
0 0.5281070402298851 0.5472790948275862 0.023168103448275912 0.03690732758620685
0 0.40867456896551724 0.7381465517241379 0.020653735632183867 0.0431034482758621
0 0.4354346264367816 0.5860721982758621 0.02388649425287359 0.04822198275862066
0 0.4215158045977011 0.4369612068965517 0.017241379310344807 0.029094827586206906
0 0.522180316091954 0.8355334051724137 0.021731321839080442 0.03852370689655171
0 0.38829022988505746 0.3977640086206896 0.029454022988505746 0.041217672413793094
0 0.3666487068965517 0.6501885775862069 0.02819683908045978 0.04498922413793105
0 0.3907147988505747 0.5705818965517242 0.022449712643678177 0.02532327586206906
0 0.26939655172413796 0.7400323275862069 0.029454022988505746 0.04040948275862066
0 0.48994252873563215 0.25929418103448276 0.025143678160919503 0.040140086206896575
0 0.22557471264367818 0.5960398706896551 0.023347701149425276 0.0272090517241379
0 0.41522988505747127 0.40786637931034486 0.02765804597701149 0.038793103448275856
0 0.40472341954022983 0.4698275862068966 0.019576149425287348 0.032866379310344807
0 0.5653735632183908 0.24447737068965517 0.0237068965517242 0.04014008620689652
0 0.5413074712643677 0.24488146551724138 0.02442528735632188 0.03394396551724135
0 0.45545977011494254 0.5498383620689655 0.025143678160919558 0.04148706896551724
0 0.45186781609195403 0.22171336206896552 0.025143678160919558 0.04148706896551724
0 0.5157147988505748 0.6342941810344828 0.021012931034482762 0.040140086206896575
0 0.6254489942528736 0.3592403017241379 0.03250718390804597 0.03852370689655177
0 0.5961745689655172 0.2645474137931034 0.03214798850574718 0.03771551724137931
0 0.5725574712643678 0.2883890086206896 0.026580459770114917 0.041217672413793094
0 0.24883261494252873 0.4252424568965517 0.03178879310344829 0.04498922413793105
0 0.3758979885057471 0.4692887931034483 0.02083333333333337 0.038793103448275856
0 0.4613864942528736 0.38146551724137934 0.02047413793103453 0.03771551724137928
0 0.28044181034482757 0.5829741379310345 0.030711206896551713 0.043642241379310276
0 0.6357758620689655 0.2882543103448276 0.02298850574712641 0.03771551724137928
0 0.3750897988505747 0.5078125 0.02496408045977011 0.038254310344827624
0 0.3679058908045977 0.5342133620689655 0.02460488505747127 0.030172413793103425
0 0.5739942528735632 0.7000269396551724 0.021910919540229834 0.034213362068965525
0 0.33719468390804597 0.36085668103448276 0.026041666666666685 0.04229525862068961
0 0.2550287356321839 0.6136853448275862 0.036278735632183895 0.043642241379310276
0 0.5206537356321839 0.25309806034482757 0.022629310344827513 0.03960129310344826
0 0.45851293103448276 0.4229525862068966 0.016163793103448287 0.03663793103448276
0 0.4345366379310345 0.3348599137931034 0.02460488505747127 0.03825431034482757
0 0.5474137931034483 0.3349946120689655 0.025502873563218342 0.05307112068965514
0 0.22746048850574713 0.5631734913793103 0.027478448275862044 0.04337284482758619
0 0.5510057471264368 0.5436422413793104 0.026580459770114917 0.042025862068965525
0 0.4844647988505747 0.5650592672413793 0.02496408045977011 0.024515086206896575
0 0.3000179597701149 0.4680765086206896 0.014906609195402265 0.035290948275862044
0 0.48356681034482757 0.33822737068965514 0.029992816091954033 0.015355603448275856
0 0.5738146551724138 0.5346174568965517 0.019037356321839116 0.03690732758620685
0 0.4331896551724138 0.5142780172413792 0.02155172413793105 0.023168103448275912
0 0.5965337643678161 0.2931034482758621 0.030711206896551713 0.033405172413793094
0 0.29193606321839083 0.5024245689655172 0.022808908045977017 0.039331896551724144
0 0.5982399425287357 0.3157327586206896 0.029454022988505746 0.02424568965517243
0 0.45501077586206895 0.2605064655172414 0.01598419540229884 0.023168103448275884
0 0.5843211206896552 0.5247844827586207 0.011673850574712596 0.033943965517241326
0 0.6320941091954023 0.33054956896551724 0.026400862068965525 0.04040948275862066
0 0.2449712643678161 0.5177801724137931 0.022988505747126464 0.02747844827586199
0 0.5862966954022989 0.4597252155172414 0.03969109195402298 0.030441810344827624
0 0.4422593390804598 0.2691271551724138 0.010596264367816077 0.03556034482758624
0 0.6445761494252873 0.3238146551724138 0.016163793103448287 0.03178879310344829
0 0.6073096264367817 0.4605334051724138 0.019935344827586188 0.04229525862068967
0 0.4714439655172414 0.2728987068965517 0.015804597701149392 0.030172413793103425
0 0.3401580459770115 0.5110452586206896 0.020474137931034475 0.031249999999999944
0 0.5736350574712643 0.34011314655172414 0.022629310344827513 0.019127155172413812
0 0.35353807471264365 0.4057112068965517 0.022449712643678177 0.0350215517241379
0 0.45510057471264365 0.31842672413793105 0.01903735632183906 0.032327586206896575
0 0.6011135057471264 0.41796875 0.026939655172413812 0.03582974137931039
0 0.5149066091954022 0.43588362068965514 0.025862068965517238 0.02209051724137928
0 0.6329920977011494 0.4602640086206896 0.015625 0.05199353448275862
0 0.28654813218390807 0.4500269396551724 0.023168103448275856 0.03044181034482757
0 0.5179597701149425 0.3273168103448276 0.027298850574712707 0.02801724137931033
0 0.5036817528735632 0.4441002155172414 0.01706178160919536 0.0352909482758621
0 0.6205998563218391 0.6197467672413793 0.03573994252873558 0.041756465517241326
0 0.5349317528735632 0.4401939655172414 0.015625 0.02155172413793105
0 0.5864762931034483 0.6911368534482758 0.02388649425287359 0.027747844827586188
0 0.41154813218390807 0.6955818965517242 0.01921695402298851 0.019935344827586188
0 0.5396012931034483 0.41810344827586204 0.019576149425287293 0.021012931034482762
0 0.4286997126436781 0.37755926724137934 0.028376436781609227 0.03852370689655177
0 0.5207435344827587 0.9222790948275862 0.018857758620689613 0.04876077586206895
0 0.3352191091954023 0.42443426724137934 0.022808908045977017 0.02235991379310348
0 0.5195761494252873 0.7991648706896552 0.012931034482758563 0.03582974137931039
0 0.33836206896551724 0.9788523706896552 0.01795977011494254 0.04175646551724144
0 0.29364224137931033 0.41985452586206895 0.03484195402298851 0.03852370689655171
0 0.3585668103448276 0.43521012931034486 0.01526580459770116 0.031519396551724144
0 0.2966056034482759 0.9256465517241379 0.013469827586206906 0.05010775862068961
0 0.42070761494252873 0.8904903017241379 0.009518678160919558 0.04175646551724144
0 0.40050287356321834 0.4939385775862069 0.01831896551724138 0.023976293103448287
0 0.43157327586206895 0.47871767241379315 0.023706896551724144 0.04579741379310348
0 0.3644037356321839 0.779364224137931 0.02155172413793105 0.04040948275862066
0 0.38056752873563215 0.7699353448275863 0.02334770114942525 0.04040948275862066
0 0.4995510057471264 0.49824892241379315 0.027478448275862044 0.029364224137931105
0 0.27873563218390807 0.658270474137931 0.025502873563218398 0.03313577586206895
0 0.21201508620689657 0.6243265086206896 0.02783764367816091 0.0390625
0 0.2015984195402299 0.49016702586206895 0.02532327586206895 0.03852370689655177
0 0.2032147988505747 0.3861799568965517 0.01813936781609196 0.049838362068965525
