0 0.3156429597701149 0.876885775862069 0.02711925287356326 0.05118534482758619
0 0.5114044540229885 0.5412176724137931 0.03250718390804597 0.05226293103448276
0 0.6502334770114943 0.34119073275862066 0.02891522988505746 0.044989224137930994
0 0.6624461206896551 0.3904903017241379 0.029992816091954033 0.04391163793103453
0 0.6364942528735632 0.2863685344827587 0.02083333333333326 0.03394396551724138
0 0.8264188218390804 0.2780172413793104 0.036817528735632155 0.043103448275862044
0 0.6329920977011494 0.4757543103448276 0.022808908045977017 0.044719827586206906
0 0.720635775862069 0.23019935344827586 0.02819683908045978 0.0460668103448276
0 0.7035739942528736 0.36961206896551724 0.02604166666666663 0.05280172413793105
0 0.6459231321839081 0.6794181034482758 0.029274425287356354 0.04741379310344829
0 0.29920977011494254 0.6135506465517242 0.029813218390804586 0.05091594827586199
0 0.6786997126436781 0.3639547413793104 0.030172413793103425 0.050646551724137956
0 0.5596264367816093 0.6547683189655172 0.02227011494252873 0.037984913793103425
0 0.3292025862068966 0.5522629310344828 0.031968390804597735 0.06088362068965525
0 0.3019037356321839 0.4040948275862069 0.03843390804597702 0.04148706896551724
0 0.6419719827586207 0.6244612068965518 0.028556034482758674 0.04256465517241381
0 0.34096623563218387 0.44935344827586204 0.03753591954022989 0.05711206896551724
0 0.5692349137931034 0.5208782327586207 0.026400862068965525 0.041756465517241326
0 0.35704022988505746 0.25767780172413796 0.03160919540229884 0.049299568965517265
0 0.4494432471264368 0.544854525862069 0.032866379310344807 0.0584590517241379
0 0.7665229885057472 0.25538793103448276 0.031609195402298895 0.05280172413793105
0 0.6647808908045978 0.5394665948275862 0.029633620689655138 0.04876077586206895
0 0.6552622126436782 0.7536368534482759 0.027837643678160995 0.0546875
0 0.1989044540229885 0.2821928879310345 0.030711206896551713 0.043911637931034475
0 0.688757183908046 0.5033674568965517 0.03196839080459779 0.04229525862068967
0 0.6964798850574713 0.4449084051724138 0.0237068965517242 0.047144396551724144
0 0.4207974137931034 0.7696659482758621 0.019396551724137956 0.042025862068965525
0 0.6850754310344828 0.60546875 0.027119252873563315 0.051454741379310276
0 0.39556393678160917 0.6532866379310345 0.028196839080459724 0.051724137931034475
0 0.37760416666666663 0.8287984913793103 0.020294540229885027 0.03960129310344829
0 0.570941091954023 0.2928340517241379 0.028376436781609282 0.043103448275862044
0 0.7717313218390804 0.3123653017241379 0.03125 0.05145474137931033
0 0.4146012931034483 0.24191810344827586 0.04220545977011492 0.044719827586206934
0 0.5392420977011494 0.35304418103448276 0.0274784482758621 0.03960129310344829
0 0.6698994252873564 0.7039331896551724 0.02765804597701149 0.04741379310344829
0 0.2605962643678161 0.9275323275862069 0.029813218390804613 0.05010775862068961
0 0.5228987068965518 0.22508081896551724 0.03430316091954022 0.04606681034482757
0 0.3656609195402299 0.6598868534482759 0.029454022988505746 0.043911637931034475
0 0.5131106321839081 0.5016163793103449 0.024784482758620663 0.03609913793103453
0 0.24263649425287354 0.5999461206896551 0.03484195402298848 0.042025862068965525
0 0.3699712643678161 0.36503232758620685 0.029454022988505746 0.04364224137931033
0 0.6275143678160919 0.20339439655172414 0.0237068965517242 0.04040948275862069
0 0.6249102011494253 0.662042025862069 0.02604166666666674 0.04121767241379315
0 0.2478448275862069 0.4834321120689655 0.025143678160919558 0.0390625
0 0.8214798850574713 0.3939924568965517 0.02981321839080464 0.046605603448275856
0 0.5711206896551724 0.6297144396551724 0.028735632183908066 0.04552801724137934
0 0.19872485632183906 0.3199084051724138 0.025323275862068978 0.0390625
0 0.23266882183908044 0.6632543103448276 0.02173132183908047 0.05387931034482751
0 0.2229705459770115 0.5013469827586208 0.029633620689655193 0.03663793103448276
0 0.7394935344827587 0.3174838362068966 0.029274425287356354 0.050915948275862044
0 0.7618534482758621 0.4183728448275862 0.03196839080459768 0.049030172413793094
0 0.47045617816091956 0.2322198275862069 0.02891522988505746 0.04148706896551724
0 0.607489224137931 0.41581357758620685 0.03142959770114939 0.047144396551724144
0 0.7928340517241379 0.42349137931034486 0.03214798850574707 0.044719827586206906
0 0.2336566091954023 0.3748653017241379 0.029094827586206906 0.042834051724137956
0 0.49093031609195403 0.4806034482758621 0.037895114942528674 0.05172413793103453
0 0.5064655172413792 0.2772090517241379 0.023706896551724088 0.04202586206896547
0 0.26795977011494254 0.8745959051724138 0.033764367816091934 0.051993534482758674
0 0.5473239942528736 0.4841056034482759 0.024245689655172376 0.046875000000000056
0 0.6179956896551724 0.7250808189655172 0.028017241379310387 0.053609913793103425
0 0.7733477011494253 0.37432650862068967 0.027298850574712707 0.05037715517241381
0 0.4051724137931034 0.29269935344827586 0.024425287356321823 0.034213362068965525
0 0.5298132183908046 0.27101293103448276 0.028017241379310387 0.04579741379310345
0 0.8076508620689655 0.30778556034482757 0.03340517241379315 0.0390625
0 0.45932112068965514 0.1619073275862069 0.02783764367816094 0.05064655172413793
0 0.2661637931034483 0.5629040948275863 0.029454022988505746 0.04337284482758619
0 0.4146012931034483 0.4695581896551724 0.03214798850574713 0.045258620689655193
0 0.33054956896551724 0.3683997844827586 0.03358477011494254 0.040140086206896575
0 0.21623563218390804 0.40315193965517243 0.032686781609195414 0.04876077586206895
0 0.48105244252873564 0.18251616379310345 0.029992816091954033 0.05738146551724138
0 0.5411278735632183 0.31182650862068967 0.02909482758620696 0.04337284482758619
0 0.29938936781609193 0.4695581896551724 0.03484195402298851 0.04418103448275862
0 0.49829382183908044 0.3582974137931034 0.030352011494252817 0.04148706896551724
0 0.6991738505747126 0.3197737068965517 0.02765804597701149 0.04256465517241381
0 0.21569683908045978 0.26144935344827586 0.033045977011494254 0.050377155172413784
0 0.579382183908046 0.3806573275862069 0.030890804597701216 0.046875
0 0.4412715517241379 0.22036637931034483 0.029094827586206906 0.039331896551724144
0 0.5804597701149425 0.4837015086206896 0.03053160919540232 0.04606681034482757
0 0.6129669540229885 0.46632543103448276 0.0237068965517242 0.04418103448275862
0 0.5891702586206897 0.26360452586206895 0.028556034482758563 0.04175646551724138
0 0.2146192528735632 0.7815193965517242 0.02478448275862069 0.04525862068965514
0 0.6590337643678161 0.48962823275862066 0.02819683908045978 0.04822198275862072
0 0.5959051724137931 0.5277478448275862 0.02442528735632188 0.046875
0 0.7145294540229885 0.48073814655172414 0.026400862068965525 0.04175646551724144
0 0.5886314655172413 0.33755387931034486 0.02460488505747127 0.04256465517241376
0 0.32695761494252873 0.822332974137931 0.02819683908045978 0.055765086206896575
0 0.7390445402298851 0.4446390086206896 0.025502873563218342 0.03205818965517243
0 0.8010057471264367 0.3759428879310345 0.02837643678160917 0.04067887931034486
0 0.46354166666666663 0.3207165948275862 0.029094827586206906 0.046605603448275856
0 0.45114942528735635 0.48626077586206895 0.032686781609195414 0.055495689655172376
0 0.610003591954023 0.5777209051724137 0.03142959770114939 0.05522629310344829
0 0.3345007183908046 0.48518318965517243 0.03358477011494254 0.04633620689655171
0 0.40041307471264365 0.8271821120689655 0.026760057471264365 0.045528017241379226
0 0.39664152298850575 0.8767510775862069 0.02604166666666663 0.05253232758620696
0 0.46426005747126436 0.2613146551724138 0.025502873563218342 0.03178879310344829
0 0.3366558908045977 0.39587823275862066 0.030711206896551713 0.04606681034482757
0 0.6135955459770115 0.5149515086206896 0.0231681034482758 0.04229525862068967
0 0.6038074712643678 0.35695043103448276 0.025143678160919558 0.047952586206896575
0 0.7931932471264368 0.2801724137931034 0.03250718390804597 0.04579741379310348
0 0.24102011494252873 0.22683189655172414 0.030172413793103425 0.05711206896551724
0 0.7059985632183908 0.5325969827586207 0.026221264367816133 0.039870689655172376
0 0.8324353448275862 0.22939116379310343 0.03520114942528729 0.0498383620689655
0 0.7658943965517242 0.22171336206896552 0.03358477011494243 0.03663793103448276
0 0.6205998563218391 0.3151939655172414 0.026400862068965525 0.03933189655172409
0 0.5188577586206897 0.32260237068965514 0.027298850574712596 0.048760775862069006
0 0.19082255747126436 0.5584590517241379 0.02424568965517243 0.04471982758620685
0 0.6473599137931034 0.4435614224137931 0.0231681034482758 0.03852370689655171
0 0.2552083333333333 0.7618534482758621 0.020833333333333343 0.04148706896551724
0 0.6687320402298851 0.3011853448275862 0.031070402298850608 0.044719827586206906
0 0.17690373563218392 0.23585668103448276 0.03771551724137931 0.0476831896551724
0 0.21758261494252873 0.5676185344827587 0.036099137931034475 0.0625
0 0.6366738505747127 0.5235721982758621 0.026939655172413812 0.043911637931034475
0 0.5764188218390804 0.4362877155172414 0.03250718390804597 0.05145474137931039
0 0.5069145114942529 0.4094827586206896 0.030352011494252873 0.048491379310344807
0 0.4876077586206896 0.4346713362068966 0.026221264367816077 0.0390625
0 0.4451329022988506 0.5964439655172413 0.02568247126436779 0.04471982758620696
0 0.7993893678160919 0.23141163793103448 0.028735632183908066 0.04956896551724141
0 0.6299389367816093 0.24865301724137934 0.027119252873563204 0.04094827586206898
0 0.6158405172413793 0.6391433189655172 0.02765804597701149 0.038523706896551824
0 0.43417744252873564 0.2794989224137931 0.0274784482758621 0.043911637931034475
0 0.3871228448275862 0.7830010775862069 0.029992816091954033 0.04445043103448276
0 0.20132902298850575 0.4308997844827587 0.029094827586206906 0.05199353448275862
0 0.6426005747126438 0.7176724137931034 0.029454022988505746 0.039870689655172376
0 0.2859195402298851 0.8286637931034483 0.02406609195402304 0.0431034482758621
0 0.7038433908045978 0.7272359913793103 0.02837643678160917 0.05037715517241381
0 0.7321300287356323 0.40988685344827586 0.02819683908045978 0.047683189655172376
0 0.31016522988505746 0.1740301724137931 0.033045977011494254 0.05226293103448276
0 0.6708872126436782 0.4269935344827586 0.022090517241379337 0.03286637931034486
0 0.35192169540229884 0.517645474137931 0.02388649425287359 0.03582974137931033
0 0.4972162356321839 0.24838362068965517 0.021012931034482762 0.038793103448275856
0 0.3526400862068966 0.30387931034482757 0.029633620689655193 0.042025862068965525
0 0.44971264367816094 0.3558728448275862 0.02155172413793105 0.03232758620689652
0 0.7938218390804598 0.33822737068965514 0.024784482758620774 0.03798491379310348
0 0.4239403735632184 0.5173760775862069 0.03358477011494254 0.05199353448275862
0 0.5057471264367817 0.18978987068965517 0.03017241379310348 0.049838362068965525
0 0.6189834770114943 0.2834051724137931 0.0274784482758621 0.03286637931034486
0 0.5697737068965518 0.5584590517241379 0.02460488505747127 0.038254310344827624
0 0.32318606321839083 0.24797952586206898 0.03538074712643674 0.04822198275862072
0 0.7708333333333334 0.4543372844827586 0.02765804597701149 0.03367456896551724
0 0.6421515804597702 0.40234375 0.024964080459770055 0.04660560344827591
0 0.5801903735632183 0.6761853448275863 0.024245689655172487 0.04849137931034486
0 0.6630747126436782 0.15422952586206895 0.03053160919540232 0.046605603448275884
0 0.4775502873563219 0.5432381465517242 0.024425287356321823 0.06600215517241381
0 0.7358117816091954 0.2691271551724138 0.02981321839080453 0.04741379310344829
0 0.2737068965517241 0.6143588362068966 0.025502873563218398 0.05684267241379315
0 0.29723419540229884 0.44315732758620685 0.03196839080459768 0.03448275862068967
0 0.4053520114942529 0.9779094827586208 0.02227011494252873 0.03556034482758619
0 0.5512751436781609 0.3902209051724138 0.025682471264367845 0.04822198275862072
0 0.4047234195402299 0.5330010775862069 0.016702586206896575 0.037984913793103536
0 0.6514008620689655 0.2191540948275862 0.023347701149425193 0.05091594827586207
0 0.6316451149425287 0.3642241379310345 0.024784482758620774 0.04633620689655171
0 0.6977370689655172 0.15247844827586207 0.028376436781609282 0.05226293103448276
0 0.5489403735632183 0.2679148706896552 0.021012931034482762 0.05360991379310345
0 0.6053340517241379 0.6663523706896552 0.02388649425287359 0.03852370689655171
0 0.709680316091954 0.5743534482758621 0.017420977011494254 0.046875
0 0.5910560344827587 0.6939655172413792 0.02837643678160917 0.03556034482758619
0 0.26382902298850575 0.5211476293103448 0.025502873563218342 0.04929956896551724
0 0.6923491379310345 0.12203663793103448 0.028376436781609282 0.04741379310344827
0 0.42331178160919536 0.8453663793103448 0.011135057471264365 0.04633620689655171
0 0.5961745689655172 0.3023976293103448 0.028196839080459668 0.043911637931034475
0 0.2327586206896552 0.4502963362068966 0.034841954022988536 0.05899784482758624
0 0.4130747126436782 0.5625 0.029454022988505746 0.0350215517241379
0 0.6776221264367817 0.2047413793103448 0.02837643678160917 0.030172413793103453
0 0.5651939655172413 0.3348599137931034 0.023347701149425304 0.042025862068965525
0 0.40867456896551724 0.5831088362068966 0.023168103448275856 0.02128232758620685
0 0.7056393678160919 0.19989224137931033 0.033045977011494254 0.046875
0 0.7368893678160919 0.22386853448275862 0.023347701149425304 0.05226293103448276
0 0.5316091954022988 0.4296875 0.026580459770115028 0.05711206896551724
0 0.32372485632183906 0.3042834051724138 0.026400862068965525 0.046605603448275856
0 0.5954561781609196 0.7227909482758621 0.015984195402298784 0.03556034482758619
0 0.5228987068965517 0.3723060344827586 0.02388649425287359 0.039870689655172376
0 0.4170258620689655 0.6213631465517242 0.032686781609195414 0.05845905172413801
0 0.6852550287356322 0.24016702586206895 0.04076867816091956 0.04337284482758619
0 0.6508620689655172 0.19207974137931033 0.02981321839080464 0.02801724137931036
0 0.18785919540229884 0.34065193965517243 0.03807471264367815 0.04445043103448276
0 0.5964439655172413 0.6279633620689655 0.02155172413793094 0.044181034482758674
0 0.6913613505747127 0.4054418103448276 0.025682471264367845 0.032866379310344807
0 0.4100215517241379 0.6993534482758621 0.03376436781609199 0.05010775862068961
0 0.5514547413793103 0.43157327586206895 0.020653735632183978 0.04741379310344829
0 0.6724137931034483 0.2665678879310345 0.028017241379310276 0.046605603448275884
0 0.48877514367816094 0.30334051724137934 0.027119252873563204 0.025323275862069006
0 0.4329202586206896 0.3174838362068966 0.02783764367816094 0.033135775862069006
0 0.42465876436781613 0.37702047413793105 0.02209051724137928 0.030980603448275856
0 0.5080818965517241 0.45568426724137934 0.021551724137930994 0.037446120689655193
0 0.4967672413793104 0.3243534482758621 0.022988505747126464 0.03448275862068967
0 0.34132543103448276 0.6970635775862069 0.035380747126436796 0.05630387931034486
0 0.7076149425287357 0.4050377155172414 0.016882183908046078 0.032058189655172376
0 0.7033045977011494 0.29135237068965514 0.030172413793103425 0.033135775862069006
0 0.4216954022988506 0.4061153017241379 0.02873563218390801 0.030980603448275856
0 0.4762033045977011 0.5843211206896551 0.02783764367816094 0.022629310344827624
0 0.7347341954022988 0.4721174568965517 0.023347701149425304 0.0234375
0 0.31510416666666663 0.7081088362068966 0.03753591954022989 0.05630387931034486
0 0.47413793103448276 0.38510237068965514 0.035201149425287404 0.048760775862069006
0 0.7307830459770115 0.3455010775862069 0.025502873563218342 0.05630387931034486
0 0.25906968390804597 0.6675646551724138 0.03142959770114939 0.047952586206896575
0 0.720007183908046 0.44383081896551724 0.023347701149425304 0.043911637931034475
0 0.7631106321839081 0.34630926724137934 0.026939655172413812 0.03421336206896547
0 0.44342672413793105 0.39709051724137934 0.024425287356321823 0.03556034482758624
0 0.4642600574712644 0.4304956896551724 0.023706896551724144 0.04040948275862072
0 0.3132183908045977 0.7712823275862069 0.024066091954022983 0.047952586206896464
0 0.4233117816091954 0.4407327586206896 0.04633620689655171 0.043103448275862044
0 0.36970186781609193 0.7429956896551724 0.03358477011494254 0.05226293103448276
0 0.36063218390804597 0.9412715517241379 0.02837643678160917 0.06088362068965514
0 0.5356501436781609 0.5342133620689655 0.025682471264367845 0.04741379310344829
0 0.5471443965517242 0.5420258620689655 0.021012931034482762 0.05226293103448276
0 0.27954382183908044 0.7098599137931034 0.032866379310344807 0.04849137931034486
0 0.29445043103448276 0.5515894396551724 0.033225574712643646 0.04768318965517249
0 0.6366738505747127 0.5532058189655172 0.03448275862068961 0.038523706896551824
0 0.6567887931034483 0.5765086206896551 0.028017241379310276 0.030172413793103425
0 0.686871408045977 0.5482219827586207 0.02388649425287359 0.049568965517241326
0 0.6323635057471264 0.5796066810344828 0.01652298850574707 0.02128232758620685
0 0.7367097701149425 0.5754310344827587 0.03196839080459768 0.051724137931034586
0 0.6499640804597702 0.5973868534482758 0.03448275862068961 0.03367456896551724
0 0.6332614942528736 0.7595635775862069 0.024784482758620663 0.04175646551724144
