0 0.4259159482758621 0.5973868534482758 0.02855603448275862 0.04876077586206906
0 0.6917205459770115 0.41163793103448276 0.021012931034482762 0.05226293103448276
0 0.6260775862068966 0.5010775862068966 0.025143678160919558 0.04040948275862066
0 0.4110093390804598 0.7114762931034483 0.01921695402298851 0.040409482758620774
0 0.27604166666666663 0.6096443965517241 0.020114942528735635 0.036099137931034475
0 0.32579022988505746 0.3597790948275862 0.020114942528735635 0.03259698275862072
0 0.46381106321839083 0.7890625 0.01885775862068967 0.0387931034482758
0 0.40750718390804597 0.5809536637931034 0.02801724137931033 0.0428340517241379
0 0.7160560344827587 0.34213362068965514 0.03340517241379304 0.04040948275862072
0 0.23958333333333331 0.5004040948275862 0.02801724137931036 0.03636853448275862
0 0.7249461206896552 0.2683189655172414 0.018857758620689613 0.03448275862068961
0 0.6695402298850575 0.5021551724137931 0.02155172413793105 0.038793103448275856
0 0.29911997126436785 0.5994073275862069 0.02711925287356326 0.04956896551724144
0 0.5106860632183908 0.33526400862068967 0.026760057471264365 0.037984913793103425
0 0.3239044540229885 0.49919181034482757 0.035380747126436796 0.04256465517241381
0 0.2593390804597701 0.4643049568965517 0.025502873563218426 0.04498922413793105
0 0.4149604885057471 0.5362338362068966 0.024964080459770166 0.03744612068965514
0 0.35479525862068967 0.39251077586206895 0.02891522988505746 0.042025862068965525
0 0.6924389367816092 0.6279633620689655 0.0231681034482758 0.04849137931034475
0 0.47629310344827586 0.4599946120689655 0.028735632183908066 0.043911637931034475
0 0.45707614942528735 0.3006465517241379 0.02765804597701149 0.04202586206896547
0 0.5833333333333333 0.48410560344827586 0.017600574712643646 0.03448275862068961
0 0.4182830459770115 0.2667025862068966 0.024066091954022983 0.03987068965517243
0 0.31860632183908044 0.6412984913793104 0.028376436781609227 0.04498922413793105
0 0.5816271551724138 0.5635775862068966 0.02388649425287359 0.044181034482758674
0 0.7137212643678161 0.43130387931034486 0.01795977011494254 0.02801724137931033
0 0.24254669540229884 0.30549568965517243 0.030711206896551713 0.04148706896551724
0 0.44351652298850575 0.5544181034482758 0.02676005747126442 0.04633620689655171
0 0.43570402298850575 0.6697198275862069 0.02155172413793105 0.04040948275862066
0 0.5275682471264367 0.47238685344827586 0.027119252873563204 0.037984913793103425
0 0.6169181034482758 0.28771551724137934 0.023347701149425304 0.03178879310344823
0 0.6643318965517242 0.650323275862069 0.021192528735632155 0.032327586206896575
0 0.3798491379310345 0.896551724137931 0.02155172413793105 0.0431034482758621
0 0.5887212643678161 0.31613685344827586 0.023347701149425304 0.03582974137931039
0 0.6457435344827587 0.31047952586206895 0.025682471264367845 0.04175646551724138
0 0.4053520114942529 0.3572198275862069 0.028735632183908066 0.042025862068965525
0 0.23482399425287356 0.3728448275862069 0.02424568965517243 0.03663793103448276
0 0.6446659482758621 0.6332165948275862 0.020653735632183867 0.0272090517241379
0 0.3702406609195402 0.6337553879310345 0.021731321839080442 0.042295258620689724
0 0.6073994252873562 0.36193426724137934 0.026939655172413812 0.046605603448275856
0 0.43884698275862066 0.2730334051724138 0.025323275862069006 0.03798491379310348
0 0.6282327586206897 0.21363146551724138 0.02298850574712652 0.032866379310344807
0 0.7451508620689655 0.2644127155172414 0.030172413793103425 0.040140086206896575
0 0.4224137931034483 0.3114224137931034 0.028735632183908066 0.038793103448275856
0 0.3159123563218391 0.3174838362068966 0.03089080459770116 0.047144396551724144
0 0.6635237068965517 0.4454471982758621 0.027837643678160884 0.03582974137931033
0 0.46479885057471265 0.7454202586206897 0.019755747126436796 0.03879310344827591
0 0.6645114942528736 0.3627424568965517 0.021910919540229834 0.037984913793103425
0 0.6407147988505748 0.6046605603448276 0.02460488505747127 0.043911637931034475
0 0.3479705459770115 0.5876885775862069 0.02891522988505746 0.04229525862068961
0 0.5751616379310345 0.4383081896551724 0.021012931034482762 0.03232758620689652
0 0.5563038793103448 0.32421875 0.022090517241379337 0.03582974137931039
0 0.6289511494252874 0.6384698275862069 0.020474137931034475 0.03879310344827591
0 0.5074533045977012 0.501885775862069 0.023527298850574696 0.05118534482758624
0 0.47404813218390807 0.537042025862069 0.03250718390804597 0.042295258620689724
0 0.6728627873563218 0.3011853448275862 0.024964080459770055 0.032866379310344807
0 0.642510775862069 0.3863146551724138 0.022808908045977017 0.03825431034482757
0 0.4841056034482759 0.3787715517241379 0.021372126436781602 0.04040948275862072
0 0.6996228448275862 0.2925646551724138 0.0231681034482758 0.02424568965517243
0 0.6660380747126438 0.6161099137931034 0.023168103448275912 0.04471982758620685
0 0.602191091954023 0.4132543103448276 0.024425287356321768 0.03448275862068967
0 0.5610632183908046 0.20339439655172414 0.020474137931034475 0.027478448275862072
0 0.4694683908045977 0.3449622844827586 0.025502873563218398 0.03690732758620685
0 0.3633261494252874 0.6728178879310345 0.023706896551724144 0.0309806034482758
0 0.6020114942528736 0.38429418103448276 0.02298850574712641 0.0272090517241379
0 0.41531968390804597 0.8364762931034483 0.026400862068965525 0.04903017241379315
0 0.2937320402298851 0.4603987068965517 0.028196839080459724 0.05010775862068967
0 0.6352370689655172 0.2684536637931034 0.024425287356321768 0.036907327586206906
0 0.5660919540229885 0.4027478448275862 0.026580459770114917 0.043103448275862044
0 0.3479705459770115 0.47184806034482757 0.027119252873563204 0.04337284482758619
0 0.5853987068965517 0.26481681034482757 0.029274425287356243 0.042564655172413784
0 0.529992816091954 0.5126616379310345 0.021910919540229834 0.04256465517241376
0 0.49425287356321845 0.3941271551724138 0.019396551724137956 0.03232758620689652
0 0.3970007183908046 0.7882543103448276 0.018139367816091934 0.030711206896551713
0 0.2886135057471264 0.5497036637931034 0.02801724137931033 0.03744612068965514
0 0.5971623563218391 0.5284213362068966 0.024066091954022983 0.046066810344827624
0 0.3074712643678161 0.5239762931034483 0.020474137931034475 0.032327586206896575
0 0.4684806034482759 0.38685344827586204 0.023168103448275856 0.04148706896551724
0 0.6303879310344828 0.35304418103448276 0.024066091954022983 0.05037715517241381
0 0.35129310344827586 0.6353717672413792 0.030172413793103425 0.04337284482758619
0 0.23688936781609193 0.40422952586206895 0.02442528735632185 0.03044181034482757
0 0.5415768678160919 0.4364224137931034 0.027119252873563204 0.043103448275862044
0 0.6163793103448276 0.5612877155172413 0.02227011494252873 0.03744612068965514
0 0.3741020114942529 0.4206627155172414 0.02442528735632188 0.03744612068965514
0 0.5329561781609196 0.3603178879310345 0.021731321839080442 0.04067887931034486
0 0.4524066091954023 0.6037176724137931 0.02801724137931033 0.04956896551724144
0 0.5361889367816092 0.30078125 0.026400862068965525 0.03744612068965514
0 0.6254489942528736 0.5863415948275863 0.026400862068965525 0.03744612068965514
0 0.43938577586206895 0.7155172413793103 0.02424568965517243 0.04148706896551724
0 0.5041307471264368 0.5615571120689655 0.03160919540229884 0.042295258620689724
0 0.5324173850574713 0.3974946120689655 0.026400862068965525 0.036907327586206906
0 0.6135955459770115 0.4613415948275862 0.022090517241379226 0.03852370689655171
0 0.6020114942528736 0.49609375 0.02083333333333337 0.0352909482758621
0 0.5511853448275863 0.3631465517241379 0.017600574712643646 0.038793103448275856
0 0.2879849137931034 0.2742456896551724 0.029274425287356298 0.043103448275862044
0 0.6796875 0.2683189655172414 0.02604166666666674 0.038793103448275884
0 0.32246767241379315 0.5610183189655172 0.026041666666666685 0.0433728448275863
0 0.46219468390804597 0.421875 0.02532327586206895 0.03448275862068961
0 0.23635057471264367 0.3271821120689655 0.03232758620689652 0.04175646551724138
0 0.6545438218390804 0.25067349137931033 0.027837643678160884 0.03960129310344826
0 0.4763829022988506 0.5798760775862069 0.023886494252873536 0.040140086206896464
0 0.4847341954022989 0.31829202586206895 0.029094827586206906 0.04445043103448276
0 0.7158764367816092 0.30643857758620685 0.022629310344827624 0.03636853448275862
0 0.5642959770114943 0.5199353448275862 0.018678160919540332 0.02909482758620685
0 0.6644216954022988 0.40948275862068967 0.030711206896551713 0.04094827586206895
0 0.6776221264367817 0.5705818965517242 0.025862068965517238 0.04364224137931039
0 0.4312140804597701 0.3816002155172414 0.026221264367816133 0.0390625
0 0.6358656609195403 0.5467403017241379 0.027119252873563204 0.03636853448275856
0 0.4973958333333333 0.5346174568965517 0.019935344827586188 0.03744612068965525
0 0.20438218390804597 0.2931034482758621 0.035560344827586216 0.04202586206896547
0 0.5560344827586208 0.4617456896551724 0.02837643678160917 0.03771551724137928
0 0.6920797413793104 0.35721982758620685 0.02532327586206895 0.039331896551724144
0 0.6385596264367817 0.4643049568965517 0.02388649425287348 0.034213362068965525
0 0.6164691091954022 0.24339978448275862 0.02460488505747127 0.03960129310344829
0 0.4052622126436782 0.2386853448275862 0.026400862068965525 0.0382543103448276
0 0.7195581896551724 0.4050377155172414 0.0274784482758621 0.0390625
0 0.6156609195402298 0.3215247844827586 0.023706896551724088 0.03259698275862066
0 0.25547772988505746 0.2661637931034483 0.026400862068965497 0.05226293103448276
0 0.6485272988505748 0.49797952586206895 0.015086206896551713 0.03367456896551729
0 0.6531070402298851 0.21403556034482757 0.024245689655172376 0.027209051724137928
0 0.5634877873563219 0.23235452586206895 0.02388649425287359 0.03313577586206898
0 0.5753412356321839 0.4948814655172413 0.01490660919540232 0.037176724137930994
0 0.695941091954023 0.32098599137931033 0.019037356321839116 0.03852370689655171
0 0.6579561781609196 0.4839709051724138 0.012751436781609171 0.03367456896551718
0 0.5585488505747127 0.2855603448275862 0.017600574712643646 0.02424568965517243
0 0.4276221264367816 0.3308189655172414 0.02298850574712641 0.023706896551724088
0 0.7139008620689655 0.24986530172413796 0.023347701149425193 0.03259698275862069
0 0.5275682471264368 0.2626616379310345 0.027837643678160884 0.026400862068965525
0 0.46704382183908044 0.4773706896551724 0.01813936781609199 0.03394396551724138
0 0.6853448275862069 0.4529903017241379 0.017241379310344862 0.03636853448275862
0 0.491558908045977 0.4800646551724138 0.02191091954022989 0.029633620689655193
0 0.546875 0.20164331896551724 0.015445402298850608 0.03367456896551724
0 0.7029454022988506 0.4519127155172414 0.012931034482758563 0.03151939655172409
0 0.5133800287356322 0.40759698275862066 0.01706178160919536 0.04364224137931033
0 0.5541487068965517 0.26171875 0.026400862068965525 0.02559267241379312
0 0.5905172413793104 0.4525862068965517 0.025143678160919558 0.032866379310344807
0 0.48311781609195403 0.4119073275862069 0.0193965517241379 0.020474137931034475
0 0.5101472701149425 0.3662446120689655 0.028196839080459724 0.0272090517241379
0 0.5556752873563218 0.4932650862068966 0.023347701149425304 0.028556034482758674
0 0.44863505747126436 0.4385775862068966 0.026939655172413812 0.03178879310344823
0 0.5088002873563218 0.4330549568965517 0.021192528735632155 0.04175646551724138
0 0.45483117816091956 0.3519665948275862 0.020653735632183923 0.036907327586206906
0 0.42367097701149425 0.41217672413793105 0.021192528735632155 0.03178879310344829
0 0.44818606321839083 0.31802262931034486 0.02424568965517243 0.027209051724137956
0 0.35775862068965514 0.5230334051724137 0.02873563218390801 0.04445043103448276
0 0.2808010057471264 0.3898168103448276 0.029992816091953978 0.049030172413793094
0 0.514996408045977 0.2990301724137931 0.02460488505747127 0.03178879310344829
0 0.40122126436781613 0.2902747844827586 0.02191091954022989 0.03367456896551724
0 0.5797413793103448 0.58984375 0.01867816091954022 0.02182112068965525
0 0.5782147988505747 0.3560075431034483 0.028556034482758674 0.04498922413793105
0 0.7138110632183908 0.37082435344827586 0.016702586206896575 0.024515086206896575
0 0.6793283045977012 0.37755926724137934 0.020294540229884972 0.027209051724137956
0 0.602191091954023 0.5755657327586208 0.015804597701149392 0.05037715517241381
0 0.5898886494252874 0.13267780172413793 0.026400862068965525 0.03367456896551724
0 0.4245689655172414 0.8671875 0.02981321839080464 0.02155172413793105
0 0.38155531609195403 0.8545258620689655 0.031070402298850608 0.04471982758620685
0 0.3898168103448276 0.7331627155172413 0.02783764367816094 0.04606681034482751
0 0.31447557471264365 0.6807650862068966 0.024425287356321823 0.028556034482758674
0 0.35775862068965514 0.7497306034482758 0.02478448275862072 0.03879310344827591
0 0.4291487068965517 0.4412715517241379 0.01526580459770116 0.03232758620689652
0 0.4468390804597701 0.46740301724137934 0.019037356321839116 0.035021551724137956
0 0.6625359195402298 0.5501077586206896 0.01939655172413801 0.047952586206896575
