0 0.6723239942528736 0.4721174568965517 0.027119252873563204 0.034213362068965525
0 0.4977550287356322 0.3714978448275862 0.025682471264367845 0.039331896551724144
0 0.36691810344827586 0.24986530172413793 0.026939655172413812 0.040678879310344807
0 0.2032147988505747 0.03960129310344827 0.029992816091954005 0.04741379310344828
0 0.3088182471264368 0.5805495689655172 0.029274425287356298 0.0506465517241379
0 0.5070941091954022 0.87890625 0.023527298850574696 0.043911637931034475
0 0.4895833333333333 0.8146551724137931 0.023706896551724088 0.04148706896551724
0 0.6291307471264368 0.568426724137931 0.02155172413793105 0.030711206896551713
0 0.7028556034482758 0.6687769396551724 0.02604166666666663 0.03582974137931039
0 0.49910201149425293 0.5782596982758621 0.026580459770114973 0.04121767241379315
0 0.6931573275862069 0.6322737068965517 0.02891522988505746 0.036099137931034475
0 0.4771012931034483 0.7807112068965518 0.020653735632183923 0.03178879310344829
0 0.39206178160919536 0.39991918103448276 0.029094827586206906 0.031519396551724144
0 0.3822737068965517 0.19989224137931033 0.027119252873563204 0.04040948275862069
0 0.32273706896551724 0.6223060344827587 0.025143678160919558 0.03987068965517249
0 0.20052083333333331 0.3879310344827587 0.020294540229885055 0.03394396551724138
0 0.24515086206896552 0.724676724137931 0.02765804597701149 0.04633620689655171
0 0.45195761494252873 0.8073814655172413 0.024245689655172376 0.04310344827586199
0 0.5908764367816093 0.4885506465517242 0.02083333333333337 0.027209051724137956
0 0.4649784482758621 0.6670258620689655 0.023706896551724144 0.0393318965517242
0 0.5527119252873564 0.7060883620689655 0.026400862068965525 0.0355603448275863
0 0.3246228448275862 0.4497575431034483 0.029274425287356298 0.04498922413793105
0 0.6672952586206897 0.5463362068965517 0.024964080459770055 0.037715517241379226
0 0.5260416666666667 0.6438577586206897 0.02083333333333337 0.03556034482758619
0 0.48554238505747127 0.6325431034482758 0.0274784482758621 0.04418103448275856
0 0.43301005747126436 0.5327316810344828 0.01867816091954022 0.0315193965517242
0 0.516253591954023 0.7583512931034483 0.018139367816091934 0.03286637931034475
0 0.6450251436781609 0.5276131465517241 0.020653735632183978 0.034213362068965525
0 0.5305316091954022 0.5499730603448276 0.02227011494252873 0.025053879310344862
0 0.4063397988505747 0.5928071120689655 0.029633620689655193 0.04876077586206895
0 0.31797772988505746 0.40880926724137934 0.02424568965517243 0.04445043103448271
0 0.5681573275862069 0.7328933189655172 0.01849856321839083 0.032058189655172376
0 0.6091056034482758 0.5424299568965517 0.021012931034482762 0.032058189655172376
0 0.6738505747126438 0.5067349137931034 0.025862068965517238 0.039870689655172376
0 0.3331537356321839 0.3289331896551724 0.026939655172413812 0.045258620689655193
0 0.673132183908046 0.5821659482758621 0.023347701149425304 0.03340517241379315
0 0.49506106321839083 0.7592941810344828 0.022808908045977017 0.035829741379310276
0 0.7211745689655172 0.6353717672413792 0.01921695402298851 0.029903017241379337
0 0.27550287356321834 0.5386584051724138 0.023706896551724144 0.0390625
0 0.28663793103448276 0.4989224137931034 0.029454022988505746 0.04148706896551729
0 0.5415768678160919 0.7433997844827587 0.024964080459770166 0.04498922413793094
0 0.36188936781609193 0.5189924568965517 0.024425287356321823 0.04445043103448282
0 0.4304058908045977 0.44665948275862066 0.02496408045977011 0.03232758620689652
0 0.6230244252873562 0.5099676724137931 0.025862068965517238 0.03663793103448276
0 0.4213362068965517 0.47508081896551724 0.020114942528735635 0.028286637931034475
0 0.2598778735632184 0.5169719827586207 0.025143678160919558 0.037176724137930994
0 0.5598958333333334 0.41823814655172414 0.0274784482758621 0.03313577586206895
0 0.2152478448275862 0.10317887931034483 0.029274425287356326 0.05172413793103449
0 0.45896192528735635 0.6095096982758621 0.02496408045977011 0.04337284482758619
0 0.47135416666666663 0.8220635775862069 0.021372126436781602 0.04067887931034486
0 0.5160739942528736 0.609375 0.020653735632183867 0.03663793103448265
0 0.6025502873563219 0.6903286637931034 0.026580459770114917 0.04121767241379315
0 0.5244252873563218 0.3455010775862069 0.025862068965517238 0.03852370689655171
0 0.4696479885057471 0.3570851293103448 0.025862068965517238 0.0390625
0 0.4838362068965517 0.4228178879310345 0.02227011494252873 0.034213362068965525
0 0.6229346264367817 0.6008890086206897 0.024964080459770055 0.03582974137931039
0 0.532507183908046 0.5247844827586208 0.025143678160919558 0.03663793103448276
0 0.5545079022988506 0.5417564655172413 0.02460488505747127 0.03879310344827591
0 0.6526580459770115 0.6507273706896551 0.026580459770114917 0.0390625
0 0.5197557471264368 0.4150053879310345 0.0237068965517242 0.032058189655172376
0 0.5979705459770115 0.5095635775862069 0.022449712643678232 0.03259698275862066
0 0.5317887931034483 0.44841056034482757 0.024066091954022983 0.04445043103448276
0 0.6739403735632183 0.6709321120689655 0.021372126436781547 0.036368534482758674
0 0.23033405172413793 0.3604525862068966 0.02424568965517243 0.033405172413793094
0 0.5085308908045977 0.502020474137931 0.02352729885057475 0.034213362068965525
0 0.5599856321839081 0.4573006465517241 0.02981321839080464 0.041217672413793094
0 0.3586566091954023 0.4737338362068966 0.026221264367816077 0.04229525862068967
0 0.49353448275862066 0.8473868534482758 0.022270114942528785 0.029903017241379337
0 0.6520294540229885 0.5719288793103448 0.022449712643678232 0.03448275862068961
0 0.4378591954022989 0.40625 0.02191091954022989 0.03448275862068961
0 0.3750897988505747 0.4207974137931034 0.027478448275862044 0.042025862068965525
0 0.35030531609195403 0.4152747844827586 0.027119252873563204 0.043911637931034475
0 0.6945941091954023 0.5971174568965517 0.024964080459770166 0.03313577586206895
0 0.4594109195402299 0.84765625 0.02155172413793105 0.03367456896551735
0 0.2535021551724138 0.3643588362068966 0.022808908045977044 0.037446120689655193
0 0.5402298850574712 0.6732219827586208 0.02227011494252873 0.03178879310344829
0 0.6056034482758621 0.46282327586206895 0.021910919540229945 0.02801724137931033
0 0.4149604885057471 0.5048491379310345 0.031070402298850608 0.03663793103448282
0 0.453753591954023 0.7429956896551724 0.023168103448275856 0.03825431034482751
0 0.6681034482758621 0.6175915948275862 0.022629310344827624 0.036368534482758674
0 0.5569324712643677 0.5012122844827587 0.025862068965517238 0.03798491379310348
0 0.5342133620689655 0.4872036637931034 0.026400862068965525 0.03636853448275862
0 0.2671515804597701 0.09482758620689655 0.03142959770114939 0.04471982758620689
0 0.4500718390804598 0.3914331896551724 0.025143678160919558 0.035021551724137956
0 0.5427442528735633 0.5833782327586208 0.025862068965517238 0.04229525862068961
0 0.3913433908045977 0.5630387931034483 0.02334770114942525 0.036099137931034475
0 0.3876616379310345 0.26980064655172414 0.027119252873563204 0.03960129310344829
0 0.4845545977011494 0.7094558189655172 0.022988505747126464 0.039601293103448176
0 0.3599137931034483 0.2931034482758621 0.02191091954022989 0.035021551724137956
0 0.5122126436781609 0.6779364224137931 0.022629310344827624 0.03529094827586199
0 0.5085308908045978 0.5367726293103448 0.022090517241379337 0.03475215517241381
0 0.43875718390804597 0.662176724137931 0.02262931034482757 0.030172413793103425
0 0.44764727011494254 0.4986530172413793 0.02532327586206895 0.03556034482758619
0 0.5216415229885057 0.3816002155172414 0.021372126436781658 0.030980603448275912
0 0.2414691091954023 0.10519935344827586 0.027478448275862044 0.048221982758620704
0 0.15400502873563218 0.23141163793103448 0.03358477011494254 0.04633620689655171
0 0.647808908045977 0.47467672413793105 0.020474137931034475 0.03663793103448276
0 0.21363146551724138 0.2834051724137931 0.023886494252873564 0.03178879310344829
0 0.639996408045977 0.4554148706896552 0.021731321839080442 0.03960129310344829
0 0.17771192528735633 0.33728448275862066 0.027119252873563204 0.038793103448275856
0 0.7376077586206897 0.650457974137931 0.02837643678160917 0.027747844827586188
0 0.20968031609195403 0.34172952586206895 0.017061781609195387 0.03960129310344829
0 0.7220725574712643 0.681573275862069 0.021012931034482762 0.03663793103448276
0 0.37383261494252873 0.3011853448275862 0.01849856321839083 0.03556034482758624
0 0.6373024425287357 0.7221174568965518 0.01634339080459768 0.03475215517241381
0 0.647180316091954 0.6860183189655172 0.0231681034482758 0.029903017241379226
0 0.4292385057471264 0.38133081896551724 0.023706896551724144 0.02559267241379315
0 0.6043462643678161 0.5647898706896552 0.021910919540229945 0.03475215517241381
0 0.5430136494252873 0.39129849137931033 0.025682471264367845 0.04552801724137934
0 0.6251795977011494 0.4822198275862069 0.019755747126436796 0.02155172413793105
0 0.5041307471264368 0.4150053879310345 0.016522988505747183 0.03367456896551724
0 0.5743534482758621 0.5305765086206897 0.0118534482758621 0.03367456896551724
0 0.48195043103448276 0.39857219827586204 0.030352011494252873 0.028825431034482762
0 0.4691091954022989 0.4253771551724138 0.024425287356321823 0.03663793103448276
0 0.5802801724137931 0.509832974137931 0.015804597701149503 0.03367456896551718
0 0.4497126436781609 0.4331896551724138 0.011853448275862044 0.02262931034482757
0 0.5816271551724138 0.5594019396551724 0.01706178160919536 0.03367456896551724
0 0.563128591954023 0.5677532327586208 0.022449712643678232 0.03259698275862066
0 0.491558908045977 0.4688846982758621 0.026939655172413757 0.03475215517241376
0 0.5024245689655172 0.45891702586206895 0.021012931034482818 0.040678879310344807
0 0.5716594827586207 0.5950969827586208 0.015804597701149392 0.03556034482758619
0 0.46488864942528735 0.46484375 0.021012931034482762 0.03259698275862066
0 0.5291846264367817 0.7098599137931034 0.01634339080459768 0.04148706896551724
0 0.4536637931034483 0.46794181034482757 0.017241379310344807 0.030711206896551713
0 0.5169719827586207 0.7113415948275863 0.02388649425287359 0.04445043103448276
0 0.4734195402298851 0.7543103448275862 0.017241379310344807 0.0274784482758621
0 0.3402478448275862 0.5662715517241379 0.02783764367816094 0.055495689655172376
0 0.43947557471264365 0.6232489224137931 0.024425287356321823 0.04660560344827591
0 0.35281968390804597 0.6514008620689655 0.021012931034482762 0.04741379310344829
0 0.3686242816091954 0.6008890086206897 0.026400862068965525 0.04552801724137934
0 0.27200071839080464 0.7498653017241379 0.02424568965517243 0.05037715517241381
0 0.30262212643678166 0.5084859913793104 0.023706896551724144 0.056303879310344807
0 0.22386853448275862 0.6499191810344828 0.023168103448275856 0.038523706896551824
0 0.3309087643678161 0.7530980603448276 0.021731321839080442 0.04714439655172409
0 0.22781968390804597 0.5988685344827587 0.025682471264367818 0.04148706896551724
0 0.18040589080459768 0.5960398706896552 0.025682471264367818 0.03367456896551724
0 0.3039691091954023 0.7587553879310345 0.020653735632183923 0.0428340517241379
0 0.18992456896551724 0.5732758620689655 0.021012931034482762 0.04148706896551724
0 0.2917564655172414 0.7063577586206897 0.01778017241379315 0.04471982758620696
0 0.21273347701149425 0.40207435344827586 0.023168103448275856 0.0428340517241379
0 0.45761494252873564 0.5340786637931034 0.019755747126436796 0.03475215517241381
0 0.48275862068965514 0.5227640086206897 0.01975574712643674 0.04337284482758619
0 0.47368893678160917 0.5638469827586207 0.019935344827586243 0.042025862068965525
0 0.5187679597701149 0.5691002155172413 0.01634339080459768 0.028825431034482762
0 0.5420258620689655 0.615301724137931 0.0237068965517242 0.03286637931034475
0 0.5634877873563219 0.6237877155172413 0.01921695402298851 0.03960129310344829
0 0.5968031609195402 0.6068157327586208 0.031609195402298784 0.03367456896551724
0 0.6075790229885057 0.6449353448275863 0.020474137931034475 0.04633620689655171
0 0.6343390804597702 0.6316002155172413 0.025143678160919447 0.02559267241379304
0 0.6212284482758621 0.6597521551724137 0.019755747126436796 0.03663793103448276
0 0.586566091954023 0.6404903017241379 0.020474137931034475 0.04175646551724144
0 0.5509159482758621 0.646417025862069 0.025682471264367845 0.02182112068965525
0 0.5694145114942528 0.65234375 0.01634339080459768 0.0277478448275863
0 0.5681573275862069 0.6678340517241379 0.01778017241379304 0.03663793103448276
0 0.6250897988505748 0.7024515086206897 0.01849856321839083 0.05037715517241381
