0 0.2307830459770115 0.7097252155172413 0.029094827586206906 0.04714439655172409
0 0.576867816091954 0.5816271551724138 0.02011494252873569 0.034482758620689724
0 0.6001257183908046 0.34442349137931033 0.02244971264367812 0.037984913793103425
0 0.15463362068965517 0.5603448275862069 0.02765804597701149 0.03394396551724144
0 0.5930316091954022 0.4951508620689655 0.03196839080459768 0.03771551724137928
0 0.632183908045977 0.32246767241379315 0.02909482758620685 0.03987068965517243
0 0.35766882183908044 0.8162715517241379 0.022808908045977017 0.03771551724137934
0 0.35299928160919536 0.8569504310344828 0.026041666666666685 0.045797413793103425
0 0.48311781609195403 0.3694773706896552 0.029454022988505746 0.03852370689655171
0 0.544989224137931 0.3358028017241379 0.027119252873563204 0.05576508620689652
0 0.44001436781609193 0.4757543103448276 0.02873563218390801 0.03987068965517243
0 0.34375 0.3914331896551724 0.02909482758620685 0.04579741379310348
0 0.5629489942528736 0.24137931034482757 0.02460488505747127 0.042564655172413784
0 0.3135775862068966 0.7120150862068966 0.029454022988505746 0.04741379310344829
0 0.3624281609195402 0.9849137931034483 0.027298850574712652 0.030172413793103425
0 0.5633081896551724 0.51171875 0.025682471264367845 0.040140086206896575
0 0.5308010057471264 0.6039870689655172 0.0274784482758621 0.0431034482758621
0 0.579382183908046 0.7219827586206897 0.024784482758620774 0.03556034482758619
0 0.6286817528735632 0.3902209051724138 0.022808908045977017 0.025053879310344807
0 0.5881824712643677 0.21753771551724138 0.028017241379310387 0.04445043103448276
0 0.335308908045977 0.8907596982758621 0.02298850574712641 0.0352909482758621
0 0.6363146551724137 0.2816540948275862 0.025862068965517238 0.03798491379310348
0 0.14107399425287356 0.41958512931034486 0.035739942528735635 0.04552801724137928
0 0.6628951149425287 0.4430226293103448 0.030172413793103425 0.03852370689655171
0 0.327496408045977 0.5268049568965517 0.019576149425287348 0.0309806034482758
0 0.5257722701149425 0.30239762931034486 0.028556034482758674 0.041217672413793094
0 0.2805316091954023 0.7758620689655172 0.024425287356321823 0.04471982758620685
0 0.4546515804597701 0.3876616379310345 0.021731321839080442 0.038254310344827624
0 0.4131645114942529 0.6423760775862069 0.021012931034482762 0.03852370689655171
0 0.5145474137931034 0.36301185344827586 0.031968390804597735 0.043911637931034475
0 0.3986170977011494 0.8488685344827587 0.02352729885057475 0.04040948275862066
0 0.34608477011494254 0.9445043103448276 0.025502873563218398 0.032327586206896575
0 0.533135775862069 0.5216864224137931 0.02460488505747127 0.04175646551724144
0 0.4567169540229885 0.1740301724137931 0.023347701149425304 0.03771551724137931
0 0.27676005747126436 0.6580010775862069 0.028735632183908066 0.049838362068965525
0 0.32147988505747127 0.3677262931034483 0.028017241379310387 0.04364224137931033
0 0.45132902298850575 0.5651939655172413 0.02981321839080464 0.04094827586206906
0 0.4332794540229885 0.37176724137931033 0.022090517241379337 0.03771551724137934
0 0.6619073275862069 0.2743803879310345 0.03430316091954022 0.04067887931034486
0 0.6035380747126438 0.5587284482758621 0.03178879310344829 0.042025862068965525
0 0.4245689655172414 0.33405172413793105 0.025862068965517238 0.04094827586206895
0 0.4721623563218391 0.31384698275862066 0.0369971264367816 0.04202586206896547
0 0.25538793103448276 0.7813846982758621 0.03268678160919539 0.0428340517241379
0 0.4916487068965517 0.5086206896551724 0.02209051724137928 0.0350215517241379
0 0.36332614942528735 0.48356681034482757 0.02083333333333337 0.04148706896551724
0 0.44701867816091956 0.2863685344827586 0.023347701149425304 0.03717672413793105
0 0.5426544540229885 0.2782866379310345 0.029992816091954033 0.0431034482758621
0 0.5066451149425287 0.43992456896551724 0.025143678160919558 0.02855603448275862
0 0.5797413793103448 0.6800915948275862 0.025862068965517238 0.046066810344827624
0 0.5947377873563218 0.2928340517241379 0.024245689655172487 0.02801724137931033
0 0.5023347701149425 0.5619612068965518 0.02119252873563221 0.04148706896551724
0 0.2879849137931034 0.3433459051724138 0.026760057471264365 0.03636853448275862
0 0.6358656609195403 0.45528017241379315 0.023527298850574696 0.054418103448275856
0 0.21012931034482757 0.6143588362068966 0.020474137931034503 0.028286637931034475
0 0.26418821839080464 0.6050646551724138 0.029094827586206906 0.047952586206896575
0 0.5686961206896551 0.6188038793103448 0.024245689655172376 0.03879310344827591
0 0.4571659482758621 0.5109105603448276 0.029633620689655193 0.058459051724137956
0 0.5755208333333333 0.39453125 0.02676005747126442 0.04552801724137934
0 0.6302083333333334 0.35950969827586204 0.033764367816091934 0.0390625
0 0.42834051724137934 0.6018318965517241 0.02406609195402304 0.051724137931034475
0 0.5750718390804598 0.5456627155172413 0.020474137931034475 0.03744612068965514
0 0.2905890804597701 0.4028825431034483 0.023347701149425304 0.0352909482758621
0 0.3409662356321839 0.7262931034482758 0.02891522988505746 0.05226293103448276
0 0.5620510057471264 0.6639278017241379 0.02604166666666663 0.04175646551724144
0 0.5115840517241379 0.3312230603448276 0.02855603448275862 0.03582974137931033
0 0.4324712643678161 0.43507543103448276 0.025143678160919558 0.04525862068965514
0 0.6592133620689655 0.4699622844827586 0.022808908045977017 0.030441810344827624
0 0.5339439655172413 0.44329202586206895 0.018318965517241437 0.02990301724137928
0 0.6189834770114943 0.7238685344827587 0.020653735632183867 0.030711206896551713
0 0.5209231321839081 0.6505926724137931 0.02460488505747127 0.04525862068965514
0 0.595635775862069 0.4113685344827586 0.021012931034482762 0.029633620689655138
0 0.36323635057471265 0.5237068965517242 0.02819683908045978 0.03933189655172409
0 0.3862248563218391 0.6483028017241379 0.032866379310344807 0.046066810344827624
0 0.5526221264367817 0.5581896551724138 0.028017241379310387 0.046875
0 0.5712104885057472 0.28704202586206895 0.02819683908045978 0.043911637931034475
0 0.47844827586206895 0.4102909482758621 0.02801724137931033 0.048491379310344807
0 0.24200790229885055 0.48504849137931033 0.026400862068965497 0.03744612068965514
0 0.27927442528735635 0.8170797413793104 0.020833333333333315 0.032327586206896575
0 0.37535919540229884 0.4069234913793104 0.03196839080459768 0.04175646551724138
0 0.40759698275862066 0.5739493534482758 0.021012931034482707 0.04822198275862066
0 0.5692349137931034 0.32260237068965514 0.02532327586206895 0.033135775862069006
0 0.5621408045977012 0.4307650862068966 0.024784482758620663 0.045258620689655193
0 0.20968031609195403 0.5804148706896552 0.03142959770114942 0.04175646551724144
0 0.5285560344827587 0.5639816810344828 0.024066091954023094 0.03744612068965525
0 0.17331178160919541 0.4598599137931034 0.03340517241379312 0.036099137931034475
0 0.5536099137931034 0.6411637931034483 0.02244971264367812 0.039870689655172376
0 0.23787715517241378 0.6407596982758621 0.03825431034482757 0.04714439655172409
0 0.5379849137931034 0.2421875 0.02676005747126431 0.03663793103448276
0 0.22764008620689657 0.4348060344827586 0.03466235632183909 0.04903017241379315
0 0.3583872126436781 0.5806842672413793 0.020653735632183923 0.030441810344827624
0 0.5904274425287357 0.7102640086206897 0.020294540229884972 0.027747844827586188
0 0.5106860632183908 0.5158943965517241 0.020294540229885083 0.03825431034482757
0 0.2203663793103448 0.79296875 0.03196839080459771 0.049838362068965525
0 0.23473419540229884 0.5963092672413792 0.026580459770114945 0.04714439655172409
0 0.6035380747126438 0.38213900862068967 0.03214798850574707 0.037984913793103425
0 0.49829382183908044 0.6008890086206897 0.019576149425287293 0.028825431034482762
0 0.6380208333333333 0.6901939655172413 0.02676005747126442 0.04849137931034486
0 0.3785021551724138 0.47023168103448276 0.02496408045977011 0.04337284482758619
0 0.5001795977011494 0.4489493534482759 0.02298850574712641 0.03636853448275862
0 0.44612068965517243 0.25538793103448276 0.019755747126436796 0.030711206896551713
0 0.5159841954022989 0.25188577586206895 0.024066091954022983 0.04418103448275862
0 0.3941271551724138 0.4831627155172413 0.021012931034482762 0.035290948275862044
0 0.5011673850574713 0.2805765086206896 0.028196839080459724 0.04175646551724138
0 0.3121408045977011 0.4136584051724138 0.02801724137931033 0.043911637931034475
0 0.2977729885057471 0.36489762931034486 0.022629310344827624 0.03636853448275862
0 0.6078484195402298 0.6852101293103448 0.02532327586206906 0.04660560344827591
0 0.2577227011494253 0.42039331896551724 0.02765804597701152 0.04175646551724138
0 0.422503591954023 0.49407327586206895 0.021731321839080442 0.04094827586206895
0 0.2895114942528736 0.5367726293103448 0.021551724137930994 0.03367456896551724
0 0.17358117816091956 0.43359375 0.03178879310344826 0.043911637931034475
0 0.4801544540229885 0.5437769396551724 0.03358477011494254 0.043911637931034475
0 0.18947557471264367 0.6470905172413793 0.023706896551724144 0.0350215517241379
0 0.5919540229885059 0.4568965517241379 0.029454022988505746 0.04040948275862072
0 0.35614224137931033 0.6742995689655172 0.02837643678160917 0.0511853448275863
0 0.37167744252873564 0.7257543103448276 0.030711206896551713 0.05280172413793105
0 0.3551544540229885 0.5509159482758621 0.02891522988505746 0.03125
0 0.19207974137931033 0.38995150862068967 0.03538074712643677 0.04552801724137934
0 0.40400502873563215 0.41648706896551724 0.028915229885057514 0.039870689655172376
0 0.3600933908045977 0.4375 0.027298850574712652 0.039870689655172376
0 0.5967133620689655 0.2613146551724138 0.03250718390804597 0.038793103448275856
0 0.3003771551724138 0.47077047413793105 0.03394396551724138 0.04606681034482757
0 0.45698635057471265 0.43561422413793105 0.021012931034482762 0.03987068965517243
0 0.3316271551724138 0.4896282327586207 0.02532327586206895 0.04067887931034486
0 0.42528735632183906 0.6658135775862069 0.03125 0.04929956896551724
0 0.5076329022988506 0.4128502155172414 0.02783764367816094 0.04660560344827591
0 0.5190373563218391 0.4714439655172414 0.02765804597701149 0.04148706896551724
0 0.3837104885057471 0.5616918103448276 0.02891522988505746 0.04741379310344829
0 0.4758441091954023 0.5973868534482758 0.019935344827586243 0.04283405172413801
0 0.34186422413793105 0.4150053879310345 0.031070402298850552 0.030980603448275856
0 0.4213362068965517 0.39991918103448276 0.025143678160919558 0.02613146551724138
0 0.4454022988505747 0.3213900862068966 0.014367816091954033 0.029094827586206906
0 0.46650502873563215 0.21592133620689655 0.034303160919540276 0.046605603448275856
0 0.4814116379310345 0.5779903017241379 0.02604166666666663 0.03313577586206895
0 0.40229885057471265 0.6954471982758621 0.02765804597701149 0.04552801724137934
0 0.40912356321839083 0.7261584051724138 0.021551724137930994 0.022359913793103425
0 0.48248922413793105 0.26171875 0.03142959770114945 0.0390625
0 0.38945761494252873 0.5071390086206897 0.021012931034482762 0.022898706896551713
0 0.34868893678160917 0.4482758620689655 0.02640086206896547 0.03663793103448276
0 0.4151400862068966 0.37702047413793105 0.020294540229885027 0.03960129310344829
0 0.47108477011494254 0.3565463362068966 0.03591954022988508 0.03582974137931033
0 0.5238864942528736 0.8283943965517242 0.01652298850574707 0.04418103448275856
0 0.4260955459770115 0.5211476293103448 0.026400862068965525 0.04229525862068961
0 0.4100215517241379 0.4493534482758621 0.029813218390804586 0.02424568965517243
0 0.4412715517241379 0.22036637931034483 0.024425287356321823 0.044719827586206906
0 0.5296336206896551 0.8683997844827587 0.02155172413793105 0.04606681034482751
0 0.4795258620689655 0.47521551724137934 0.033045977011494254 0.04741379310344823
0 0.43256106321839083 0.2627963362068966 0.01454741379310348 0.03852370689655174
0 0.382183908045977 0.591729525862069 0.026580459770114917 0.02182112068965525
0 0.5271192528735632 0.959051724137931 0.018318965517241326 0.049568965517241326
0 0.47907686781609193 0.4454471982758621 0.019935344827586243 0.017510775862069006
0 0.5340337643678161 0.39695581896551724 0.02604166666666663 0.055765086206896575
0 0.3553340517241379 0.6078933189655172 0.020653735632183923 0.030441810344827624
0 0.45572916666666663 0.6138200431034483 0.02855603448275862 0.0546875
0 0.5530711206896552 0.38698814655172414 0.01706178160919547 0.025053879310344862
0 0.5250538793103448 0.6821120689655172 0.019935344827586188 0.0199353448275863
0 0.4155890804597701 0.880792025862069 0.016163793103448287 0.04337284482758619
0 0.38802083333333337 0.9357489224137931 0.019935344827586243 0.05414870689655171
0 0.586566091954023 0.5336745689655172 0.01867816091954022 0.04849137931034475
0 0.5556752873563218 0.36085668103448276 0.01652298850574707 0.0272090517241379
0 0.28573994252873564 0.8525053879310345 0.02227011494252873 0.026670258620689724
0 0.6329022988505747 0.6373922413793103 0.03268678160919536 0.05226293103448276
0 0.5728268678160919 0.33822737068965514 0.028556034482758674 0.025592672413793094
0 0.25610632183908044 0.8217941810344828 0.02514367816091953 0.039601293103448176
0 0.5989583333333333 0.3116918103448276 0.03196839080459768 0.02855603448275862
0 0.6486170977011494 0.4973060344827586 0.01778017241379304 0.03178879310344829
0 0.2614942528735632 0.7328933189655172 0.03196839080459768 0.042295258620689724
0 0.6153915229885057 0.4617456896551724 0.01490660919540221 0.04040948275862072
0 0.6520294540229885 0.3151939655172414 0.012751436781609282 0.03933189655172409
0 0.1839080459770115 0.5026939655172413 0.03484195402298851 0.04525862068965514
0 0.6004849137931034 0.42120150862068967 0.033943965517241326 0.03367456896551724
0 0.22386853448275862 0.5316540948275863 0.026041666666666685 0.029903017241379337
0 0.27738864942528735 0.4331896551724138 0.03969109195402298 0.039331896551724144
0 0.32112068965517243 0.4346713362068966 0.029454022988505746 0.02235991379310348
0 0.2860991379310345 0.4769665948275862 0.02227011494252873 0.03852370689655171
0 0.27119252873563215 0.4610721982758621 0.029094827586206906 0.03044181034482757
0 0.27541307471264365 0.5204741379310345 0.02568247126436779 0.049568965517241326
0 0.3750897988505747 0.8042834051724137 0.02568247126436779 0.03852370689655171
