0 0.5305316091954023 0.34199892241379315 0.02155172413793105 0.036907327586206906
0 0.5324173850574713 0.4226831896551724 0.022808908045977017 0.035021551724137956
0 0.5073635057471264 0.5790678879310345 0.021910919540229834 0.028825431034482762
0 0.17636494252873564 0.1585398706896552 0.03627873563218392 0.04552801724137931
0 0.19639008620689655 0.3199084051724138 0.021372126436781602 0.03475215517241376
0 0.2535021551724138 0.5262661637931034 0.030352011494252873 0.036368534482758674
0 0.5440014367816092 0.6864224137931034 0.0237068965517242 0.042025862068965525
0 0.3400682471264368 0.6918103448275863 0.022090517241379337 0.04633620689655171
0 0.5429238505747127 0.7172683189655173 0.023347701149425304 0.028825431034482762
0 0.4503412356321839 0.5200700431034483 0.02891522988505746 0.04768318965517243
0 0.21120689655172414 0.1705280172413793 0.02191091954022989 0.03448275862068967
0 0.4104705459770115 0.3331088362068966 0.026400862068965525 0.03582974137931033
0 0.5367277298850575 0.8712284482758621 0.024245689655172376 0.042025862068965525
0 0.496857040229885 0.8080549568965518 0.02604166666666663 0.04337284482758619
0 0.25808189655172414 0.4245689655172414 0.02765804597701149 0.03933189655172409
0 0.30127514367816094 0.4326508620689655 0.026400862068965525 0.0431034482758621
0 0.6001257183908046 0.7032596982758621 0.02604166666666663 0.04337284482758619
0 0.5619612068965517 0.3716325431034483 0.024784482758620774 0.03960129310344829
0 0.5067349137931034 0.6108566810344828 0.01849856321839083 0.026670258620689724
0 0.6005747126436781 0.5906519396551724 0.025143678160919558 0.03852370689655171
0 0.5589978448275862 0.48046875 0.026400862068965525 0.030980603448275912
0 0.6373024425287357 0.47077047413793105 0.024964080459770055 0.036907327586206906
0 0.5718390804597702 0.7105334051724138 0.026580459770115028 0.046066810344827624
0 0.5229885057471264 0.7447467672413793 0.024784482758620663 0.037984913793103425
0 0.20123922413793105 0.20218211206896552 0.03178879310344826 0.04876077586206898
0 0.3310883620689655 0.37095905172413796 0.03142959770114939 0.046875
0 0.4854525862068966 0.59765625 0.027298850574712652 0.04498922413793105
0 0.6029992816091954 0.5511853448275862 0.020653735632183978 0.038254310344827624
0 0.7529633620689655 0.6359105603448276 0.030711206896551713 0.0428340517241379
0 0.5716594827586207 0.5257273706896552 0.025502873563218342 0.04337284482758619
0 0.5315193965517241 0.5977909482758621 0.022808908045977017 0.03663793103448276
0 0.7196479885057472 0.43359375 0.030172413793103536 0.034213362068965525
0 0.3585668103448276 0.32233297413793105 0.031070402298850552 0.047144396551724144
0 0.5836925287356322 0.4618803879310345 0.022629310344827624 0.037984913793103425
0 0.6757363505747127 0.5894396551724138 0.024245689655172487 0.0350215517241379
0 0.556573275862069 0.6733566810344828 0.024425287356321768 0.0390625
0 0.5031429597701149 0.7611799568965517 0.023168103448275912 0.034213362068965525
0 0.5413074712643678 0.6435883620689655 0.024066091954022983 0.03717672413793105
0 0.5734554597701149 0.5730064655172413 0.02837643678160917 0.04418103448275856
0 0.3010057471264368 0.7627963362068966 0.015804597701149448 0.029903017241379337
0 0.20420258620689655 0.3469827586206896 0.03160919540229884 0.045258620689655193
0 0.5550466954022989 0.6069504310344828 0.022808908045977017 0.0350215517241379
0 0.7149784482758621 0.5032327586206896 0.02442528735632188 0.03825431034482757
0 0.45806393678160917 0.33768857758620685 0.030352011494252873 0.041217672413793094
0 0.6217672413793103 0.6053340517241379 0.02083333333333337 0.038254310344827624
0 0.6661278735632183 0.5552262931034483 0.022629310344827513 0.036099137931034475
0 0.2306932471264368 0.29943426724137934 0.02783764367816091 0.03960129310344823
0 0.5163433908045977 0.6418372844827587 0.0193965517241379 0.028286637931034586
0 0.31788793103448276 0.76953125 0.02191091954022989 0.04498922413793105
0 0.5932112068965517 0.3367456896551724 0.030172413793103425 0.039331896551724144
0 0.7007902298850575 0.6165140086206897 0.026580459770114917 0.04283405172413801
0 0.49982040229885055 0.44113685344827586 0.024784482758620663 0.03475215517241381
0 0.593121408045977 0.3779633620689655 0.03250718390804597 0.04148706896551724
0 0.2738864942528736 0.4548760775862069 0.026221264367816077 0.04498922413793105
0 0.4722521551724138 0.7945851293103449 0.023527298850574696 0.043911637931034475
0 0.4541127873563219 0.5630387931034483 0.029274425287356298 0.043642241379310276
0 0.5611530172413793 0.44665948275862066 0.02891522988505746 0.038793103448275856
0 0.24982040229885058 0.07583512931034482 0.03089080459770116 0.053609913793103446
0 0.3117816091954023 0.48221982758620685 0.026939655172413757 0.05387931034482757
0 0.2874461206896552 0.41271551724137934 0.02891522988505746 0.043103448275862044
0 0.3661997126436782 0.36476293103448276 0.025862068965517238 0.0431034482758621
0 0.5171515804597702 0.38995150862068967 0.027119252873563204 0.04337284482758619
0 0.7733477011494253 0.654364224137931 0.02765804597701149 0.045797413793103425
0 0.3748204022988506 0.23316271551724138 0.023706896551724144 0.03367456896551724
0 0.5558548850574713 0.2696659482758621 0.02909482758620685 0.04094827586206898
0 0.5105064655172413 0.6834590517241379 0.02676005747126442 0.04148706896551724
0 0.47261135057471265 0.3153286637931034 0.025682471264367845 0.03852370689655177
0 0.4509698275862069 0.38442887931034486 0.02298850574712641 0.035021551724137956
0 0.34339080459770116 0.44679418103448276 0.030172413793103425 0.05899784482758619
0 0.6311063218390804 0.5623653017241379 0.025862068965517238 0.04229525862068961
0 0.2224317528735632 0.24528556034482757 0.03178879310344826 0.0460668103448276
0 0.6409841954022988 0.5191271551724138 0.02298850574712652 0.0393318965517242
0 0.7174030172413792 0.5426993534482758 0.027119252873563204 0.03529094827586199
0 0.31070402298850575 0.720635775862069 0.02227011494252873 0.039870689655172376
0 0.3457255747126437 0.2847521551724138 0.029454022988505746 0.04256465517241376
0 0.5460668103448276 0.5588631465517242 0.027119252873563204 0.04445043103448276
0 0.5161637931034483 0.7931034482758621 0.024784482758620774 0.04256465517241381
0 0.3123204022988506 0.763604525862069 0.025143678160919503 0.03744612068965525
0 0.48895474137931033 0.6376616379310345 0.02460488505747127 0.030711206896551713
0 0.2808908045977011 0.5472790948275863 0.01903735632183906 0.03744612068965514
0 0.5048491379310345 0.5440463362068966 0.033764367816091934 0.04929956896551724
0 0.38092672413793105 0.1918103448275862 0.03125 0.04633620689655174
0 0.7429058908045977 0.5959051724137931 0.027837643678160884 0.03771551724137934
0 0.40391522988505746 0.2191540948275862 0.033045977011494254 0.043372844827586216
0 0.38415948275862066 0.2528286637931034 0.027658045977011547 0.04175646551724138
0 0.6570581896551724 0.6248653017241379 0.020653735632183978 0.037984913793103425
0 0.32309626436781613 0.7262931034482758 0.02191091954022989 0.03717672413793094
0 0.533135775862069 0.45770474137931033 0.0274784482758621 0.04094827586206895
0 0.3970007183908046 0.13038793103448276 0.029992816091954033 0.04579741379310344
0 0.6958512931034483 0.5207435344827587 0.02532327586206895 0.04094827586206906
0 0.5831537356321839 0.6685075431034482 0.026221264367816022 0.03852370689655171
0 0.3875718390804598 0.3360721982758621 0.027298850574712652 0.04175646551724138
0 0.7736170977011494 0.6051993534482758 0.02676005747126442 0.03690732758620696
0 0.6805854885057472 0.7165948275862069 0.02244971264367812 0.046875
0 0.6042564655172413 0.46282327586206895 0.021012931034482762 0.03717672413793105
0 0.36745689655172414 0.4141971982758621 0.024066091954022983 0.04337284482758624
0 0.5212823275862069 0.8305495689655173 0.02604166666666663 0.03663793103448276
0 0.3957435344827586 0.41594827586206895 0.02388649425287359 0.038793103448275856
0 0.41154813218390807 0.4536637931034483 0.031070402298850552 0.05226293103448276
0 0.23159123563218392 0.20245150862068967 0.026041666666666657 0.0439116379310345
0 0.5705818965517242 0.6357758620689655 0.025502873563218453 0.03717672413793105
0 0.27936422413793105 0.07044719827586207 0.03214798850574713 0.049299568965517244
0 0.7241379310344828 0.6391433189655172 0.025502873563218342 0.048221982758620774
0 0.7210847701149425 0.46241918103448276 0.027298850574712707 0.043911637931034475
0 0.5238864942528736 0.2963362068965517 0.026580459770114917 0.04364224137931033
0 0.5229885057471264 0.4994612068965517 0.028017241379310387 0.046875
0 0.6719647988505748 0.5207435344827587 0.022090517241379337 0.03663793103448276
0 0.6479885057471264 0.6046605603448276 0.025502873563218342 0.04660560344827591
0 0.5737248563218391 0.30926724137931033 0.02891522988505746 0.04741379310344829
0 0.5484913793103448 0.3348599137931034 0.025502873563218453 0.03556034482758624
0 0.6513110632183907 0.7132273706896552 0.021012931034482762 0.03744612068965514
0 0.5903376436781609 0.4213362068965517 0.026580459770114917 0.04148706896551724
0 0.5432830459770115 0.7545797413793103 0.025143678160919558 0.04148706896551724
0 0.49389367816091956 0.28057650862068967 0.02801724137931033 0.043911637931034475
0 0.6380208333333333 0.6853448275862069 0.021012931034482762 0.03556034482758619
0 0.7149784482758621 0.5812230603448276 0.022629310344827624 0.0390625
0 0.22279094827586207 0.5169719827586207 0.030711206896551713 0.04471982758620685
0 0.665948275862069 0.6941002155172413 0.024784482758620663 0.04714439655172409
0 0.25610632183908044 0.30657327586206895 0.02478448275862072 0.03663793103448276
0 0.5649245689655172 0.40827047413793105 0.023527298850574807 0.0390625
0 0.47270114942528735 0.49070581896551724 0.026939655172413812 0.04337284482758624
0 0.35910560344827586 0.5785290948275862 0.020653735632183867 0.051993534482758674
0 0.4744971264367816 0.7346443965517242 0.0193965517241379 0.03663793103448276
0 0.6505926724137931 0.5013469827586207 0.018857758620689613 0.0193965517241379
0 0.7483836206896551 0.6691810344827587 0.02155172413793105 0.022629310344827513
0 0.2109375 0.024110991379310345 0.035021551724137956 0.04552801724137931
0 0.7226113505747127 0.6720096982758621 0.027119252873563204 0.028286637931034475
0 0.4683010057471264 0.6864224137931034 0.020653735632183923 0.0350215517241379
0 0.5219109195402298 0.7153825431034483 0.019755747126436796 0.0309806034482758
0 0.327496408045977 0.5561691810344828 0.027119252873563204 0.048221982758620774
0 0.15508261494252873 0.1969288793103448 0.03430316091954022 0.05334051724137931
0 0.7022270114942528 0.6512661637931034 0.021910919540229945 0.028286637931034475
0 0.5784841954022988 0.7373383620689655 0.022629310344827513 0.032327586206896575
0 0.2703843390804598 0.669989224137931 0.029633620689655138 0.049568965517241326
0 0.4875179597701149 0.8455010775862069 0.03250718390804597 0.0390625
0 0.26221264367816094 0.5771821120689655 0.024066091954022983 0.0471443965517242
0 0.6796875 0.6278286637931034 0.022090517241379226 0.046066810344827624
0 0.47099497126436785 0.7687230603448276 0.026041666666666685 0.030441810344827513
0 0.4951508620689655 0.7328933189655172 0.02119252873563221 0.030441810344827624
0 0.3422234195402299 0.7397629310344828 0.025682471264367845 0.0387931034482758
0 0.2937320402298851 0.6130118534482758 0.02280890804597696 0.040140086206896464
0 0.6944145114942528 0.6773976293103449 0.025682471264367845 0.037984913793103425
0 0.4208872126436781 0.5006734913793103 0.022449712643678177 0.03367456896551724
0 0.6531070402298851 0.6678340517241379 0.021012931034482762 0.04471982758620685
0 0.6845366379310345 0.5641163793103448 0.012392241379310276 0.03178879310344829
0 0.6335308908045978 0.6322737068965517 0.02244971264367812 0.024784482758620774
0 0.7467672413793103 0.5674838362068966 0.033045977011494254 0.030441810344827624
0 0.43184267241379315 0.5797413793103449 0.022449712643678177 0.038254310344827624
0 0.397808908045977 0.5635775862068966 0.028735632183908066 0.04364224137931039
0 0.5830639367816092 0.6163793103448276 0.03250718390804597 0.02909482758620696
0 0.6053340517241379 0.6287715517241379 0.020294540229885083 0.03717672413793105
0 0.4073275862068966 0.5187230603448276 0.029094827586206906 0.04175646551724138
0 0.4779992816091954 0.5269396551724137 0.029992816091954033 0.03556034482758619
0 0.6060524425287357 0.6495150862068966 0.027119252873563204 0.044181034482758674
0 0.45195761494252873 0.4597252155172414 0.02460488505747127 0.04067887931034486
0 0.43525502873563215 0.4364224137931034 0.034303160919540276 0.04256465517241376
0 0.44306752873563215 0.4092133620689655 0.02873563218390801 0.032327586206896575
0 0.4689295977011494 0.42887931034482757 0.02119252873563221 0.04256465517241381
0 0.5514547413793103 0.3073814655172414 0.029633620689655138 0.03556034482758619
0 0.5087104885057472 0.34132543103448276 0.025323275862069006 0.04256465517241381
0 0.49254669540229884 0.3526400862068966 0.027119252873563204 0.04256465517241376
0 0.47162356321839083 0.3661099137931034 0.016522988505747127 0.03125
0 0.4870689655172414 0.39587823275862066 0.028017241379310387 0.030980603448275856
0 0.5368175287356323 0.3911637931034483 0.019755747126436796 0.04040948275862066
0 0.6475395114942528 0.4273976293103448 0.027119252873563204 0.034213362068965525
0 0.6935165229885057 0.43372844827586204 0.022449712643678232 0.046875
0 0.665319683908046 0.4695581896551724 0.027837643678160884 0.03987068965517243
0 0.6898347701149425 0.48248922413793105 0.021192528735632266 0.0393318965517242
0 0.6689116379310345 0.4412715517241379 0.025682471264367734 0.029094827586206906
0 0.6284123563218391 0.4497575431034483 0.023706896551724088 0.03367456896551724
0 0.5765984195402298 0.4847790948275862 0.019935344827586188 0.019665948275862044
0 0.6189834770114943 0.5144127155172414 0.020653735632183867 0.033135775862069006
0 0.5969827586206896 0.5074084051724138 0.02155172413793105 0.040678879310344807
0 0.5466056034482758 0.5075431034482758 0.017420977011494254 0.03448275862068961
