0 0.3202227011494253 0.8958782327586208 0.027298850574712652 0.04445043103448276
0 0.4651580459770115 0.3471174568965517 0.02981321839080464 0.03367456896551724
0 0.4296875 0.2660290948275862 0.02244971264367812 0.036907327586206906
0 0.6130567528735633 0.3978987068965517 0.02819683908045978 0.030711206896551713
0 0.5573814655172413 0.4525862068965517 0.02819683908045978 0.045258620689655193
0 0.6467313218390804 0.5623653017241379 0.021192528735632155 0.04121767241379315
0 0.5174209770114943 0.27168642241379315 0.028376436781609282 0.041217672413793094
0 0.2937320402298851 0.525457974137931 0.020653735632183923 0.03475215517241381
0 0.5608836206896551 0.9146012931034483 0.028735632183908066 0.042025862068965525
0 0.44719827586206895 0.4214709051724138 0.01903735632183906 0.03313577586206895
0 0.39349856321839083 0.6185344827586207 0.02227011494252873 0.028556034482758674
0 0.49039152298850575 0.6076239224137931 0.02568247126436779 0.03259698275862066
0 0.585308908045977 0.4183728448275862 0.024066091954022983 0.03232758620689652
0 0.27586206896551724 0.6209590517241379 0.019755747126436796 0.030172413793103425
0 0.6493354885057472 0.51171875 0.023168103448275912 0.046066810344827624
0 0.6300287356321839 0.7144396551724138 0.026939655172413812 0.049568965517241326
0 0.5664511494252873 0.24232219827586204 0.030172413793103536 0.03960129310344826
0 0.3720366379310345 0.6247306034482758 0.019935344827586188 0.03340517241379304
0 0.48204022988505746 0.2879849137931034 0.026221264367816077 0.042025862068965525
0 0.4637212643678161 0.27545797413793105 0.023347701149425304 0.04229525862068967
0 0.31393678160919536 0.5369073275862069 0.029813218390804586 0.04364224137931039
0 0.39394755747126436 0.6559806034482758 0.03178879310344829 0.047952586206896464
0 0.5187679597701149 0.4892241379310345 0.02460488505747127 0.038254310344827624
0 0.6482579022988506 0.3046875 0.03214798850574707 0.04094827586206895
0 0.5633979885057472 0.3995150862068966 0.026580459770115028 0.045258620689655193
0 0.35443606321839083 0.7355872844827587 0.028196839080459724 0.05145474137931039
0 0.3198635057471264 0.4771012931034483 0.026939655172413757 0.04094827586206895
0 0.49811422413793105 0.34240301724137934 0.02424568965517243 0.030711206896551768
0 0.6219468390804598 0.3080549568965517 0.024425287356321768 0.037984913793103425
0 0.5279274425287357 0.5666756465517242 0.02388649425287348 0.04067887931034486
0 0.3703304597701149 0.51953125 0.02478448275862072 0.0315193965517242
0 0.5264906609195402 0.3341864224137931 0.02532327586206895 0.05037715517241381
0 0.5695941091954023 0.6721443965517241 0.021731321839080442 0.036099137931034475
0 0.5281968390804598 0.5231681034482758 0.026580459770114917 0.03987068965517249
0 0.39035560344827586 0.5867456896551724 0.0274784482758621 0.0431034482758621
0 0.2670617816091954 0.5855334051724138 0.03125 0.043911637931034475
0 0.2920258620689655 0.5633081896551724 0.01831896551724138 0.03178879310344829
0 0.37670617816091956 0.4488146551724138 0.02568247126436779 0.03771551724137928
0 0.37625718390804597 0.49191810344827586 0.024784482758620663 0.03771551724137934
0 0.5386135057471264 0.619207974137931 0.02765804597701149 0.04929956896551724
0 0.3003771551724138 0.7945851293103448 0.019935344827586243 0.03690732758620696
0 0.43507543103448276 0.6794181034482758 0.03214798850574713 0.04256465517241381
0 0.5864762931034483 0.6736260775862069 0.025682471264367734 0.04175646551724144
0 0.6129669540229885 0.6728178879310345 0.024784482758620774 0.0433728448275863
0 0.24254669540229884 0.6596174568965518 0.03789511494252873 0.03960129310344829
0 0.3703304597701149 0.5554956896551724 0.03017241379310348 0.03933189655172409
0 0.6091056034482758 0.4229525862068966 0.023168103448275912 0.025862068965517238
0 0.4255567528735632 0.5307112068965517 0.022090517241379337 0.03717672413793105
0 0.2400323275862069 0.8127693965517242 0.033225574712643674 0.04525862068965514
0 0.6411637931034483 0.665948275862069 0.026221264367816133 0.04471982758620685
0 0.5049389367816093 0.30441810344827586 0.02819683908045978 0.038254310344827624
0 0.6642420977011494 0.5626346982758621 0.01921695402298851 0.03852370689655171
0 0.5740840517241379 0.30266702586206895 0.029992816091954033 0.03313577586206895
0 0.5362787356321839 0.6808997844827587 0.024066091954022983 0.04229525862068961
0 0.3600933908045977 0.4653825431034483 0.026221264367816077 0.03636853448275862
0 0.5680675287356322 0.7060883620689655 0.021910919540229834 0.0350215517241379
0 0.21003951149425287 0.7264278017241379 0.026760057471264365 0.032058189655172376
0 0.5 0.3689385775862069 0.031968390804597735 0.0390625
0 0.24102011494252873 0.6887122844827587 0.03125 0.030441810344827513
0 0.6690014367816092 0.4920528017241379 0.02909482758620685 0.03690732758620685
0 0.5431932471264367 0.2677801724137931 0.023527298850574696 0.036099137931034475
0 0.47036637931034486 0.4247036637931034 0.026939655172413757 0.05145474137931033
0 0.5431932471264367 0.9383081896551724 0.021012931034482762 0.03286637931034486
0 0.5757902298850575 0.6274245689655172 0.024066091954022983 0.036099137931034475
0 0.4295079022988506 0.3968211206896552 0.030711206896551768 0.03663793103448276
0 0.2117456896551724 0.6720096982758621 0.029454022988505746 0.04175646551724144
0 0.32363505747126436 0.4228178879310345 0.025502873563218342 0.04445043103448276
0 0.5495689655172413 0.8747306034482758 0.026580459770115028 0.04040948275862066
0 0.6714260057471264 0.5286907327586207 0.02244971264367812 0.03313577586206895
0 0.3715876436781609 0.9411368534482758 0.026580459770114973 0.040140086206896464
0 0.5325969827586207 0.2271012931034483 0.022808908045977017 0.042564655172413784
0 0.41585847701149425 0.7098599137931034 0.025682471264367845 0.0431034482758621
0 0.5942887931034483 0.7268318965517242 0.025502873563218342 0.03825431034482751
0 0.2732579022988506 0.7955280172413792 0.031070402298850552 0.03933189655172409
0 0.47781968390804597 0.5028286637931034 0.026760057471264365 0.041217672413793094
0 0.24533045977011494 0.6140894396551724 0.028376436781609227 0.04714439655172409
0 0.3987966954022989 0.5140086206896552 0.02496408045977011 0.03879310344827591
0 0.4306752873563218 0.9140625 0.016163793103448287 0.0350215517241379
0 0.4968570402298851 0.4168911637931034 0.026400862068965525 0.041217672413793094
0 0.6018318965517242 0.7004310344827587 0.025862068965517238 0.032327586206896464
0 0.5686063218390804 0.2742456896551724 0.02981321839080464 0.03448275862068967
0 0.6148527298850575 0.3597790948275862 0.03214798850574718 0.041217672413793094
0 0.4616558908045977 0.5431034482758621 0.029633620689655193 0.05226293103448276
0 0.4022090517241379 0.5476831896551724 0.025323275862069006 0.030172413793103425
0 0.3836206896551724 0.7345096982758621 0.03017241379310348 0.04660560344827591
0 0.4853627873563219 0.5711206896551724 0.02999281609195409 0.04364224137931039
0 0.23051364942528735 0.5470096982758621 0.03178879310344826 0.04445043103448276
0 0.36682830459770116 0.689385775862069 0.030711206896551713 0.04633620689655171
0 0.4696479885057471 0.6470905172413793 0.026939655172413812 0.055495689655172376
0 0.5897988505747127 0.3837553879310345 0.03196839080459768 0.03960129310344829
0 0.5797413793103449 0.3415948275862069 0.028735632183908066 0.042025862068965525
0 0.5465158045977012 0.3091325431034483 0.025862068965517238 0.03475215517241381
0 0.6359554597701149 0.3464439655172414 0.021910919540229834 0.038254310344827624
0 0.5728268678160919 0.5412176724137931 0.023527298850574696 0.04040948275862066
0 0.32318606321839083 0.7136314655172413 0.030352011494252873 0.04471982758620696
0 0.29507902298850575 0.6945043103448276 0.02909482758620685 0.04094827586206895
0 0.3090876436781609 0.4346713362068966 0.03376436781609199 0.04175646551724138
0 0.5505567528735632 0.5546875 0.026400862068965525 0.04148706896551735
0 0.36494252873563215 0.591729525862069 0.02478448275862072 0.03367456896551724
0 0.4028376436781609 0.4480064655172414 0.02801724137931033 0.03717672413793105
0 0.43633261494252873 0.5691002155172413 0.021372126436781602 0.04067887931034486
0 0.599676724137931 0.4540678879310345 0.029454022988505746 0.037984913793103425
0 0.5426544540229885 0.7151131465517242 0.0231681034482758 0.02936422413793094
0 0.5552262931034482 0.19989224137931033 0.02460488505747127 0.05064655172413793
0 0.29022988505747127 0.9220096982758621 0.022629310344827624 0.04121767241379315
0 0.5907866379310345 0.5071390086206897 0.027119252873563204 0.03582974137931039
0 0.4695581896551724 0.3790409482758621 0.02783764367816094 0.03987068965517243
0 0.5105064655172413 0.6332165948275863 0.021012931034482762 0.03744612068965514
0 0.5568426724137931 0.5110452586206896 0.025682471264367845 0.039331896551724144
0 0.4561781609195402 0.32273706896551724 0.032327586206896575 0.038793103448275856
0 0.3441091954022989 0.4362877155172414 0.026221264367816077 0.0428340517241379
0 0.43498563218390807 0.4251077586206896 0.020474137931034475 0.035021551724137956
0 0.6071300287356322 0.5743534482758621 0.0274784482758621 0.04418103448275856
0 0.4617456896551724 0.5999461206896552 0.029813218390804586 0.03933189655172409
0 0.44926364942528735 0.24339978448275862 0.036099137931034475 0.04121767241379312
0 0.5219109195402298 0.39628232758620685 0.023347701149425304 0.05980603448275862
0 0.42070761494252873 0.6142241379310345 0.02496408045977011 0.0511853448275863
0 0.43552442528735635 0.3254310344827586 0.024425287356321823 0.04094827586206895
0 0.3876616379310345 0.9893588362068966 0.025682471264367845 0.02128232758620685
0 0.5291846264367817 0.4333243534482759 0.024245689655172487 0.031519396551724144
0 0.4451329022988506 0.6417025862068966 0.026760057471264365 0.05334051724137934
0 0.5541487068965517 0.9742726293103448 0.02532327586206895 0.03744612068965514
0 0.4406429597701149 0.21417025862068967 0.019935344827586243 0.03232758620689655
0 0.4416307471264368 0.36193426724137934 0.022988505747126464 0.03205818965517243
0 0.5415768678160919 0.39197198275862066 0.019935344827586188 0.03663793103448271
0 0.4947916666666667 0.2668372844827586 0.026939655172413812 0.043911637931034475
0 0.5952765804597702 0.4950161637931034 0.037535919540229945 0.032058189655172376
0 0.5377155172413793 0.9744073275862069 0.010775862068965525 0.036099137931034475
0 0.6164691091954023 0.5075431034482759 0.019576149425287293 0.040948275862069006
0 0.5482219827586207 0.4201239224137931 0.015625 0.0196659482758621
0 0.6521192528735633 0.6978717672413793 0.016163793103448287 0.032058189655172376
0 0.5132902298850575 0.24339978448275862 0.025862068965517238 0.037984913793103425
0 0.5849497126436782 0.5968480603448276 0.030890804597701105 0.04606681034482751
0 0.5542385057471264 0.33459051724137934 0.024784482758620663 0.032866379310344807
0 0.5289152298850575 0.4610721982758621 0.021910919540229834 0.02990301724137928
0 0.6176364942528736 0.4621497844827586 0.016163793103448287 0.04552801724137934
0 0.5367277298850575 0.36193426724137934 0.030711206896551713 0.02613146551724138
0 0.5030531609195402 0.4500269396551724 0.028735632183908066 0.027209051724137956
0 0.5849497126436782 0.5433728448275863 0.01867816091954022 0.04256465517241381
0 0.6576867816091954 0.6640625 0.012212643678160995 0.0393318965517242
0 0.625 0.5344827586206897 0.02227011494252884 0.03178879310344829
0 0.5660919540229885 0.6563846982758621 0.024425287356321768 0.03582974137931039
0 0.4969468390804598 0.47494612068965514 0.020474137931034475 0.032866379310344807
0 0.4312140804597701 0.46726831896551724 0.023347701149425304 0.0352909482758621
0 0.33090876436781613 0.9525862068965517 0.027478448275862044 0.043642241379310276
0 0.5551364942528736 0.6536907327586207 0.014727011494252928 0.04876077586206895
0 0.36485272988505746 0.8209859913793103 0.02388649425287359 0.03582974137931039
0 0.45501077586206895 0.46726831896551724 0.022449712643678177 0.03367456896551724
0 0.49021192528735635 0.6407596982758621 0.017780172413793094 0.0428340517241379
0 0.4406429597701149 0.7184806034482758 0.025323275862069006 0.03825431034482751
0 0.31016522988505746 0.7380118534482758 0.025502873563218398 0.04283405172413801
0 0.44243893678160917 0.5028286637931034 0.028196839080459724 0.03582974137931039
0 0.414691091954023 0.4847790948275862 0.027298850574712652 0.037984913793103425
0 0.24685704022988506 0.7373383620689655 0.017061781609195414 0.03663793103448276
0 0.4295079022988506 0.7561961206896551 0.027478448275862044 0.047952586206896575
0 0.41235632183908044 0.5638469827586207 0.01867816091954022 0.038254310344827624
0 0.3522808908045977 0.4917834051724138 0.025323275862069006 0.03313577586206895
0 0.4186422413793104 0.7999730603448276 0.02801724137931033 0.0428340517241379
0 0.3843390804597701 0.767645474137931 0.02442528735632188 0.026670258620689724
0 0.4808728448275862 0.32421875 0.019935344827586243 0.023976293103448287
0 0.3312679597701149 0.5009428879310345 0.02640086206896547 0.032058189655172376
0 0.34348060344827586 0.5472790948275862 0.02532327586206895 0.041756465517241326
0 0.38676364942528735 0.9605334051724138 0.018139367816091934 0.0352909482758621
0 0.3992456896551724 0.771417025862069 0.020833333333333315 0.03744612068965525
0 0.35659123563218387 0.9761584051724138 0.026041666666666685 0.0466056034482758
0 0.3036997126436781 0.4873383620689655 0.020833333333333315 0.03717672413793105
0 0.4064295977011494 0.8450969827586208 0.02191091954022989 0.04040948275862066
0 0.4261853448275862 0.8622036637931034 0.014727011494252873 0.0471443965517242
0 0.5098778735632183 0.5323275862068966 0.024784482758620663 0.0393318965517242
0 0.49263649425287354 0.5338092672413793 0.017600574712643646 0.036368534482758674
0 0.39188218390804597 0.8709590517241379 0.02837643678160917 0.042025862068965525
0 0.5135596264367817 0.572198275862069 0.01849856321839083 0.04040948275862066
0 0.3865840517241379 0.9124461206896551 0.031070402298850552 0.045797413793103425
0 0.3012751436781609 0.8393049568965518 0.031070402298850552 0.05037715517241381
0 0.5452586206896552 0.5836476293103448 0.027298850574712596 0.027747844827586188
0 0.5708512931034483 0.5806842672413792 0.024964080459770166 0.03367456896551724
0 0.28448275862068967 0.8595096982758621 0.026939655172413812 0.04175646551724144
0 0.5579202586206896 0.6037176724137931 0.015625 0.026939655172413812
0 0.2728987068965517 0.7338362068965517 0.04005028735632182 0.042025862068965525
0 0.2640086206896552 0.7707435344827587 0.0283764367816092 0.030711206896551713
0 0.5164331896551724 0.6010237068965518 0.029274425287356354 0.03663793103448276
0 0.31779813218390807 0.6462823275862069 0.01921695402298851 0.04956896551724144
0 0.3289331896551724 0.5649245689655172 0.027478448275862044 0.0274784482758621
0 0.3129489942528736 0.5715247844827587 0.029992816091953978 0.029903017241379337
0 0.3104346264367816 0.6042564655172413 0.019935344827586188 0.03556034482758619
