0 0.5378951149425287 0.1791487068965517 0.026580459770114917 0.046875
0 0.3692528735632184 0.62890625 0.02227011494252873 0.035829741379310276
0 0.6271551724137931 0.6947737068965517 0.028017241379310387 0.036099137931034475
0 0.39260057471264365 0.7528286637931034 0.032686781609195414 0.0509159482758621
0 0.23661997126436785 0.8480603448275862 0.03430316091954025 0.050107758620689724
0 0.2723599137931034 0.8265086206896552 0.03430316091954022 0.04525862068965514
0 0.4707255747126437 0.34940732758620685 0.029454022988505746 0.044719827586206906
0 0.3943067528735632 0.6217672413793104 0.026041666666666685 0.032327586206896575
0 0.5530711206896551 0.6072198275862069 0.031070402298850608 0.05603448275862066
0 0.3974497126436781 0.4323814655172414 0.029813218390804586 0.04148706896551724
0 0.6286817528735632 0.31829202586206895 0.033943965517241326 0.03960129310344829
0 0.1973778735632184 0.6589439655172413 0.033405172413793094 0.04364224137931039
0 0.561242816091954 0.14830280172413793 0.02909482758620685 0.05522629310344827
0 0.6573275862068966 0.7058189655172413 0.028735632183908066 0.05334051724137934
0 0.2030352011494253 0.6088362068965517 0.032866379310344834 0.05280172413793105
0 0.4487248563218391 0.7312769396551724 0.023168103448275856 0.03205818965517249
0 0.6103627873563218 0.6650053879310345 0.029274425287356354 0.0503771551724137
0 0.3441091954022989 0.48248922413793105 0.02801724137931033 0.03771551724137928
0 0.6187140804597702 0.7215786637931034 0.02837643678160917 0.04552801724137934
0 0.46695402298850575 0.53125 0.03053160919540232 0.057650862068965525
0 0.6020114942528736 0.3446928879310345 0.03556034482758619 0.04337284482758619
0 0.3051364942528736 0.8725754310344827 0.03232758620689652 0.05711206896551724
0 0.29822198275862066 0.5381196120689655 0.033584770114942486 0.046066810344827624
0 0.6844468390804598 0.4603987068965517 0.03268678160919536 0.042025862068965525
0 0.3745510057471264 0.48195043103448276 0.025323275862069006 0.04094827586206895
0 0.35281968390804597 0.45622306034482757 0.02855603448275862 0.04337284482758619
0 0.4678520114942529 0.3147898706896552 0.02837643678160917 0.034213362068965525
0 0.6405352011494252 0.6627155172413793 0.02819683908045978 0.049568965517241326
0 0.6040768678160919 0.5750269396551724 0.019576149425287293 0.03690732758620696
0 0.6322737068965517 0.2572737068965517 0.027837643678160884 0.042564655172413784
0 0.5198455459770115 0.6271551724137931 0.024245689655172376 0.04525862068965514
0 0.5241558908045977 0.5866109913793103 0.027837643678160884 0.03582974137931039
0 0.360003591954023 0.7571390086206897 0.03214798850574713 0.05684267241379304
0 0.5948275862068966 0.6166487068965517 0.026939655172413812 0.0393318965517242
0 0.4000538793103448 0.6651400862068966 0.03358477011494254 0.0544181034482758
0 0.4140625 0.4665948275862069 0.023527298850574696 0.03556034482758619
0 0.5327765804597702 0.29620150862068967 0.029992816091953922 0.055765086206896575
0 0.6192528735632183 0.3849676724137931 0.021192528735632155 0.029633620689655138
0 0.5554058908045978 0.7122844827586208 0.022090517241379337 0.030711206896551713
0 0.42376077586206895 0.22925646551724138 0.03753591954022989 0.04471982758620688
0 0.4937140804597701 0.22023168103448276 0.023347701149425304 0.040678879310344834
0 0.3705998563218391 0.7071659482758621 0.032866379310344807 0.04633620689655171
0 0.5017959770114943 0.51953125 0.02155172413793105 0.041756465517241326
0 0.36467313218390807 0.5945581896551724 0.02424568965517243 0.0350215517241379
0 0.5818965517241379 0.2269665948275862 0.03125 0.03529094827586207
0 0.6723239942528736 0.6534213362068966 0.030711206896551713 0.049838362068965525
0 0.4327406609195402 0.5651939655172413 0.021012931034482762 0.03825431034482751
0 0.27873563218390807 0.51953125 0.025862068965517238 0.040140086206896575
0 0.36898347701149425 0.5537446120689655 0.03142959770114939 0.04121767241379315
0 0.6261673850574713 0.5540140086206897 0.03214798850574718 0.04822198275862066
0 0.47638290229885055 0.6443965517241379 0.02819683908045978 0.05980603448275856
0 0.5360093390804598 0.39870689655172414 0.02388649425287359 0.03717672413793105
0 0.43588362068965514 0.3325700431034483 0.021551724137930994 0.0352909482758621
0 0.6601113505747127 0.25417564655172414 0.03825431034482751 0.04660560344827583
0 0.4385775862068966 0.7693965517241379 0.02334770114942525 0.04903017241379315
0 0.5532507183908046 0.26724137931034486 0.031070402298850497 0.038793103448275856
0 0.3943067528735632 0.943292025862069 0.03142959770114945 0.0471443965517242
0 0.19612068965517243 0.5396012931034483 0.035560344827586216 0.047952586206896575
0 0.44971264367816094 0.9407327586206896 0.019755747126436796 0.042025862068965525
0 0.6061422413793103 0.4854525862068966 0.03627873563218398 0.038793103448275856
0 0.3361170977011494 0.5455280172413793 0.030711206896551768 0.045797413793103425
0 0.5897090517241379 0.5245150862068966 0.024964080459770055 0.042025862068965525
0 0.25395114942528735 0.6247306034482758 0.02514367816091953 0.03286637931034486
0 0.5417564655172413 0.5048491379310345 0.0314295977011495 0.045797413793103425
0 0.5089798850574713 0.2654903017241379 0.03125 0.04175646551724138
0 0.5729166666666667 0.48599137931034486 0.028017241379310387 0.044719827586206906
0 0.3988864942528736 0.5401400862068966 0.02406609195402304 0.03178879310344829
0 0.4110093390804598 0.8682650862068966 0.02424568965517243 0.04256465517241381
0 0.46174568965517243 0.23033405172413796 0.023347701149425304 0.03502155172413793
0 0.28573994252873564 0.89453125 0.02298850574712641 0.0390625
0 0.5514547413793103 0.2249461206896552 0.02747844827586199 0.045258620689655166
0 0.5754310344827587 0.1927532327586207 0.032327586206896464 0.041217672413793094
0 0.5860272988505747 0.701104525862069 0.026221264367816133 0.04067887931034475
0 0.6825610632183907 0.4998653017241379 0.02604166666666663 0.037446120689655193
0 0.4999102011494253 0.5990032327586207 0.02532327586206895 0.034213362068965525
0 0.4442349137931034 0.6864224137931034 0.03681752873563221 0.04741379310344829
0 0.2899604885057471 0.4236260775862069 0.03861350574712641 0.04498922413793105
0 0.36548132183908044 0.5115840517241379 0.025862068965517238 0.04040948275862072
0 0.47404813218390807 0.39816810344827586 0.02783764367816094 0.053879310344827624
0 0.5413074712643677 0.5514547413793103 0.027298850574712596 0.04471982758620696
0 0.1996228448275862 0.6922144396551724 0.033225574712643674 0.037984913793103425
0 0.5912356321839081 0.6644665948275862 0.025502873563218342 0.04498922413793105
0 0.5042205459770115 0.3358028017241379 0.03250718390804597 0.044989224137930994
0 0.3204022988505747 0.9373653017241379 0.024066091954022983 0.0352909482758621
0 0.5242456896551724 0.5615571120689655 0.024066091954022983 0.037984913793103425
0 0.41738505747126436 0.37244073275862066 0.02909482758620685 0.040678879310344807
0 0.23715876436781608 0.5823006465517242 0.03717672413793102 0.05199353448275856
0 0.32641882183908044 0.736395474137931 0.03142959770114945 0.04929956896551724
0 0.3329741379310345 0.42376077586206895 0.029813218390804586 0.049030172413793094
0 0.39179238505747127 0.5856681034482758 0.029274425287356354 0.04956896551724144
0 0.5075431034482759 0.42322198275862066 0.026580459770114973 0.03448275862068967
0 0.4229525862068966 0.7175377155172413 0.03232758620689652 0.05899784482758619
0 0.27532327586206895 0.709051724137931 0.02837643678160917 0.042025862068965525
0 0.48311781609195403 0.4870689655172414 0.029454022988505746 0.04364224137931039
0 0.4676724137931034 0.5941540948275863 0.029813218390804586 0.04337284482758619
0 0.42681393678160917 0.5203394396551724 0.02352729885057475 0.040140086206896575
0 0.5142780172413792 0.1953125 0.025682471264367845 0.033405172413793094
0 0.3126795977011494 0.4948814655172414 0.022988505747126464 0.03178879310344829
0 0.30792025862068967 0.41015625 0.02819683908045978 0.04929956896551724
0 0.42834051724137934 0.658270474137931 0.02262931034482757 0.0352909482758621
0 0.42852011494252873 0.8173491379310345 0.02227011494252873 0.04633620689655171
0 0.5214619252873562 0.22844827586206895 0.03178879310344829 0.04741379310344826
0 0.4552801724137931 0.44396551724137934 0.024784482758620663 0.04741379310344823
0 0.5245150862068966 0.4705010775862069 0.030711206896551713 0.04552801724137934
0 0.29022988505747127 0.5744881465517242 0.02155172413793105 0.027747844827586188
0 0.1660380747126437 0.6693157327586208 0.033225574712643674 0.04552801724137934
0 0.3812859195402299 0.9776400862068966 0.02837643678160917 0.0393318965517242
0 0.6274245689655172 0.3561422413793104 0.02963362068965525 0.03394396551724138
0 0.17636494252873564 0.7455549568965518 0.030172413793103453 0.03475215517241381
0 0.3055854885057471 0.6431842672413792 0.03178879310344829 0.05307112068965514
0 0.4990122126436781 0.6372575431034483 0.018139367816091878 0.035829741379310276
0 0.3054058908045977 0.46848060344827586 0.02819683908045978 0.04633620689655171
0 0.4816810344827586 0.2482489224137931 0.029454022988505746 0.04498922413793102
0 0.2847521551724138 0.9621497844827587 0.029633620689655193 0.04229525862068961
0 0.5035021551724138 0.4496228448275862 0.02568247126436779 0.03448275862068967
0 0.3687140804597701 0.4327855603448276 0.026939655172413812 0.040678879310344807
0 0.4541127873563218 0.28717672413793105 0.03250718390804597 0.04148706896551724
0 0.6109913793103448 0.4189116379310345 0.03196839080459768 0.04094827586206895
0 0.42798132183908044 0.4063846982758621 0.020833333333333315 0.03636853448275862
0 0.5667205459770115 0.5366379310344828 0.030711206896551824 0.045797413793103425
0 0.560614224137931 0.29216056034482757 0.02676005747126431 0.03313577586206895
0 0.2979525862068966 0.7564655172413793 0.02334770114942525 0.044181034482758674
0 0.5838721264367817 0.2582165948275862 0.03196839080459768 0.036907327586206906
0 0.5490301724137931 0.6773976293103448 0.028017241379310387 0.04822198275862066
0 0.5734554597701149 0.3650323275862069 0.030172413793103425 0.04849137931034486
0 0.429058908045977 0.4480064655172414 0.028017241379310387 0.04471982758620685
0 0.42214439655172414 0.6130118534482759 0.027837643678160884 0.049838362068965525
0 0.5972521551724137 0.38254310344827586 0.02604166666666663 0.03448275862068961
0 0.30217313218390807 0.8244881465517242 0.022449712643678177 0.040140086206896464
0 0.500628591954023 0.3057650862068966 0.030352011494252817 0.030711206896551768
0 0.4920079022988506 0.5602101293103449 0.032866379310344807 0.049838362068965525
0 0.5033225574712643 0.39035560344827586 0.030711206896551713 0.046875
0 0.44297772988505746 0.4889547413793104 0.026041666666666685 0.044719827586206906
0 0.5894396551724138 0.2999730603448276 0.031609195402298784 0.04606681034482757
0 0.25592672413793105 0.7486530172413792 0.03735632183908047 0.04256465517241381
0 0.4454920977011494 0.3973599137931034 0.021372126436781602 0.038793103448275856
0 0.27092313218390807 0.5588631465517242 0.02209051724137928 0.03475215517241381
0 0.5651041666666667 0.42416487068965514 0.02819683908045978 0.04768318965517243
0 0.5363685344827587 0.43534482758620685 0.022090517241379337 0.033405172413793094
0 0.39556393678160917 0.5051185344827587 0.02783764367816094 0.04418103448275856
0 0.48221982758620685 0.4323814655172414 0.020114942528735635 0.0274784482758621
0 0.4405531609195402 0.19948814655172414 0.03951149425287359 0.040678879310344834
0 0.5436422413793103 0.32650862068965514 0.027298850574712596 0.035021551724137956
0 0.6307471264367817 0.3003771551724138 0.03663793103448276 0.03663793103448276
0 0.4405531609195402 0.25969827586206895 0.04597701149425287 0.019935344827586188
0 0.6042564655172413 0.5258620689655172 0.010596264367816022 0.0393318965517242
0 0.5192169540229885 0.5152209051724138 0.0269396551724137 0.04445043103448271
0 0.6068606321839081 0.46349676724137934 0.0431034482758621 0.03475215517241376
0 0.27227011494252873 0.42012392241379315 0.0193965517241379 0.046605603448275856
0 0.5752514367816092 0.8890086206896552 0.020474137931034475 0.04525862068965514
0 0.2530531609195402 0.7995689655172413 0.02765804597701149 0.03825431034482751
0 0.6298491379310345 0.43103448275862066 0.018318965517241326 0.03987068965517243
0 0.6519396551724138 0.3002424568965517 0.015445402298850608 0.04606681034482757
0 0.28376436781609193 0.4795258620689655 0.023706896551724144 0.0431034482758621
0 0.5495689655172413 0.36179956896551724 0.01795977011494243 0.0350215517241379
0 0.5854885057471264 0.9362877155172413 0.031609195402298895 0.04929956896551724
0 0.6591235632183907 0.537176724137931 0.023347701149425304 0.04525862068965525
0 0.3977191091954023 0.8978987068965517 0.02711925287356326 0.0431034482758621
0 0.4292385057471264 0.171875 0.02801724137931033 0.038793103448275856
0 0.4266343390804598 0.2908135775862069 0.016702586206896575 0.0390625
0 0.5831537356321839 0.9873383620689655 0.019037356321839005 0.02532327586206895
0 0.6585847701149425 0.4873383620689655 0.030890804597701216 0.05603448275862072
0 0.2889727011494253 0.4527209051724138 0.01795977011494254 0.01751077586206895
0 0.32893318965517243 0.982489224137931 0.02460488505747127 0.033943965517241326
0 0.5577406609195403 0.3879310344827586 0.017420977011494254 0.024245689655172376
0 0.5289152298850575 0.3706896551724138 0.025502873563218342 0.058728448275862044
0 0.6767241379310345 0.5343480603448276 0.0193965517241379 0.04822198275862066
0 0.6328125 0.47508081896551724 0.015984195402298784 0.043911637931034475
0 0.3895474137931034 0.7873114224137931 0.024066091954022983 0.024515086206896464
0 0.5593570402298851 0.5705818965517242 0.02891522988505746 0.028017241379310387
0 0.3290229885057471 0.46255387931034486 0.022629310344827624 0.029094827586206906
0 0.5861170977011494 0.5642510775862069 0.025682471264367845 0.030441810344827513
0 0.4014008620689655 0.7902747844827587 0.01795977011494254 0.03690732758620696
0 0.3354885057471264 0.5887661637931034 0.01975574712643674 0.0390625
0 0.5735452586206897 0.5894396551724137 0.015265804597701105 0.029633620689655138
0 0.5836925287356322 0.6499191810344828 0.022629310344827624 0.04498922413793105
0 0.5729166666666667 0.6468211206896551 0.02011494252873558 0.055495689655172376
0 0.6459231321839081 0.7249461206896552 0.0231681034482758 0.026939655172413812
0 0.4479166666666667 0.6365840517241379 0.029454022988505746 0.04956896551724144
