0 0.5117636494252874 0.38820043103448276 0.02640086206896558 0.03717672413793105
0 0.7116558908045978 0.4866648706896552 0.02604166666666663 0.03852370689655171
0 0.5337643678160919 0.3514278017241379 0.024784482758620663 0.04175646551724138
0 0.3620689655172414 0.3902209051724138 0.024066091954022983 0.043911637931034475
0 0.7048311781609196 0.4032866379310345 0.024964080459770166 0.039870689655172376
0 0.5562140804597702 0.3910290948275862 0.025502873563218453 0.043911637931034475
0 0.6879489942528736 0.4738685344827586 0.019576149425287404 0.03340517241379315
0 0.5668103448275862 0.5259967672413792 0.025502873563218342 0.03744612068965514
0 0.5685165229885057 0.6407596982758621 0.020294540229885083 0.030980603448275912
0 0.5178699712643678 0.4873383620689655 0.024245689655172376 0.0350215517241379
0 0.453125 0.5475484913793103 0.02298850574712641 0.03529094827586199
0 0.5727370689655172 0.6135506465517242 0.021192528735632266 0.030980603448275912
0 0.7212643678160919 0.5211476293103449 0.024784482758620663 0.034213362068965525
0 0.6269755747126436 0.5323275862068966 0.02155172413793105 0.033943965517241326
0 0.5578304597701149 0.4484105603448276 0.02442528735632188 0.040678879310344807
0 0.2853807471264368 0.8530441810344828 0.02262931034482757 0.042295258620689724
0 0.5301724137931034 0.47130926724137934 0.027298850574712707 0.04014008620689652
0 0.48320761494252873 0.66796875 0.02496408045977011 0.04445043103448265
0 0.6016522988505747 0.6070851293103448 0.02011494252873569 0.029903017241379337
0 0.5845905172413792 0.6747036637931034 0.02083333333333337 0.03367456896551724
0 0.4620150862068966 0.48599137931034486 0.02352729885057475 0.03394396551724138
0 0.5664511494252873 0.7132273706896552 0.026221264367816022 0.04445043103448276
0 0.38451867816091956 0.30280172413793105 0.026580459770114973 0.039331896551724144
0 0.5233477011494253 0.583917025862069 0.020474137931034475 0.03744612068965525
0 0.6739403735632183 0.5563038793103449 0.023168103448275912 0.038254310344827624
0 0.5908764367816092 0.6334859913793103 0.019037356321839116 0.03151939655172409
0 0.48275862068965514 0.38429418103448276 0.025502873563218398 0.03636853448275862
0 0.27963362068965514 0.1773976293103448 0.027298850574712652 0.04552801724137931
0 0.6908225574712643 0.5785290948275863 0.021372126436781547 0.03367456896551724
0 0.27173132183908044 0.8884698275862069 0.022988505747126464 0.04364224137931039
0 0.29911997126436785 0.6053340517241379 0.02496408045977011 0.03556034482758619
0 0.30693247126436785 0.7052801724137931 0.02478448275862072 0.03663793103448276
0 0.23356681034482757 0.20083512931034483 0.02783764367816091 0.047144396551724144
0 0.7192887931034483 0.6580010775862069 0.021192528735632266 0.03475215517241381
0 0.4051724137931034 0.8139816810344828 0.020833333333333315 0.0471443965517242
0 0.48266882183908044 0.5320581896551724 0.020294540229885027 0.036099137931034475
0 0.5431034482758621 0.5102370689655172 0.026580459770114917 0.036099137931034475
0 0.44145114942528735 0.6411637931034482 0.030172413793103425 0.04741379310344829
0 0.5852191091954022 0.44773706896551724 0.02819683908045978 0.03771551724137934
0 0.49084051724137934 0.7033943965517242 0.01831896551724138 0.02747844827586199
0 0.5891702586206896 0.8424030172413793 0.021731321839080442 0.03717672413793105
0 0.7667025862068966 0.5925377155172413 0.025862068965517238 0.03960129310344829
0 0.42106681034482757 0.6185344827586208 0.022808908045977017 0.03556034482758619
0 0.469378591954023 0.42510775862068967 0.023527298850574696 0.03717672413793105
0 0.5652837643678161 0.8285290948275862 0.023168103448275912 0.042295258620689724
0 0.4612966954022989 0.4443696120689655 0.02496408045977011 0.03475215517241381
0 0.6701688218390804 0.6085668103448276 0.021372126436781658 0.03448275862068961
0 0.6091954022988506 0.6590786637931034 0.02298850574712641 0.03582974137931039
0 0.6192528735632183 0.48693426724137934 0.02083333333333337 0.03475215517241376
0 0.517510775862069 0.5404094827586207 0.018139367816091934 0.030172413793103425
0 0.22225215517241378 0.3441540948275862 0.02496408045977011 0.04014008620689652
0 0.5429238505747127 0.8207165948275862 0.022629310344827513 0.04498922413793105
0 0.6420617816091954 0.4303609913793104 0.024066091954022983 0.036907327586206906
0 0.7000718390804598 0.6509967672413792 0.024066091954022983 0.04445043103448276
0 0.22772988505747127 0.43332435344827586 0.02227011494252873 0.0390625
0 0.6223060344827587 0.7249461206896552 0.023706896551724088 0.04148706896551724
0 0.19306752873563218 0.5122575431034483 0.025143678160919558 0.04552801724137928
0 0.23347701149425287 0.49838362068965514 0.020474137931034475 0.03232758620689652
0 0.5903376436781609 0.5340786637931034 0.02298850574712641 0.036368534482758674
0 0.7522449712643678 0.5581896551724138 0.022808908045977017 0.03340517241379315
0 0.4072377873563218 0.3181573275862069 0.026400862068965525 0.03556034482758619
0 0.17905890804597702 0.3464439655172414 0.02765804597701149 0.038254310344827624
0 0.2821479885057471 0.6884428879310345 0.025862068965517238 0.0428340517241379
0 0.5448096264367817 0.546875 0.02532327586206906 0.0387931034482758
0 0.35443606321839083 0.6589439655172413 0.025323275862069006 0.046875
0 0.2514367816091954 0.33661099137931033 0.021910919540229862 0.040140086206896575
0 0.6477191091954022 0.6107219827586208 0.02244971264367812 0.03556034482758619
0 0.37634698275862066 0.4769665948275862 0.027478448275862044 0.04175646551724138
0 0.49676724137931033 0.6469558189655172 0.024784482758620663 0.041756465517241326
0 0.32219827586206895 0.5813577586206897 0.022988505747126464 0.03879310344827591
0 0.5873742816091954 0.49582435344827586 0.022090517241379337 0.03582974137931039
0 0.6048850574712643 0.5115840517241379 0.02011494252873558 0.03232758620689652
0 0.31806752873563215 0.6225754310344827 0.02191091954022989 0.04148706896551724
0 0.42052801724137934 0.4465247844827586 0.02640086206896547 0.028825431034482762
0 0.5357399425287357 0.38995150862068967 0.019755747126436796 0.03475215517241381
0 0.5796515804597702 0.81640625 0.02388649425287348 0.039601293103448176
0 0.5220905172413793 0.7293911637931034 0.019037356321839116 0.0309806034482758
0 0.45914152298850575 0.5165678879310345 0.022090517241379337 0.028825431034482762
0 0.5046695402298851 0.44504310344827586 0.022629310344827624 0.03663793103448276
0 0.6410739942528736 0.4754849137931034 0.024245689655172376 0.03556034482758624
0 0.27792744252873564 0.30711206896551724 0.020294540229885083 0.030172413793103425
0 0.7525143678160919 0.52734375 0.025862068965517238 0.0309806034482758
0 0.38415948275862066 0.8434806034482758 0.022988505747126464 0.03717672413793094
0 0.24209770114942528 0.3759428879310345 0.01903735632183906 0.0352909482758621
0 0.5783943965517242 0.4102909482758621 0.023168103448275912 0.03448275862068967
0 0.24829382183908047 0.5060614224137931 0.03142959770114945 0.04768318965517243
0 0.7285380747126436 0.5537446120689655 0.022808908045977017 0.0347521551724137
0 0.6025502873563218 0.6976023706896552 0.021910919540229945 0.03852370689655171
0 0.49982040229885055 0.5631734913793103 0.01867816091954022 0.03475215517241381
0 0.5941989942528736 0.5787984913793103 0.021372126436781658 0.03367456896551724
0 0.6701688218390804 0.4050377155172414 0.022449712643678232 0.0352909482758621
0 0.5446300287356323 0.5897090517241379 0.02676005747126442 0.04256465517241381
0 0.7773886494252873 0.5552262931034483 0.027119252873563204 0.033943965517241326
0 0.649066091954023 0.576104525862069 0.03125 0.03313577586206895
0 0.7146192528735632 0.591864224137931 0.026580459770114917 0.0393318965517242
0 0.6954022988505747 0.5161637931034483 0.021910919540229834 0.03663793103448271
0 0.47422772988505746 0.5676185344827587 0.02424568965517243 0.03879310344827591
0 0.5608836206896552 0.8596443965517241 0.021910919540229945 0.03125
0 0.5638469827586207 0.4866648706896552 0.022808908045977017 0.03690732758620696
0 0.5984195402298851 0.7471713362068966 0.0193965517241379 0.0272090517241379
0 0.5367277298850575 0.791082974137931 0.024245689655172376 0.037984913793103425
0 0.38065732758620685 0.3498114224137931 0.022449712643678177 0.03259698275862066
0 0.28933189655172414 0.6468211206896552 0.026221264367816133 0.03663793103448276
0 0.2593390804597701 0.4575700431034483 0.021910919540229917 0.030980603448275856
0 0.563128591954023 0.7869073275862069 0.022449712643678232 0.03394396551724144
0 0.25538793103448276 0.1974676724137931 0.026580459770114945 0.04310344827586207
0 0.5334949712643677 0.6554418103448276 0.03286637931034486 0.04040948275862066
0 0.23168103448275862 0.7083782327586208 0.023706896551724144 0.03744612068965514
0 0.21812140804597702 0.14035560344827586 0.029274425287356326 0.04364224137931033
0 0.33791307471264365 0.8304148706896552 0.026041666666666685 0.04714439655172409
0 0.6527478448275863 0.5242456896551724 0.027119252873563204 0.0350215517241379
0 0.28358477011494254 0.4539331896551724 0.023347701149425304 0.03394396551724138
0 0.6092852011494252 0.8724407327586207 0.022090517241379337 0.043911637931034475
0 0.5780352011494253 0.7582165948275863 0.022449712643678232 0.03367456896551724
0 0.3556034482758621 0.5198006465517242 0.026221264367816077 0.04175646551724144
0 0.5388829022988506 0.4230872844827586 0.024245689655172376 0.034213362068965525
0 0.6089260057471264 0.5511853448275862 0.021012931034482762 0.033943965517241326
0 0.6640625 0.46484375 0.023527298850574807 0.03367456896551724
0 0.21075790229885058 0.48262392241379304 0.022808908045977017 0.04014008620689652
0 0.3826329022988506 0.5378502155172413 0.02424568965517243 0.03852370689655171
0 0.3779633620689655 0.6356411637931034 0.027119252873563204 0.047683189655172376
0 0.7417385057471264 0.599542025862069 0.023347701149425304 0.043911637931034475
0 0.6218570402298851 0.5988685344827587 0.019576149425287404 0.03663793103448276
0 0.7136314655172413 0.4446390086206896 0.024964080459770055 0.04175646551724138
0 0.5558548850574713 0.7564655172413792 0.02011494252873569 0.03448275862068961
0 0.6793283045977012 0.41796875 0.024245689655172487 0.037984913793103425
0 0.4021192528735632 0.47723599137931033 0.024066091954022983 0.037984913793103425
0 0.6273347701149425 0.6833243534482759 0.026580459770114917 0.0390625
0 0.647180316091954 0.708917025862069 0.02388649425287359 0.0315193965517242
0 0.3949353448275862 0.5814924568965517 0.024066091954022983 0.0471443965517242
0 0.311871408045977 0.884832974137931 0.02855603448275862 0.047683189655172376
0 0.5378951149425287 0.7501346982758621 0.02083333333333326 0.04121767241379315
0 0.21174568965517243 0.23410560344827586 0.026221264367816105 0.03771551724137931
0 0.6257183908045977 0.5672144396551724 0.02155172413793105 0.030441810344827513
0 0.5203843390804598 0.7838092672413792 0.018498563218390718 0.04660560344827591
0 0.6844468390804598 0.6136853448275862 0.02011494252873569 0.036099137931034475
0 0.34132543103448276 0.5886314655172413 0.02244971264367812 0.036099137931034586
0 0.4568965517241379 0.6341594827586207 0.011853448275862044 0.036099137931034475
0 0.21057830459770116 0.27869073275862066 0.03645833333333334 0.04014008620689652
0 0.37957974137931033 0.875 0.021731321839080442 0.0274784482758621
0 0.5325969827586208 0.8302801724137931 0.012751436781609171 0.04148706896551724
0 0.7253951149425287 0.611260775862069 0.0193965517241379 0.0237068965517242
0 0.3488685344827586 0.5662715517241379 0.0274784482758621 0.028017241379310387
0 0.5938397988505747 0.7071659482758621 0.027837643678160884 0.03717672413793105
0 0.4367816091954023 0.6584051724137931 0.023706896551724144 0.030711206896551713
0 0.7225215517241379 0.6276939655172413 0.02765804597701149 0.028556034482758563
0 0.3260596264367816 0.6527478448275862 0.02244971264367812 0.045797413793103425
0 0.5964439655172413 0.7289870689655172 0.01939655172413801 0.024245689655172376
0 0.5785739942528736 0.7306034482758621 0.018857758620689613 0.022629310344827624
0 0.3941271551724138 0.7765355603448276 0.02424568965517243 0.04768318965517249
0 0.39457614942528735 0.2508081896551724 0.030172413793103425 0.033405172413793094
0 0.5259518678160919 0.6939655172413792 0.0231681034482758 0.04148706896551724
0 0.3086386494252874 0.7407058189655172 0.026760057471264365 0.028286637931034475
0 0.4014008620689655 0.5301724137931034 0.0193965517241379 0.047952586206896575
0 0.39664152298850575 0.3504849137931034 0.021012931034482762 0.040948275862069006
0 0.5414870689655172 0.6830549568965517 0.017600574712643757 0.020204741379310276
0 0.4090337643678161 0.6623114224137931 0.021012931034482762 0.04929956896551724
0 0.7660739942528736 0.6122036637931034 0.022090517241379337 0.0158943965517242
0 0.5114044540229885 0.6570581896551724 0.01634339080459779 0.03663793103448276
0 0.4488146551724138 0.4217403017241379 0.019396551724137956 0.02667025862068967
0 0.6417923850574713 0.6407596982758621 0.021731321839080442 0.026670258620689613
0 0.405621408045977 0.8560075431034483 0.01706178160919536 0.022359913793103425
0 0.3390804597701149 0.7218480603448276 0.02406609195402304 0.04660560344827591
0 0.5708512931034483 0.5511853448275862 0.021731321839080442 0.018857758620689724
0 0.5679777298850575 0.5700431034482758 0.01921695402298851 0.024784482758620663
0 0.29965876436781613 0.9385775862068966 0.02424568965517243 0.04148706896551724
0 0.48302801724137934 0.41150323275862066 0.02280890804597696 0.022898706896551768
0 0.6822916666666666 0.6399515086206896 0.015804597701149392 0.034213362068965525
0 0.35686063218390807 0.71484375 0.021551724137930994 0.049838362068965525
0 0.5200251436781609 0.6142241379310345 0.019576149425287404 0.0199353448275863
0 0.37751436781609193 0.6969288793103449 0.02227011494252873 0.045797413793103425
0 0.500628591954023 0.41877693965517243 0.028196839080459835 0.023976293103448287
0 0.6734913793103449 0.6538254310344828 0.013290229885057459 0.02963362068965525
0 0.647180316091954 0.5490301724137931 0.024964080459770166 0.018318965517241437
0 0.5663613505747127 0.6706627155172413 0.021372126436781547 0.03852370689655171
0 0.4188218390804598 0.7770743534482758 0.019755747126436796 0.037984913793103536
0 0.5251436781609196 0.42834051724137934 0.018318965517241326 0.03825431034482757
0 0.3038793103448276 0.8173491379310345 0.02478448275862072 0.05280172413793105
0 0.4901221264367816 0.4509698275862069 0.01867816091954022 0.03663793103448276
0 0.48042385057471265 0.46080280172413796 0.02227011494252873 0.028825431034482762
0 0.2954382183908046 0.7693965517241379 0.023347701149425304 0.038254310344827624
0 0.49398347701149425 0.4919181034482758 0.019576149425287348 0.037176724137930994
0 0.3317169540229885 0.7698006465517242 0.01867816091954022 0.030980603448275912
0 0.6041666666666666 0.45905172413793105 0.013290229885057459 0.03448275862068967
0 0.5886314655172413 0.47454202586206895 0.02388649425287348 0.02074353448275862
0 0.6566989942528736 0.4983836206896552 0.01849856321839083 0.026939655172413812
0 0.6314655172413792 0.4571659482758621 0.02227011494252873 0.02640086206896547
0 0.6632543103448276 0.4387122844827586 0.023706896551724088 0.028286637931034475
0 0.6787895114942528 0.5189924568965517 0.021012931034482762 0.032596982758620774
0 0.6936063218390804 0.5495689655172413 0.016522988505747183 0.028556034482758563
