0 0.522180316091954 0.47521551724137934 0.03178879310344829 0.049030172413793094
0 0.8297413793103448 0.3488685344827586 0.02837643678160917 0.04256465517241381
0 0.6874102011494253 0.421875 0.03250718390804597 0.04741379310344829
0 0.8134877873563218 0.37890625 0.024245689655172487 0.04337284482758619
0 0.4679418103448276 0.5206088362068966 0.029274425287356298 0.0627693965517242
0 0.8058548850574713 0.5752963362068966 0.028735632183908066 0.0428340517241379
0 0.6791487068965517 0.716729525862069 0.0274784482758621 0.04121767241379315
0 0.6248204022988506 0.4226831896551724 0.026221264367816133 0.06519396551724138
0 0.7521551724137931 0.3103448275862069 0.02837643678160917 0.036099137931034475
0 0.4754849137931034 0.12095905172413793 0.02783764367816094 0.04148706896551724
0 0.8987068965517242 0.6069504310344828 0.026580459770115028 0.0393318965517242
0 0.9473778735632183 0.6078933189655172 0.039152298850574696 0.0466056034482758
0 0.938128591954023 0.6453394396551724 0.04292385057471271 0.05145474137931039
0 0.8198635057471264 0.3137122844827586 0.026221264367816133 0.0352909482758621
0 0.6866918103448276 0.5858028017241379 0.025682471264367845 0.04175646551724144
0 0.8336027298850575 0.4298221982758621 0.025682471264367734 0.03852370689655177
0 0.7200969827586207 0.4094827586206896 0.03717672413793105 0.050646551724137956
0 0.6900143678160919 0.48626077586206895 0.03663793103448276 0.07058189655172414
0 0.4375 0.1411637931034483 0.026580459770114917 0.04310344827586207
0 0.5809985632183907 0.41648706896551724 0.027298850574712596 0.057650862068965525
0 0.7113864942528736 0.3173491379310345 0.02909482758620685 0.039870689655172376
0 0.9008620689655173 0.705010775862069 0.029454022988505746 0.057650862068965525
0 0.7070761494252873 0.55859375 0.02837643678160917 0.04876077586206895
0 0.5183189655172413 0.6574622844827587 0.025502873563218453 0.04768318965517249
0 0.891253591954023 0.5660021551724137 0.028556034482758674 0.04256465517241381
0 0.6372126436781609 0.3557381465517241 0.030172413793103425 0.05738146551724138
0 0.6966594827586207 0.38537176724137934 0.02298850574712641 0.03205818965517243
0 0.45572916666666663 0.3755387931034483 0.030352011494252873 0.046875
0 0.8657507183908046 0.46066810344827586 0.02891522988505746 0.04256465517241381
0 0.7647270114942528 0.56640625 0.02837643678160917 0.04498922413793105
0 0.4523168103448276 0.6936961206896551 0.02783764367816094 0.038254310344827624
0 0.8674568965517242 0.5463362068965517 0.023706896551724088 0.0387931034482758
0 0.8135775862068966 0.2661637931034483 0.026939655172413812 0.04148706896551724
0 0.9454022988505748 0.5471443965517242 0.03412356321839083 0.03933189655172409
0 0.38487787356321834 0.11570581896551724 0.03160919540229884 0.04768318965517242
0 0.8334231321839081 0.5812230603448276 0.029274425287356354 0.05145474137931039
0 0.7810704022988506 0.3126346982758621 0.024066091954022983 0.03205818965517243
0 0.46892959770114945 0.5990032327586207 0.03125 0.0509159482758621
0 0.39816810344827586 0.5669450431034483 0.02981321839080464 0.049838362068965525
0 0.8453663793103449 0.4873383620689655 0.028735632183908066 0.0431034482758621
0 0.7600574712643677 0.3477909482758621 0.03879310344827591 0.04364224137931033
0 0.6546336206896552 0.38860452586206895 0.02227011494252873 0.03475215517241381
0 0.732489224137931 0.2863685344827586 0.02676005747126431 0.04148706896551724
0 0.8687140804597702 0.3860452586206896 0.026221264367816022 0.03825431034482757
0 0.5831537356321839 0.33041487068965514 0.033764367816091934 0.062230603448275856
0 0.4256465517241379 0.584051724137931 0.027298850574712652 0.0662715517241379
0 0.7973239942528736 0.35479525862068967 0.026400862068965525 0.04633620689655171
0 0.509698275862069 0.6144935344827587 0.026580459770114917 0.051724137931034586
0 0.7189295977011494 0.3565463362068966 0.03196839080459768 0.046605603448275856
0 0.6514906609195402 0.7075700431034483 0.026400862068965525 0.0390625
0 0.5025143678160919 0.4451778017241379 0.03268678160919536 0.04552801724137928
0 0.7055495689655172 0.8060344827586208 0.029992816091954033 0.04849137931034486
0 0.8661997126436782 0.3467133620689655 0.043462643678160995 0.04040948275862066
0 0.9189116379310345 0.5797413793103448 0.0274784482758621 0.04040948275862066
0 0.8907147988505747 0.4851831896551724 0.031070402298850608 0.04202586206896547
0 0.9228627873563219 0.6584051724137931 0.026400862068965525 0.03556034482758619
0 0.5109554597701149 0.4032866379310345 0.029813218390804586 0.039870689655172376
0 0.8076508620689655 0.4688846982758621 0.025143678160919558 0.03960129310344823
0 0.7179418103448276 0.5144127155172413 0.02388649425287359 0.04067887931034486
0 0.8723958333333333 0.7225215517241379 0.02676005747126442 0.05657327586206895
0 0.5757902298850575 0.27114762931034486 0.032327586206896575 0.06761853448275862
0 0.6787895114942528 0.6499191810344828 0.029992816091953922 0.04876077586206895
0 0.5034123563218391 0.35546875 0.03591954022988508 0.05522629310344829
0 0.8075610632183908 0.6232489224137931 0.02676005747126431 0.04067887931034486
0 0.7883441091954022 0.2808459051724138 0.02460488505747127 0.03798491379310348
0 0.4672234195402299 0.07489224137931035 0.02460488505747127 0.038793103448275856
0 0.7080639367816092 0.6415678879310345 0.024245689655172376 0.03744612068965525
0 0.7152478448275863 0.2494612068965517 0.029274425287356354 0.046875
0 0.616558908045977 0.3037446120689655 0.033045977011494254 0.05145474137931033
0 0.40014367816091956 0.4031519396551724 0.03160919540229884 0.0719288793103448
0 0.7355423850574712 0.8336476293103448 0.02819683908045978 0.04445043103448276
0 0.8646731321839081 0.6676993534482758 0.027119252873563204 0.05037715517241381
0 0.7473958333333333 0.41163793103448276 0.02676005747126442 0.05657327586206895
0 0.7260237068965518 0.7058189655172413 0.027119252873563204 0.05064655172413801
0 0.4019396551724138 0.4917834051724138 0.030531609195402265 0.05360991379310348
0 0.8675466954022988 0.5894396551724138 0.02747844827586199 0.043642241379310276
0 0.6021012931034483 0.42793642241379315 0.03286637931034475 0.07731681034482757
0 0.6419719827586207 0.7451508620689655 0.021731321839080442 0.03663793103448276
0 0.9278915229885057 0.5061961206896551 0.03358477011494254 0.03825431034482757
0 0.6963002873563218 0.7459590517241379 0.02981321839080453 0.04094827586206895
0 0.38936781609195403 0.16594827586206895 0.03196839080459768 0.04040948275862069
0 0.7781070402298851 0.5242456896551724 0.02604166666666663 0.042025862068965525
0 0.8357579022988506 0.29148706896551724 0.024964080459770055 0.03340517241379315
0 0.6901041666666667 0.2995689655172414 0.027119252873563204 0.04364224137931039
0 0.662805316091954 0.7471713362068966 0.02460488505747127 0.03690732758620685
0 0.5477729885057472 0.4480064655172414 0.030890804597701105 0.05280172413793105
0 0.6884877873563218 0.3498114224137931 0.031070402298850497 0.0428340517241379
0 0.45061063218390807 0.09819504310344829 0.026580459770114973 0.042295258620689655
0 0.7322198275862069 0.6570581896551724 0.026580459770115028 0.04094827586206895
0 0.5334949712643678 0.10290948275862069 0.031070402298850608 0.04579741379310344
0 0.41011135057471265 0.13712284482758622 0.026400862068965525 0.040948275862068964
0 0.6628951149425287 0.27532327586206895 0.033764367816091934 0.03717672413793105
0 0.8427622126436781 0.3973599137931034 0.02891522988505746 0.04148706896551724
0 0.8422234195402298 0.638604525862069 0.030711206896551713 0.04067887931034475
0 0.662805316091954 0.6720096982758621 0.026400862068965525 0.03475215517241381
0 0.875 0.4248383620689655 0.029454022988505857 0.039870689655172376
0 0.47988505747126436 0.38079202586206895 0.028735632183908066 0.06492456896551724
0 0.5563038793103449 0.5600754310344828 0.0274784482758621 0.050107758620689724
0 0.7064475574712643 0.45864762931034486 0.023527298850574696 0.050915948275862044
0 0.9304058908045977 0.7629310344827587 0.0274784482758621 0.06519396551724144
0 0.4250179597701149 0.4532596982758621 0.03538074712643674 0.04822198275862072
0 0.766253591954023 0.47508081896551724 0.022808908045977017 0.03744612068965514
0 0.48724856321839083 0.6544989224137931 0.03627873563218392 0.07300646551724144
0 0.9174748563218391 0.53515625 0.029992816091954033 0.043911637931034475
0 0.7680495689655172 0.6736260775862069 0.03430316091954033 0.04283405172413801
0 0.7498204022988506 0.5110452586206896 0.029454022988505746 0.05765086206896547
0 0.453753591954023 0.5692349137931034 0.033225574712643646 0.06303879310344829
0 0.8086386494252873 0.43170797413793105 0.02388649425287348 0.031519396551724144
0 0.7266522988505748 0.5829741379310345 0.021192528735632155 0.037715517241379226
0 0.5694145114942528 0.10816271551724138 0.02460488505747127 0.0390625
0 0.6580459770114943 0.3160021551724138 0.030890804597701216 0.05118534482758624
0 0.4926364942528736 0.4909752155172413 0.03017241379310348 0.04014008620689652
0 0.516882183908046 0.5414870689655172 0.02981321839080464 0.038254310344827624
0 0.7477550287356322 0.7355872844827587 0.024964080459770166 0.06061422413793094
0 0.783135775862069 0.6066810344827587 0.02532327586206895 0.05549568965517249
0 0.44495330459770116 0.6602909482758621 0.0350215517241379 0.05603448275862066
0 0.5689655172413793 0.03084590517241379 0.02981321839080464 0.05953663793103448
0 0.8920617816091954 0.6690463362068966 0.03448275862068961 0.04929956896551724
0 0.4345366379310345 0.5202047413793103 0.0350215517241379 0.05495689655172409
0 0.6759159482758621 0.7856950431034483 0.02604166666666663 0.046066810344827624
0 0.90625 0.3904903017241379 0.03484195402298851 0.04229525862068967
0 0.8476113505747127 0.6868265086206897 0.02388649425287348 0.05199353448275856
0 0.7776580459770115 0.42834051724137934 0.033045977011494254 0.05010775862068967
0 0.8410560344827587 0.53515625 0.03053160919540232 0.0428340517241379
0 0.9316630747126436 0.7000269396551724 0.029992816091954033 0.04552801724137934
0 0.954382183908046 0.7310075431034483 0.03484195402298851 0.046066810344827624
0 0.5844109195402298 0.07327586206896552 0.03268678160919547 0.04471982758620689
0 0.8752693965517242 0.5086206896551724 0.027119252873563204 0.03825431034482757
0 0.4114583333333333 0.05549568965517242 0.039152298850574696 0.05818965517241379
0 0.4342672413793104 0.41648706896551724 0.020833333333333315 0.03556034482758619
0 0.4149604885057471 0.10264008620689655 0.03573994252873558 0.030711206896551727
0 0.4324712643678161 0.3721713362068966 0.025862068965517238 0.056842672413793094
0 0.4607579022988506 0.4259159482758621 0.035021551724137956 0.05172413793103453
0 0.41567887931034486 0.2017780172413793 0.026760057471264365 0.025862068965517238
0 0.37948994252873564 0.27559267241379315 0.024784482758620663 0.03448275862068967
0 0.4573455459770115 0.4614762931034483 0.02460488505747127 0.029633620689655193
0 0.4624640804597701 0.01939655172413793 0.04166666666666663 0.03879310344827586
0 0.47781968390804597 0.4649784482758621 0.020653735632183923 0.04202586206896547
0 0.4027478448275862 0.23477909482758622 0.045438218390804586 0.042834051724137956
0 0.5235272988505747 0.4185075431034483 0.014727011494252817 0.049838362068965525
0 0.5353807471264367 0.35735452586206895 0.03053160919540232 0.046605603448275856
0 0.4110991379310345 0.25808189655172414 0.03484195402298851 0.033405172413793066
0 0.5627693965517242 0.3426724137931034 0.019935344827586188 0.05226293103448276
0 0.41271551724137934 0.2817887931034483 0.03663793103448271 0.030711206896551713
0 0.5429238505747127 0.3869881465517241 0.029454022988505746 0.046605603448275856
0 0.444683908045977 0.25915948275862066 0.027298850574712652 0.048491379310344807
0 0.5597162356321839 0.39291487068965514 0.02244971264367812 0.05037715517241376
0 0.48257902298850575 0.2576778017241379 0.03340517241379315 0.053071120689655193
0 0.5229885057471264 0.23248922413793102 0.03484195402298851 0.04956896551724138
0 0.587823275862069 0.36799568965517243 0.030172413793103425 0.03178879310344829
0 0.5471443965517242 0.2478448275862069 0.02604166666666663 0.039331896551724116
0 0.6091056034482759 0.3426724137931034 0.022808908045977017 0.029094827586206906
0 0.6199712643678161 0.3433459051724138 0.025502873563218453 0.040678879310344807
0 0.5092492816091954 0.2860991379310345 0.03969109195402293 0.05226293103448276
0 0.6377514367816092 0.30684267241379315 0.012931034482758674 0.038793103448275856
0 0.5281968390804598 0.2804418103448276 0.02909482758620685 0.05603448275862072
0 0.6073994252873564 0.25633081896551724 0.032327586206896575 0.046605603448275884
0 0.3829920977011494 0.4404633620689655 0.01813936781609199 0.04849137931034486
0 0.3995150862068966 0.4494881465517241 0.022808908045977017 0.031519396551724144
0 0.6332614942528736 0.26414331896551724 0.02298850574712641 0.03636853448275865
0 0.4432471264367816 0.4915140086206896 0.03196839080459768 0.03044181034482757
0 0.6170079022988506 0.30711206896551724 0.03286637931034486 0.045797413793103425
0 0.5002693965517242 0.5245150862068966 0.03178879310344829 0.028017241379310387
0 0.5770474137931034 0.27114762931034486 0.02981321839080464 0.06330818965517243
0 0.5237068965517242 0.5103717672413793 0.026221264367816022 0.033135775862069006
0 0.5608836206896552 0.2869073275862069 0.021192528735632155 0.06896551724137934
0 0.5443606321839081 0.30657327586206895 0.01795977011494254 0.05980603448275862
0 0.5145474137931034 0.5731411637931034 0.03448275862068967 0.049838362068965525
0 0.5198455459770115 0.32058189655172414 0.028556034482758674 0.03178879310344829
0 0.5373563218390804 0.5870150862068966 0.023347701149425304 0.06842672413793105
0 0.4727909482758621 0.6950431034482758 0.020653735632183923 0.03717672413793094
0 0.4844647988505747 0.31223060344827586 0.03466235632183906 0.04849137931034486
0 0.45276580459770116 0.33135775862068967 0.03591954022988508 0.04741379310344829
0 0.680944683908046 0.8170797413793104 0.024245689655172376 0.04094827586206895
0 0.4297772988505747 0.30697737068965514 0.04956896551724138 0.060614224137930994
0 0.6519396551724138 0.7891971982758621 0.02298850574712641 0.05253232758620685
0 0.8123204022988506 0.6629849137931034 0.028735632183908066 0.05226293103448276
0 0.390625 0.3232758620689655 0.021192528735632155 0.04094827586206895
0 0.7887033045977012 0.6600215517241379 0.024245689655172487 0.04471982758620685
0 0.3801185344827586 0.3675915948275862 0.03969109195402298 0.04552801724137928
0 0.7769396551724138 0.6302532327586207 0.024066091954022983 0.030441810344827624
0 0.41271551724137934 0.3518318965517241 0.022988505747126464 0.04956896551724138
0 0.7570043103448276 0.6360452586206897 0.026939655172413812 0.03879310344827591
0 0.4558189655172414 0.37742456896551724 0.03735632183908044 0.053879310344827624
0 0.709680316091954 0.6015625 0.02532327586206895 0.047952586206896575
0 0.6872306034482758 0.5316540948275863 0.03502155172413801 0.029903017241379337
0 0.6617277298850575 0.533135775862069 0.02460488505747127 0.0387931034482758
0 0.6664870689655172 0.5728717672413792 0.01795977011494254 0.04229525862068961
0 0.6620869252873562 0.6117995689655172 0.012751436781609171 0.0393318965517242
0 0.7204561781609196 0.6474946120689655 0.036817528735632155 0.0627693965517242
0 0.8082794540229885 0.521417025862069 0.038254310344827624 0.036368534482758674
0 0.7494612068965517 0.6891163793103449 0.014367816091954033 0.032327586206896575
0 0.7465876436781609 0.5336745689655172 0.041307471264367845 0.03286637931034475
0 0.7459590517241379 0.5841864224137931 0.015984195402298895 0.03690732758620696
0 0.7624820402298851 0.6078933189655172 0.015625 0.03744612068965525
0 0.7290768678160919 0.4912446120689655 0.03286637931034486 0.03313577586206895
0 0.869073275862069 0.619207974137931 0.03340517241379315 0.04337284482758619
0 0.7310524425287357 0.4485452586206896 0.03035201149425293 0.033405172413793094
0 0.8187859195402298 0.5381196120689655 0.017241379310344862 0.03690732758620685
0 0.7555675287356323 0.44356142241379315 0.023347701149425304 0.03044181034482757
0 0.8093570402298851 0.4966325431034483 0.029633620689655138 0.023976293103448232
0 0.7869971264367817 0.4643049568965517 0.019755747126436796 0.025053879310344807
0 0.8301005747126436 0.4643049568965517 0.013290229885057459 0.028825431034482762
0 0.8868534482758621 0.529229525862069 0.016882183908045967 0.035829741379310276
0 0.7941810344827587 0.40234375 0.01939655172413801 0.049838362068965525
0 0.904992816091954 0.46807650862068967 0.042025862068965525 0.04337284482758619
0 0.7731681034482758 0.39318426724137934 0.023347701149425304 0.01858836206896547
0 0.9213362068965517 0.4637661637931034 0.01724137931034475 0.03582974137931033
0 0.9552801724137931 0.5941540948275862 0.041307471264367845 0.05684267241379315
0 0.7733477011494253 0.25579202586206895 0.031609195402298784 0.03852370689655171
0 0.759698275862069 0.2712823275862069 0.04022988505747127 0.04148706896551724
0 0.6596623563218391 0.3549299568965517 0.015445402298850608 0.029903017241379337
0 0.8168103448275863 0.41163793103448276 0.021192528735632155 0.020474137931034475
0 0.8491379310344828 0.43561422413793105 0.023347701149425193 0.05334051724137928
0 0.8891882183908046 0.39385775862068967 0.014367816091954033 0.036099137931034475
0 0.8369252873563219 0.60546875 0.03484195402298851 0.022898706896551824
0 0.9609375 0.6481681034482758 0.012033045977011492 0.03448275862068961
