0 0.4887751436781609 0.07206357758620689 0.021731321839080497 0.03151939655172414
0 0.44001436781609193 0.48302801724137934 0.02334770114942525 0.03663793103448271
0 0.42645474137931033 0.6831896551724137 0.02532327586206895 0.029633620689655138
0 0.7076149425287357 0.48828125 0.030172413793103536 0.03690732758620685
0 0.6247306034482758 0.4870689655172414 0.02388649425287348 0.03771551724137934
0 0.47530531609195403 0.29943426724137934 0.02496408045977011 0.037446120689655193
0 0.6530172413793103 0.5922683189655172 0.017600574712643646 0.0315193965517242
0 0.6633441091954023 0.4625538793103448 0.01921695402298851 0.030711206896551713
0 0.552801724137931 0.689520474137931 0.021910919540229834 0.03313577586206895
0 0.45896192528735635 0.35910560344827586 0.027478448275862044 0.046875
0 0.4099317528735632 0.7504040948275862 0.019935344827586188 0.0309806034482758
0 0.7253951149425287 0.5699084051724138 0.02155172413793105 0.0272090517241379
0 0.43417744252873564 0.6549030172413792 0.021372126436781658 0.030711206896551713
0 0.3797593390804598 0.5786637931034483 0.025682471264367845 0.0387931034482758
0 0.5421156609195402 0.3213900862068966 0.025682471264367734 0.03556034482758624
0 0.3745510057471264 0.40786637931034486 0.01598419540229884 0.04040948275862072
0 0.6514008620689655 0.5070043103448276 0.017600574712643757 0.032866379310344807
0 0.6301185344827587 0.3712284482758621 0.021012931034482762 0.03178879310344823
0 0.5208333333333333 0.3239493534482759 0.023347701149425304 0.041217672413793094
0 0.3361170977011494 0.1605603448275862 0.026041666666666685 0.029633620689655166
0 0.44809626436781613 0.7068965517241379 0.020833333333333315 0.03771551724137934
0 0.43471623563218387 0.7746497844827587 0.022449712643678177 0.026670258620689613
0 0.4929058908045977 0.4113685344827586 0.026400862068965525 0.04633620689655171
0 0.6078484195402298 0.5222252155172413 0.018857758620689613 0.030441810344827513
0 0.5619612068965518 0.4729256465517241 0.019755747126436796 0.036907327586206906
0 0.3609015804597701 0.4057112068965517 0.020294540229885083 0.02855603448275862
0 0.4292385057471264 0.5255926724137931 0.021551724137930994 0.030711206896551713
0 0.37535919540229884 0.8349946120689655 0.024784482758620663 0.029903017241379226
0 0.4838362068965517 0.10748922413793104 0.02298850574712641 0.03394396551724138
0 0.6473599137931034 0.4339978448275862 0.026400862068965525 0.03663793103448276
0 0.5433728448275862 0.28758081896551724 0.028556034482758674 0.03475215517241381
0 0.4296875 0.6206896551724137 0.029992816091954033 0.029633620689655138
0 0.6038972701149425 0.5804148706896551 0.02676005747126431 0.040140086206896575
0 0.3614403735632184 0.3719019396551724 0.02532327586206895 0.02990301724137928
0 0.6018318965517242 0.4451778017241379 0.026580459770115028 0.04229525862068967
0 0.5370869252873564 0.5008081896551724 0.020653735632183867 0.037176724137930994
0 0.5743534482758621 0.20016163793103448 0.02155172413793105 0.026400862068965525
0 0.6925287356321839 0.42941810344827586 0.023347701149425304 0.03286637931034486
0 0.5453484195402298 0.04700969827586207 0.02819683908045978 0.031519396551724144
0 0.445941091954023 0.41042564655172414 0.025862068965517238 0.040140086206896575
0 0.40077227011494254 0.5300377155172413 0.021731321839080442 0.04229525862068961
0 0.5850395114942528 0.47831357758620685 0.02747844827586199 0.048760775862068895
0 0.5885416666666667 0.5099676724137931 0.022629310344827513 0.02640086206896558
0 0.34868893678160917 0.33014547413793105 0.022449712643678177 0.03205818965517243
0 0.4147808908045977 0.6429148706896552 0.020294540229885027 0.028825431034482762
0 0.36844468390804597 0.5035021551724138 0.019935344827586188 0.03017241379310348
0 0.6146731321839081 0.7087823275862069 0.02676005747126431 0.04418103448275856
0 0.35695043103448276 0.1398168103448276 0.02388649425287359 0.031250000000000014
0 0.6185344827586208 0.4050377155172414 0.03053160919540232 0.04067887931034486
0 0.7058189655172413 0.4073275862068966 0.025143678160919447 0.03178879310344823
0 0.5774066091954023 0.32421875 0.022629310344827624 0.0352909482758621
0 0.3238146551724138 0.4167564655172414 0.02262931034482757 0.03717672413793105
0 0.5236170977011494 0.012526939655172412 0.029274425287356354 0.023976293103448273
0 0.4702765804597701 0.03178879310344827 0.022808908045977017 0.03178879310344828
0 0.6055136494252873 0.6683728448275863 0.02604166666666663 0.03556034482758619
0 0.39619252873563215 0.8565463362068966 0.02191091954022989 0.0466056034482758
0 0.4480064655172414 0.5599407327586208 0.02244971264367812 0.03960129310344829
0 0.3487787356321839 0.6853448275862069 0.02155172413793105 0.03178879310344829
0 0.41271551724137934 0.837957974137931 0.022988505747126464 0.04067887931034475
0 0.4063397988505747 0.8025323275862069 0.019935344827586188 0.028556034482758563
0 0.5529813218390804 0.3465786637931034 0.024066091954022983 0.037446120689655193
0 0.4391163793103448 0.583917025862069 0.024066091954022983 0.0309806034482758
0 0.4171156609195402 0.4071928879310345 0.019935344827586188 0.025592672413793094
0 0.5830639367816092 0.5696390086206896 0.0231681034482758 0.043911637931034475
0 0.705010775862069 0.6154364224137931 0.020294540229885083 0.023976293103448287
0 0.35335847701149425 0.6520743534482758 0.023527298850574696 0.03313577586206906
0 0.35237068965517243 0.4288793103448276 0.020474137931034475 0.02855603448275862
0 0.391253591954023 0.7928340517241379 0.023527298850574696 0.03178879310344829
0 0.5620510057471264 0.4217403017241379 0.029633620689655138 0.04822198275862072
0 0.3776939655172414 0.5401400862068966 0.024784482758620663 0.03556034482758619
0 0.5688757183908046 0.6656788793103448 0.029274425287356354 0.03771551724137934
0 0.35434626436781613 0.5992726293103448 0.02119252873563221 0.04067887931034486
0 0.5830639367816093 0.6905980603448276 0.025682471264367845 0.04876077586206895
0 0.48958333333333337 0.44612068965517243 0.027658045977011547 0.030711206896551713
0 0.6870510057471264 0.4652478448275862 0.025682471264367845 0.039331896551724144
0 0.4412715517241379 0.4484105603448276 0.022988505747126464 0.02990301724137928
0 0.3832614942528736 0.7152478448275862 0.020833333333333315 0.0274784482758621
0 0.397808908045977 0.6733566810344828 0.02442528735632188 0.03744612068965525
0 0.5351113505747127 0.23168103448275862 0.018139367816092045 0.030172413793103425
0 0.46677442528735635 0.4870689655172414 0.017959770114942486 0.03286637931034486
0 0.34617456896551724 0.4614762931034483 0.021012931034482762 0.03556034482758619
0 0.38029813218390807 0.6910021551724137 0.019576149425287348 0.025862068965517238
0 0.5621408045977012 0.5358297413793103 0.021910919540229945 0.03340517241379304
0 0.4730603448275862 0.36853448275862066 0.026221264367816077 0.035021551724137956
0 0.5164331896551724 0.09577047413793104 0.01849856321839083 0.03259698275862069
0 0.5492097701149425 0.5612877155172413 0.025502873563218342 0.04175646551724144
0 0.4057112068965517 0.1839978448275862 0.023347701149425304 0.03502155172413793
0 0.5611530172413793 0.6236530172413793 0.02388649425287359 0.03717672413793105
0 0.4036458333333333 0.4893588362068966 0.02460488505747127 0.034213362068965525
0 0.45932112068965514 0.5269396551724137 0.02209051724137928 0.03286637931034486
0 0.7035739942528736 0.587957974137931 0.024245689655172376 0.0390625
0 0.3343211206896552 0.4435614224137931 0.021012931034482762 0.0352909482758621
0 0.4551903735632184 0.3293372844827586 0.03178879310344829 0.03690732758620685
0 0.45914152298850575 0.6002155172413792 0.023168103448275912 0.03448275862068961
0 0.5818965517241379 0.36018318965517243 0.02981321839080464 0.03717672413793105
0 0.579382183908046 0.630926724137931 0.0237068965517242 0.03286637931034475
0 0.670617816091954 0.5902478448275863 0.024784482758620774 0.03663793103448276
0 0.4270833333333333 0.5579202586206897 0.020474137931034475 0.028556034482758563
0 0.3635057471264368 0.7064924568965517 0.020833333333333315 0.030441810344827624
0 0.46910919540229884 0.7250808189655172 0.020474137931034475 0.0272090517241379
0 0.5472341954022988 0.1908674568965517 0.026221264367816022 0.03582974137931036
0 0.4224137931034483 0.7261584051724138 0.020474137931034475 0.028286637931034475
0 0.37517959770114945 0.11341594827586207 0.020474137931034475 0.030711206896551727
0 0.7209051724137931 0.5338092672413792 0.02837643678160917 0.05037715517241381
0 0.5592672413793104 0.5891702586206897 0.025143678160919558 0.030711206896551713
0 0.45025143678160917 0.7931034482758621 0.02047413793103453 0.029633620689655138
0 0.6532866379310345 0.4000538793103448 0.036099137931034475 0.030711206896551713
0 0.6811242816091954 0.6235183189655172 0.024245689655172487 0.04067887931034475
0 0.6261673850574713 0.3125 0.0274784482758621 0.04040948275862066
0 0.5506465517241379 0.22103987068965517 0.023706896551724088 0.03636853448275862
0 0.4401041666666667 0.02384159482758621 0.023527298850574696 0.03151939655172414
0 0.3217492816091954 0.47817887931034486 0.027119252873563204 0.032866379310344807
0 0.3405172413793104 0.5092941810344828 0.020833333333333315 0.030441810344827624
0 0.40364583333333337 0.7024515086206897 0.019935344827586243 0.028825431034482762
0 0.5616020114942528 0.5028286637931034 0.02298850574712652 0.03044181034482757
0 0.453753591954023 0.6355064655172413 0.021012931034482762 0.032327586206896464
0 0.7484734195402298 0.5514547413793103 0.02747844827586199 0.05387931034482751
0 0.6466415229885057 0.33795797413793105 0.02676005747126431 0.0390625
0 0.5857579022988506 0.40086206896551724 0.02819683908045978 0.039870689655172376
0 0.5882722701149425 0.5359644396551724 0.023527298850574696 0.028825431034482762
0 0.6300287356321839 0.5141433189655172 0.02442528735632188 0.046066810344827624
0 0.3395294540229885 0.6297144396551724 0.022808908045977017 0.04121767241379304
0 0.47494612068965514 0.4073275862068966 0.02496408045977011 0.043103448275862044
0 0.5464260057471264 0.7252155172413793 0.01921695402298851 0.03340517241379315
0 0.40759698275862066 0.3872575431034483 0.021731321839080497 0.030980603448275856
0 0.4561781609195402 0.6747036637931034 0.020474137931034475 0.0309806034482758
0 0.6922593390804598 0.38644935344827586 0.022449712643678232 0.03259698275862066
0 0.4536637931034483 0.7561961206896551 0.019755747126436796 0.039870689655172376
0 0.6443067528735633 0.4717133620689655 0.023527298850574696 0.03556034482758619
0 0.3954741379310345 0.4447737068965517 0.024784482758620663 0.03125
0 0.6716954022988506 0.3627424568965517 0.024784482758620663 0.040140086206896575
0 0.7131824712643678 0.4501616379310345 0.02765804597701149 0.038793103448275856
0 0.6671156609195402 0.5457974137931034 0.022808908045977017 0.03448275862068961
0 0.5968031609195402 0.328125 0.02155172413793105 0.033943965517241326
0 0.5179597701149425 0.4259159482758621 0.027298850574712707 0.05603448275862072
0 0.6850754310344828 0.33405172413793105 0.025682471264367734 0.036099137931034475
0 0.5451688218390804 0.3895474137931034 0.029633620689655138 0.04795258620689652
0 0.6928879310344827 0.5536099137931034 0.029454022988505746 0.05280172413793105
0 0.3317169540229885 0.5428340517241379 0.027298850574712596 0.03340517241379315
0 0.5729166666666667 0.1741648706896552 0.022629310344827513 0.030441810344827597
0 0.6871408045977012 0.5218211206896552 0.025862068965517238 0.04633620689655171
0 0.38613505747126436 0.5076778017241379 0.017600574712643646 0.03313577586206895
0 0.6683728448275862 0.5012122844827587 0.026400862068965525 0.04822198275862066
0 0.5888110632183908 0.18332435344827586 0.016702586206896575 0.030441810344827597
0 0.3909841954022989 0.6384698275862069 0.023706896551724144 0.03178879310344829
0 0.6353268678160919 0.5739493534482758 0.022808908045977017 0.03744612068965514
0 0.3790409482758621 0.47521551724137934 0.021731321839080497 0.032866379310344807
0 0.4345366379310345 0.7473060344827587 0.021731321839080442 0.030711206896551713
0 0.3987068965517241 0.7342403017241379 0.02191091954022989 0.032058189655172376
0 0.3608117816091954 0.55859375 0.02227011494252873 0.0347521551724137
0 0.37051005747126436 0.7435344827586207 0.024066091954022983 0.03340517241379315
0 0.6095545977011494 0.359375 0.025502873563218453 0.03879310344827591
0 0.3701508620689655 0.4426185344827586 0.02155172413793105 0.030711206896551713
0 0.5300826149425287 0.07489224137931035 0.022090517241379226 0.03178879310344828
0 0.41585847701149425 0.4404633620689655 0.01634339080459768 0.030711206896551713
0 0.3250718390804598 0.3826778017241379 0.02262931034482757 0.029364224137930994
0 0.42717313218390807 0.8166756465517242 0.02352729885057475 0.04283405172413801
0 0.35443606321839083 0.5289601293103448 0.017420977011494254 0.026131465517241437
0 0.42636494252873564 0.38537176724137934 0.01867816091954022 0.02828663793103453
0 0.41262571839080464 0.7776131465517242 0.017780172413793094 0.026131465517241437
0 0.3864044540229885 0.3811961206896552 0.021731321839080442 0.030711206896551713
0 0.44351652298850575 0.3627424568965517 0.011314655172413812 0.028825431034482762
0 0.4411817528735632 0.5049838362068966 0.019935344827586188 0.011584051724137956
0 0.5572916666666667 0.4559536637931034 0.027298850574712596 0.021282327586206906
0 0.5187679597701149 0.35088900862068967 0.02388649425287359 0.024515086206896575
0 0.7586206896551724 0.5402747844827587 0.022629310344827513 0.04121767241379304
0 0.5665409482758621 0.5668103448275863 0.011673850574712596 0.022090517241379337
0 0.43103448275862066 0.42429956896551724 0.013290229885057514 0.04364224137931039
0 0.5638469827586208 0.25754310344827586 0.019576149425287404 0.03232758620689655
0 0.38038793103448276 0.02060883620689655 0.033045977011494254 0.03205818965517241
0 0.6525682471264367 0.37311422413793105 0.027119252873563204 0.027478448275862044
0 0.6235632183908046 0.5530711206896552 0.025143678160919558 0.03286637931034486
0 0.6065014367816093 0.4686153017241379 0.014008620689655138 0.01643318965517243
0 0.6254489942528736 0.4408674568965517 0.017420977011494254 0.02936422413793105
0 0.6729525862068966 0.4401939655172414 0.021910919540229834 0.026939655172413812
0 0.5364583333333333 0.3693426724137931 0.026939655172413812 0.032327586206896575
0 0.6513110632183907 0.5390625 0.019576149425287404 0.032327586206896575
0 0.3922413793103448 0.05185883620689655 0.029454022988505746 0.03367456896551724
0 0.5398706896551724 0.46726831896551724 0.021192528735632155 0.028825431034482762
0 0.43489583333333337 0.16527478448275862 0.02496408045977011 0.030980603448275856
0 0.4535739942528736 0.4721174568965517 0.014188218390804586 0.018588362068965525
0 0.6421515804597702 0.5440463362068966 0.012751436781609171 0.025053879310344862
0 0.6777119252873562 0.4156788793103448 0.018857758620689613 0.026400862068965525
0 0.5431932471264367 0.4308997844827586 0.01634339080459768 0.030980603448275912
0 0.6079382183908046 0.4923221982758621 0.013649425287356354 0.042834051724137956
0 0.6149425287356323 0.4330549568965517 0.013649425287356354 0.02020474137931033
0 0.4262751436781609 0.0880926724137931 0.022449712643678177 0.02963362068965518
0 0.5387033045977011 0.013469827586206896 0.01921695402298851 0.023706896551724137
0 0.5132902298850575 0.45837823275862066 0.015445402298850608 0.017510775862069006
0 0.5841415229885059 0.43103448275862066 0.013829022988505746 0.017241379310344807
0 0.4689295977011494 0.4201239224137931 0.017959770114942486 0.028286637931034475
0 0.6576867816091954 0.5649245689655172 0.022629310344827513 0.028017241379310276
0 0.4483656609195402 0.10816271551724138 0.01885775862068967 0.03367456896551724
0 0.4390265804597701 0.3824084051724138 0.013110632183908066 0.0234375
0 0.5925826149425287 0.6069504310344828 0.023527298850574807 0.024245689655172376
0 0.4486350574712644 0.08001077586206896 0.01831896551724138 0.029094827586206906
0 0.6022808908045977 0.6267510775862069 0.01346982758620685 0.026131465517241437
0 0.40418462643678166 0.11395474137931033 0.01885775862068967 0.031249999999999986
0 0.5578304597701149 0.7297952586206897 0.010057471264367845 0.04471982758620696
0 0.3628771551724138 0.2064924568965517 0.026400862068965525 0.0320581896551724
0 0.539691091954023 0.6783405172413793 0.007183908045977017 0.038254310344827624
0 0.38945761494252873 0.30334051724137934 0.019935344827586188 0.033405172413793094
0 0.3661099137931034 0.31101831896551724 0.01670258620689652 0.032058189655172376
0 0.47036637931034486 0.646417025862069 0.015445402298850552 0.0428340517241379
0 0.40750718390804597 0.6147629310344828 0.0193965517241379 0.02909482758620685
0 0.5420258620689655 0.08620689655172414 0.018318965517241326 0.02586206896551725
0 0.4723419540229885 0.7483836206896552 0.02083333333333337 0.024784482758620663
0 0.6154813218390804 0.18521012931034483 0.019037356321839116 0.03636853448275862
0 0.6018318965517241 0.18588362068965517 0.014367816091954033 0.039331896551724144
0 0.46533764367816094 0.7687230603448276 0.013290229885057459 0.027747844827586188
0 0.5936602011494253 0.2093211206896552 0.015625 0.019396551724137928
0 0.39628232758620685 0.7646821120689655 0.01526580459770116 0.022898706896551713
0 0.42582614942528735 0.7054148706896552 0.02227011494252873 0.019127155172413812
0 0.5739942528735632 0.23545258620689657 0.0193965517241379 0.04040948275862069
0 0.4682112068965517 0.7013739224137931 0.01903735632183906 0.02720905172413801
0 0.4420797413793104 0.6761853448275863 0.012392241379310331 0.030711206896551713
0 0.3702406609195402 0.6068157327586208 0.01526580459770116 0.04337284482758619
0 0.34150502873563215 0.5929418103448276 0.014188218390804586 0.03448275862068961
0 0.34536637931034486 0.5642510775862069 0.00933908045977011 0.029903017241379337
0 0.40095186781609193 0.5661368534482759 0.014906609195402265 0.0234375
0 0.41226652298850575 0.5466056034482758 0.01490660919540232 0.04148706896551724
0 0.4173850574712644 0.5785290948275862 0.02191091954022989 0.034213362068965525
0 0.4035560344827586 0.5938846982758621 0.02155172413793105 0.022359913793103425
0 0.35398706896551724 0.7118803879310345 0.017241379310344862 0.04929956896551724
0 0.3786817528735632 0.6254040948275862 0.02891522988505746 0.02936422413793105
0 0.4267241379310345 0.6016971982758621 0.02191091954022989 0.016971982758620663
0 0.3757183908045977 0.6563846982758621 0.01221264367816094 0.021821120689655138
0 0.37257543103448276 0.6788793103448276 0.01921695402298851 0.030711206896551713
0 0.4353448275862069 0.8203125 0.013290229885057459 0.0549568965517242
0 0.4224137931034483 0.5047144396551724 0.01795977011494254 0.023437499999999944
0 0.4214260057471264 0.4717133620689655 0.01526580459770116 0.03286637931034486
0 0.4021192528735632 0.4659213362068966 0.02191091954022989 0.02235991379310348
0 0.3592852011494253 0.48410560344827586 0.015625 0.03771551724137934
0 0.39206178160919536 0.5076778017241379 0.014008620689655193 0.044989224137930994
0 0.34150502873563215 0.4865301724137931 0.019576149425287348 0.019935344827586188
0 0.4024784482758621 0.4221443965517241 0.017241379310344807 0.01831896551724138
0 0.3946659482758621 0.41945043103448276 0.01885775862068967 0.019935344827586188
0 0.43166307471264365 0.4970366379310345 0.012751436781609227 0.026939655172413757
0 0.5386135057471264 0.5456627155172413 0.018318965517241326 0.03582974137931039
