0 0.382183908045977 0.5767780172413793 0.033405172413793094 0.0587284482758621
0 0.610632183908046 0.5847252155172413 0.02227011494252873 0.03582974137931039
0 0.5761494252873564 0.7699353448275862 0.03591954022988508 0.039870689655172376
0 0.4878771551724138 0.8397090517241379 0.021731321839080497 0.032327586206896575
0 0.3360272988505747 0.6175915948275863 0.025143678160919558 0.03744612068965514
0 0.3512033045977011 0.7276400862068966 0.020653735632183923 0.038254310344827624
0 0.22557471264367815 0.33836206896551724 0.02765804597701149 0.0350215517241379
0 0.6578663793103448 0.47413793103448276 0.03556034482758619 0.03556034482758619
0 0.2577227011494253 0.5474137931034483 0.02765804597701152 0.06950431034482762
0 0.39269037356321834 0.43561422413793105 0.01885775862068967 0.05926724137931033
0 0.4077765804597701 0.4230872844827586 0.0274784482758621 0.06438577586206895
0 0.6861530172413793 0.755926724137931 0.02532327586206895 0.04148706896551724
0 0.2508979885057471 0.24151400862068967 0.030172413793103425 0.043372844827586216
0 0.47943606321839083 0.8061691810344827 0.020294540229885027 0.03367456896551724
0 0.7300646551724138 0.6515355603448276 0.028735632183908066 0.037984913793103425
0 0.5246048850574713 0.7466325431034482 0.02083333333333326 0.03852370689655171
0 0.7133620689655172 0.6157058189655172 0.028735632183908066 0.035829741379310276
0 0.305316091954023 0.29660560344827586 0.023706896551724144 0.036099137931034475
0 0.6127873563218391 0.5534752155172413 0.020474137931034475 0.02936422413793094
0 0.35039511494252873 0.5 0.03520114942528735 0.057650862068965525
0 0.5047593390804598 0.4443696120689655 0.02388649425287359 0.04822198275862066
0 0.5174209770114943 0.8387661637931034 0.027298850574712707 0.036368534482758674
0 0.6125179597701149 0.6334859913793104 0.02891522988505746 0.034213362068965525
0 0.2697557471264368 0.4991918103448276 0.026221264367816077 0.04202586206896558
0 0.2957974137931034 0.2103987068965517 0.02873563218390801 0.038793103448275884
0 0.642510775862069 0.6400862068965517 0.02604166666666674 0.03717672413793105
0 0.3600933908045977 0.3879310344827586 0.03017241379310348 0.04471982758620685
0 0.6083872126436781 0.41029094827586204 0.02388649425287359 0.03663793103448276
0 0.3916127873563219 0.5270743534482758 0.020294540229885027 0.04498922413793094
0 0.3537176724137931 0.5396012931034483 0.025682471264367845 0.03717672413793105
0 0.5064655172413792 0.6993534482758621 0.02227011494252873 0.042025862068965525
0 0.3785919540229885 0.5234375 0.02227011494252873 0.034482758620689724
0 0.36054238505747127 0.6097790948275863 0.02496408045977011 0.03960129310344829
0 0.670617816091954 0.6166487068965517 0.023347701149425304 0.034482758620689724
0 0.6647808908045978 0.7548491379310345 0.02460488505747127 0.044181034482758674
0 0.5264008620689655 0.40167025862068967 0.027298850574712707 0.045797413793103425
0 0.6285919540229885 0.43049568965517243 0.02083333333333326 0.03125
0 0.3084590517241379 0.5926724137931034 0.02568247126436779 0.032327586206896575
0 0.37338362068965514 0.49137931034482757 0.023706896551724144 0.03663793103448276
0 0.7068067528735632 0.6396821120689655 0.02604166666666674 0.0390625
0 0.6455639367816092 0.73046875 0.02676005747126431 0.035829741379310276
0 0.2737966954022989 0.4616109913793104 0.02783764367816094 0.050915948275862044
0 0.5061063218390804 0.48976293103448276 0.026939655172413868 0.04040948275862072
0 0.2505387931034483 0.39911099137931033 0.04022988505747127 0.04552801724137934
0 0.35299928160919536 0.4373653017241379 0.03394396551724138 0.052532327586206906
0 0.5652837643678161 0.4523168103448276 0.034662356321839005 0.032866379310344807
0 0.29040948275862066 0.4484105603448276 0.024425287356321823 0.04606681034482757
0 0.7227909482758621 0.7825969827586208 0.027119252873563204 0.04256465517241381
0 0.5338541666666667 0.6338900862068966 0.022090517241379337 0.03771551724137934
0 0.5149066091954023 0.5490301724137931 0.02765804597701149 0.04310344827586199
0 0.4999102011494253 0.8743265086206897 0.023168103448275856 0.04445043103448276
0 0.6157507183908046 0.7203663793103448 0.02244971264367812 0.03394396551724144
0 0.28789511494252873 0.5522629310344828 0.02191091954022989 0.032327586206896575
0 0.3874820402298851 0.2125538793103448 0.026041666666666685 0.0538793103448276
0 0.3900862068965517 0.2774784482758621 0.023347701149425304 0.03771551724137928
0 0.26122485632183906 0.6217672413793103 0.03538074712643677 0.05064655172413801
0 0.7243175287356323 0.7351831896551724 0.041307471264367845 0.04525862068965514
0 0.3785021551724138 0.40234375 0.01921695402298851 0.0390625
0 0.5936602011494253 0.7082435344827587 0.022808908045977017 0.051724137931034586
0 0.6961206896551724 0.7885237068965517 0.025143678160919558 0.0544181034482758
0 0.29489942528735635 0.7731681034482758 0.03160919540229884 0.05226293103448276
0 0.3717672413793104 0.7108028017241379 0.02119252873563221 0.043911637931034475
0 0.4426185344827586 0.44894935344827586 0.029274425287356354 0.043911637931034475
0 0.3301903735632184 0.4599946120689655 0.031070402298850608 0.046066810344827624
0 0.6134159482758621 0.6779364224137931 0.024964080459770055 0.03744612068965514
0 0.6378412356321839 0.6810344827586207 0.024964080459770055 0.04471982758620685
0 0.5625 0.8278556034482758 0.02227011494252884 0.04903017241379304
0 0.3295617816091954 0.4110991379310345 0.028735632183908066 0.04849137931034486
0 0.5946479885057472 0.7543103448275863 0.021192528735632155 0.04148706896551724
0 0.4920079022988506 0.580145474137931 0.03178879310344823 0.04929956896551724
0 0.30801005747126436 0.17120150862068967 0.02227011494252873 0.05199353448275865
0 0.6610991379310345 0.5744881465517242 0.025143678160919558 0.03744612068965514
0 0.5465158045977012 0.7586206896551724 0.022629310344827513 0.03771551724137934
0 0.6654992816091954 0.6491109913793103 0.023527298850574696 0.03205818965517249
0 0.35605244252873564 0.2778825431034483 0.027837643678160884 0.03852370689655171
0 0.24838362068965517 0.28259698275862066 0.03232758620689652 0.033405172413793094
0 0.5383441091954022 0.5440463362068966 0.02819683908045978 0.04067887931034486
0 0.35766882183908044 0.7699353448275862 0.02209051724137928 0.044181034482758674
0 0.22180316091954022 0.29552801724137934 0.02765804597701149 0.03987068965517243
0 0.40104166666666663 0.2435344827586207 0.028376436781609227 0.03825431034482757
0 0.43723060344827586 0.48464439655172414 0.02532327586206895 0.030711206896551713
0 0.2364403735632184 0.5157596982758621 0.03430316091954022 0.04498922413793105
0 0.4505208333333333 0.5505118534482758 0.021012931034482762 0.05522629310344829
0 0.6492456896551724 0.7769396551724137 0.020474137931034475 0.04849137931034486
0 0.31698994252873564 0.6423760775862069 0.02227011494252873 0.05307112068965514
0 0.4874281609195402 0.7765355603448276 0.025143678160919558 0.03367456896551724
0 0.586566091954023 0.6360452586206897 0.02298850574712641 0.03663793103448276
0 0.3321659482758621 0.7633351293103448 0.03250718390804602 0.06600215517241381
0 0.6608297413793103 0.5087553879310345 0.022090517241379337 0.02936422413793105
0 0.3868534482758621 0.6829202586206897 0.032686781609195414 0.04903017241379304
0 0.5751616379310345 0.5938846982758621 0.01921695402298851 0.03313577586206895
0 0.640625 0.5191271551724137 0.024425287356321768 0.03663793103448276
0 0.5765086206896552 0.6742995689655172 0.024784482758620663 0.0425646551724137
0 0.5338541666666667 0.4927262931034483 0.029274425287356354 0.044181034482758674
0 0.6714260057471264 0.8034752155172413 0.023168103448275912 0.05307112068965514
0 0.4139727011494253 0.4737338362068965 0.028376436781609227 0.05307112068965514
0 0.5667205459770115 0.7339709051724138 0.023527298850574807 0.0352909482758621
0 0.6935165229885057 0.7027209051724138 0.02532327586206895 0.03690732758620685
0 0.2860991379310345 0.5154903017241379 0.024784482758620663 0.04552801724137934
0 0.2853807471264368 0.7073006465517241 0.029094827586206906 0.06546336206896552
0 0.6675646551724138 0.7159213362068966 0.02909482758620685 0.032058189655172376
0 0.47737068965517243 0.4641702586206896 0.026939655172413812 0.049030172413793094
0 0.6716954022988506 0.5408135775862069 0.028017241379310387 0.03529094827586199
0 0.5035021551724138 0.6461476293103448 0.026760057471264365 0.03636853448275856
0 0.5254130747126436 0.8908943965517242 0.026400862068965525 0.04471982758620696
0 0.5009877873563218 0.7555226293103448 0.02460488505747127 0.04337284482758619
0 0.6924389367816092 0.513739224137931 0.027837643678160884 0.03663793103448271
0 0.4608477011494253 0.4997306034482758 0.025862068965517238 0.05387931034482757
0 0.5522629310344828 0.9133890086206896 0.026221264367816133 0.040140086206896575
0 0.2898706896551724 0.4151400862068966 0.026221264367816077 0.03232758620689652
0 0.35686063218390807 0.6610991379310345 0.026221264367816077 0.03178879310344829
0 0.29813218390804597 0.2572737068965517 0.02262931034482757 0.03394396551724141
0 0.45510057471264365 0.4128502155172413 0.02262931034482757 0.03636853448275862
0 0.5271192528735633 0.4598599137931034 0.033045977011494254 0.04256465517241376
0 0.43354885057471265 0.40625 0.02765804597701149 0.04040948275862066
0 0.4313038793103448 0.5533405172413792 0.02891522988505746 0.07004310344827591
0 0.7219827586206897 0.837823275862069 0.022629310344827513 0.05603448275862066
0 0.7430854885057472 0.8088631465517242 0.03035201149425293 0.04229525862068961
0 0.48105244252873564 0.42578125 0.029992816091954033 0.03259698275862066
0 0.3458153735632184 0.5778556034482758 0.02891522988505746 0.03825431034482751
0 0.6346084770114943 0.5389278017241379 0.021731321839080442 0.06115301724137934
0 0.2435344827586207 0.3151939655172414 0.023706896551724144 0.03663793103448276
0 0.5418462643678161 0.4306303879310345 0.024066091954022983 0.037984913793103425
0 0.697198275862069 0.5828394396551724 0.027298850574712707 0.037984913793103425
0 0.6270653735632183 0.47912176724137934 0.024964080459770055 0.037446120689655193
0 0.3077406609195402 0.4777747844827586 0.03214798850574713 0.040140086206896575
0 0.6147629310344828 0.5082165948275863 0.021192528735632266 0.04067887931034486
0 0.6429597701149425 0.5994073275862069 0.024066091954022983 0.03987068965517249
0 0.5236170977011494 0.6751077586206897 0.024964080459770055 0.04418103448275856
0 0.28358477011494254 0.27667025862068967 0.024066091954022983 0.036099137931034475
0 0.6859734195402298 0.6664870689655172 0.024245689655172487 0.038254310344827624
0 0.5994971264367817 0.4904364224137931 0.024784482758620663 0.04337284482758619
0 0.5426544540229885 0.8009159482758621 0.024245689655172376 0.04633620689655171
0 0.3093570402298851 0.6872306034482758 0.029992816091953978 0.061422413793103536
0 0.5621408045977011 0.6272898706896551 0.025143678160919558 0.04876077586206895
0 0.25808189655172414 0.6908674568965517 0.02765804597701149 0.046066810344827624
0 0.6667564655172413 0.6857489224137931 0.023527298850574696 0.037984913793103536
0 0.5147270114942528 0.6039870689655172 0.03232758620689652 0.06411637931034475
0 0.41145833333333337 0.5470096982758621 0.023706896551724144 0.04929956896551724
0 0.587194683908046 0.4260506465517241 0.021372126436781658 0.036907327586206906
0 0.35380747126436785 0.6922144396551724 0.02801724137931033 0.040140086206896575
0 0.31375718390804597 0.5603448275862069 0.029454022988505746 0.04741379310344829
0 0.2744252873563219 0.3129040948275862 0.025502873563218398 0.035290948275862044
0 0.6179956896551724 0.7570043103448276 0.023706896551724088 0.04418103448275856
0 0.5607040229885057 0.5398706896551724 0.02155172413793105 0.05010775862068961
0 0.5868354885057472 0.5495689655172413 0.02819683908045978 0.04310344827586199
0 0.27927442528735635 0.5876885775862069 0.03017241379310348 0.04660560344827591
0 0.3088182471264368 0.5181842672413793 0.02783764367816094 0.04552801724137928
0 0.6826508620689655 0.5946928879310345 0.025502873563218342 0.036368534482758674
0 0.3283943965517241 0.5181842672413793 0.021372126436781602 0.062230603448275856
0 0.5683369252873562 0.48181573275862066 0.03430316091954022 0.041756465517241326
0 0.31375718390804597 0.7227909482758621 0.026221264367816077 0.036099137931034475
0 0.24380387931034483 0.5794719827586208 0.022449712643678177 0.04040948275862066
0 0.6032686781609196 0.44558189655172414 0.020474137931034475 0.0350215517241379
0 0.7339260057471264 0.7032596982758621 0.033943965517241326 0.040140086206896575
0 0.29085847701149425 0.6458782327586208 0.029274425287356354 0.05307112068965514
0 0.7142600574712643 0.7443426724137931 0.022629310344827513 0.032327586206896464
0 0.5255926724137931 0.7149784482758621 0.020653735632183978 0.042025862068965525
0 0.5016163793103449 0.8129040948275863 0.022988505747126464 0.03475215517241381
0 0.2618534482758621 0.44005926724137934 0.03196839080459771 0.033135775862069006
0 0.7095905172413792 0.6779364224137931 0.023347701149425304 0.037984913793103536
0 0.32201867816091956 0.5961745689655172 0.02155172413793105 0.042025862068965525
0 0.4160380747126437 0.5063308189655172 0.02460488505747127 0.026131465517241326
0 0.5907866379310345 0.7277747844827587 0.026400862068965525 0.028286637931034586
0 0.5660021551724138 0.5672144396551724 0.021731321839080442 0.028286637931034475
0 0.3626077586206896 0.6365840517241379 0.019396551724137956 0.024245689655172376
0 0.4097521551724138 0.5697737068965517 0.017780172413793094 0.028556034482758674
0 0.48177083333333337 0.4966325431034483 0.014188218390804586 0.021282327586206906
0 0.46488864942528735 0.5700431034482758 0.019935344827586188 0.06088362068965514
0 0.5432830459770115 0.5778556034482758 0.024066091954022983 0.024245689655172487
0 0.5617816091954022 0.787042025862069 0.015086206896551713 0.030441810344827624
0 0.6153915229885057 0.5367726293103448 0.0199353448275863 0.026670258620689613
0 0.5756106321839081 0.7074353448275862 0.0193965517241379 0.033943965517241326
0 0.45977011494252873 0.45474137931034486 0.00897988505747127 0.03556034482758624
0 0.5032327586206897 0.9020743534482758 0.023347701149425304 0.037984913793103536
0 0.37957974137931033 0.2862338362068966 0.021012931034482762 0.04606681034482757
0 0.48320761494252873 0.6546336206896551 0.01849856321839083 0.03125
0 0.3416846264367816 0.6448006465517242 0.022808908045977017 0.028825431034482762
0 0.6943247126436782 0.6057381465517242 0.009339080459770055 0.027747844827586188
0 0.6769037356321839 0.5160290948275863 0.012571839080459779 0.027747844827586188
0 0.6121587643678161 0.6065463362068966 0.02532327586206895 0.023976293103448287
0 0.3641343390804598 0.4325161637931034 0.02604166666666663 0.04337284482758624
0 0.5727370689655172 0.4066540948275862 0.024784482758620774 0.036907327586206906
0 0.3003771551724138 0.7878502155172413 0.02819683908045978 0.06761853448275856
0 0.5859375 0.4558189655172414 0.022090517241379226 0.030172413793103425
0 0.3973599137931034 0.4816810344827586 0.021372126436781602 0.04418103448275856
0 0.6909123563218391 0.7376077586206896 0.0193965517241379 0.042025862068965525
0 0.2651760057471264 0.3394396551724138 0.020653735632183923 0.03178879310344829
0 0.5973419540229885 0.5288254310344828 0.01795977011494254 0.04094827586206895
0 0.4751257183908046 0.8410560344827587 0.010955459770114917 0.03286637931034486
0 0.5420258620689655 0.6923491379310345 0.014727011494252817 0.04148706896551724
0 0.7077945402298851 0.5763739224137931 0.0118534482758621 0.023976293103448287
0 0.5430136494252873 0.5622306034482758 0.018857758620689613 0.014008620689655138
0 0.25233477011494254 0.37271012931034486 0.022270114942528757 0.021282327586206906
0 0.3802083333333333 0.4498922413793104 0.01867816091954022 0.05387931034482757
0 0.43220186781609193 0.5862068965517242 0.030711206896551713 0.021012931034482762
0 0.5609734195402298 0.4201239224137931 0.035380747126436796 0.034213362068965525
0 0.4774604885057471 0.5680226293103448 0.023168103448275912 0.05684267241379304
0 0.3203125 0.7959321120689655 0.015984195402298895 0.03690732758620685
0 0.2936422413793104 0.6169181034482758 0.026221264367816077 0.03771551724137934
0 0.6245510057471264 0.6472252155172413 0.01634339080459768 0.03475215517241381
0 0.6288613505747127 0.5821659482758621 0.012392241379310387 0.0274784482758621
0 0.5580100574712643 0.5893049568965517 0.014727011494252928 0.02559267241379315
0 0.30908764367816094 0.7450161637931034 0.016163793103448287 0.019127155172413812
0 0.47781968390804597 0.87890625 0.015625 0.0466056034482758
0 0.6450251436781609 0.564520474137931 0.018857758620689613 0.03367456896551724
0 0.3582974137931034 0.4680765086206896 0.026221264367816077 0.021282327586206906
0 0.6354166666666666 0.5977909482758621 0.013290229885057459 0.03717672413793105
0 0.48563218390804597 0.5827047413793103 0.025502873563218398 0.06088362068965514
0 0.5576508620689655 0.6900592672413792 0.017600574712643757 0.04067887931034486
0 0.48051364942528735 0.5288254310344828 0.027119252873563204 0.0393318965517242
0 0.618444683908046 0.45245150862068967 0.024964080459770166 0.03259698275862066
0 0.2609554597701149 0.42793642241379315 0.03520114942528735 0.05199353448275862
0 0.2698455459770115 0.6555765086206896 0.016702586206896575 0.043911637931034475
0 0.5269396551724137 0.5847252155172413 0.015086206896551713 0.04175646551724144
0 0.5431034482758621 0.6142241379310345 0.02298850574712641 0.033943965517241326
0 0.4931752873563219 0.6136853448275863 0.012931034482758619 0.017241379310344862
0 0.5358297413793103 0.7475754310344828 0.0314295977011495 0.061422413793103425
0 0.22844827586206895 0.43507543103448276 0.03160919540229887 0.03556034482758619
0 0.5891702586206897 0.5828394396551724 0.021372126436781547 0.024515086206896575
0 0.5836925287356322 0.5083512931034483 0.015445402298850608 0.02801724137931033
0 0.6474497126436782 0.45864762931034486 0.021910919540229945 0.02451508620689652
0 0.49048132183908044 0.689520474137931 0.011135057471264365 0.036368534482758674
0 0.2429058908045977 0.45891702586206895 0.012392241379310331 0.03205818965517243
0 0.578125 0.5223599137931034 0.016882183908045967 0.018857758620689613
0 0.4841056034482759 0.8736530172413793 0.013469827586206906 0.038254310344827624
0 0.5406788793103448 0.5181842672413793 0.024964080459770055 0.026131465517241326
0 0.5148168103448276 0.5141433189655172 0.021372126436781547 0.03259698275862072
0 0.7029454022988506 0.8023976293103449 0.01652298850574707 0.0390625
0 0.7380567528735632 0.6903286637931034 0.03250718390804597 0.041756465517241326
