0 0.718121408045977 0.5064655172413792 0.029274425287356243 0.04040948275862066
0 0.53125 0.32556573275862066 0.02765804597701149 0.03475215517241376
0 0.5592672413793103 0.4578394396551724 0.030890804597701105 0.04229525862068967
0 0.24829382183908044 0.44329202586206895 0.033584770114942514 0.04552801724137928
0 0.6414331896551724 0.7508081896551724 0.025682471264367845 0.04903017241379304
0 0.39340876436781613 0.4150053879310345 0.01885775862068967 0.0352909482758621
0 0.3537176724137931 0.908270474137931 0.027837643678160884 0.0665409482758621
0 0.5889906609195402 0.5130657327586208 0.02532327586206895 0.03582974137931039
0 0.5783943965517242 0.3386314655172414 0.02747844827586199 0.03771551724137934
0 0.36108117816091956 0.40988685344827586 0.032866379310344807 0.04929956896551724
0 0.571569683908046 0.6372575431034483 0.0274784482758621 0.04498922413793105
0 0.4545617816091954 0.5017510775862069 0.03053160919540232 0.04983836206896547
0 0.39035560344827586 0.8149245689655172 0.029992816091954033 0.045797413793103425
0 0.5249640804597702 0.7808459051724138 0.02227011494252873 0.036368534482758674
0 0.6401760057471264 0.8584321120689655 0.029992816091954033 0.03852370689655171
0 0.5338541666666667 0.650457974137931 0.023527298850574696 0.0309806034482758
0 0.2813397988505747 0.4520474137931034 0.02532327586206895 0.04418103448275862
0 0.24317528735632182 0.4951508620689655 0.036637931034482735 0.0431034482758621
0 0.6875897988505748 0.5806842672413792 0.022090517241379337 0.03151939655172409
0 0.5682471264367817 0.5902478448275863 0.025143678160919447 0.04040948275862066
0 0.37661637931034486 0.4851831896551724 0.02478448275862072 0.046874999999999944
0 0.4931752873563219 0.43884698275862066 0.031250000000000056 0.04741379310344823
0 0.6448455459770115 0.615167025862069 0.027119252873563315 0.04876077586206895
0 0.5493893678160919 0.6806303879310345 0.022629310344827624 0.03690732758620685
0 0.5961745689655172 0.7951239224137931 0.023527298850574807 0.03852370689655171
0 0.4178340517241379 0.5 0.030352011494252873 0.05118534482758624
0 0.6593031609195402 0.5129310344827587 0.028017241379310276 0.04364224137931039
0 0.6708872126436781 0.7642780172413793 0.0274784482758621 0.039870689655172376
0 0.53125 0.4665948275862069 0.027298850574712707 0.05334051724137934
0 0.6912715517241379 0.34994612068965514 0.03053160919540232 0.040948275862069006
0 0.24335488505747127 0.4035560344827586 0.029454022988505746 0.0350215517241379
0 0.4018498563218391 0.4665948275862069 0.01885775862068967 0.04741379310344829
0 0.5933908045977012 0.47440732758620685 0.03196839080459768 0.052801724137930994
0 0.2087823275862069 0.6873653017241379 0.032866379310344834 0.06869612068965514
0 0.34913793103448276 0.5185883620689655 0.02191091954022989 0.03178879310344829
0 0.6169181034482758 0.3876616379310345 0.025862068965517238 0.04094827586206895
0 0.5206537356321839 0.5926724137931034 0.03125 0.0393318965517242
0 0.6589439655172413 0.4295528017241379 0.029454022988505746 0.040678879310344807
0 0.6162895114942528 0.80859375 0.02747844827586199 0.043911637931034475
0 0.5494791666666666 0.3349946120689655 0.022808908045977017 0.03744612068965514
0 0.3338721264367816 0.7025862068965517 0.03196839080459768 0.044181034482758674
0 0.5880926724137931 0.5612877155172413 0.02819683908045978 0.05414870689655171
0 0.3248024425287356 0.794854525862069 0.023168103448275856 0.03690732758620685
0 0.2959770114942529 0.2976831896551724 0.025502873563218342 0.04418103448275862
0 0.6525682471264368 0.46848060344827586 0.0274784482758621 0.04040948275862066
0 0.3699712643678161 0.5317887931034482 0.023347701149425304 0.03556034482758619
0 0.2923850574712644 0.8304148706896552 0.04058908045977011 0.05899784482758619
0 0.548132183908046 0.40436422413793105 0.02298850574712641 0.04040948275862072
0 0.3770653735632184 0.9085398706896552 0.022808908045977017 0.03636853448275856
0 0.39349856321839083 0.7722252155172413 0.029094827586206906 0.0390625
0 0.7877155172413792 0.5471443965517241 0.03556034482758619 0.036099137931034475
0 0.48563218390804597 0.5611530172413793 0.03843390804597702 0.06734913793103448
0 0.6470905172413792 0.6701239224137931 0.023706896551724088 0.030980603448275912
0 0.780621408045977 0.5080818965517242 0.036099137931034475 0.04040948275862066
0 0.3592852011494253 0.4834321120689655 0.023527298850574696 0.037446120689655193
0 0.8095366379310345 0.6575969827586208 0.030711206896551713 0.05334051724137934
0 0.5711206896551724 0.6788793103448276 0.0193965517241379 0.03394396551724144
0 0.6690912356321839 0.39439655172413796 0.020653735632183978 0.03663793103448276
0 0.3765265804597701 0.708917025862069 0.024245689655172376 0.03259698275862066
0 0.3798491379310345 0.8624730603448276 0.04094827586206895 0.06061422413793105
0 0.5890804597701149 0.3064385775862069 0.024066091954022983 0.03313577586206895
0 0.38362068965517243 0.4470635775862069 0.029454022988505746 0.03367456896551724
0 0.6239224137931034 0.4206627155172414 0.02837643678160917 0.043911637931034475
0 0.32363505747126436 0.5661368534482758 0.03053160919540232 0.05091594827586199
0 0.764367816091954 0.4598599137931034 0.028735632183908066 0.04040948275862072
0 0.7172234195402298 0.5670797413793103 0.029633620689655138 0.03933189655172409
0 0.2625718390804598 0.48760775862068967 0.025862068965517238 0.04364224137931039
0 0.3715876436781609 0.6306573275862069 0.0373563218390805 0.05603448275862066
0 0.5959051724137931 0.3560075431034483 0.03125 0.04229525862068967
0 0.7137212643678161 0.4146012931034483 0.02981321839080453 0.03663793103448276
0 0.31438577586206895 0.7392241379310345 0.029274425287356298 0.049568965517241326
0 0.5906070402298851 0.43211206896551724 0.021731321839080442 0.030711206896551713
0 0.7291666666666667 0.6120689655172413 0.023347701149425304 0.05603448275862066
0 0.2457794540229885 0.6010237068965517 0.03358477011494254 0.057650862068965525
0 0.4880567528735632 0.3712284482758621 0.02532327586206895 0.03825431034482757
0 0.6189834770114943 0.47858297413793105 0.024964080459770166 0.037446120689655193
0 0.2685883620689655 0.5196659482758621 0.031070402298850608 0.03771551724137934
0 0.7870869252873562 0.5991379310344828 0.02819683908045978 0.0431034482758621
0 0.26849856321839083 0.759832974137931 0.03591954022988503 0.0584590517241379
0 0.28735632183908044 0.7339709051724138 0.02262931034482757 0.034213362068965525
0 0.35183189655172414 0.44665948275862066 0.03053160919540232 0.04633620689655177
0 0.5495689655172413 0.7176724137931034 0.026221264367816022 0.03663793103448276
0 0.28322557471264365 0.59375 0.03089080459770116 0.050107758620689724
0 0.6171875 0.5934806034482758 0.0274784482758621 0.045797413793103536
0 0.5810883620689655 0.736395474137931 0.02891522988505746 0.03960129310344829
0 0.3519216954022989 0.33607219827586204 0.026760057471264365 0.0390625
0 0.5455280172413793 0.7726293103448276 0.024245689655172376 0.03771551724137934
0 0.748742816091954 0.6019665948275862 0.0237068965517242 0.0509159482758621
0 0.5894396551724138 0.8321659482758621 0.024425287356321768 0.036099137931034475
0 0.5546875 0.8102101293103448 0.02101293103448265 0.04552801724137934
0 0.32695761494252873 0.3611260775862069 0.0274784482758621 0.03852370689655171
0 0.524066091954023 0.4035560344827586 0.032327586206896575 0.04364224137931039
0 0.2935524425287356 0.49838362068965514 0.030352011494252873 0.046874999999999944
0 0.5695941091954022 0.49043642241379315 0.02604166666666663 0.036907327586206906
0 0.4490840517241379 0.552667025862069 0.036458333333333315 0.0509159482758621
0 0.2499102011494253 0.6534213362068966 0.03681752873563218 0.04337284482758619
0 0.5254130747126438 0.5296336206896552 0.023527298850574696 0.04525862068965514
0 0.6374820402298851 0.5280172413793103 0.022808908045977017 0.03771551724137934
0 0.4130747126436782 0.6783405172413792 0.023347701149425304 0.04148706896551724
0 0.6853448275862069 0.4341325431034483 0.02765804597701149 0.037984913793103425
0 0.6685524425287357 0.5568426724137931 0.027837643678160995 0.05549568965517249
0 0.3564116379310345 0.6678340517241379 0.038254310344827624 0.06034482758620685
0 0.30702227011494254 0.6901939655172413 0.02496408045977011 0.04741379310344829
0 0.2548491379310345 0.8306842672413793 0.030172413793103425 0.046066810344827624
0 0.2911278735632184 0.6477640086206896 0.030172413793103425 0.037984913793103425
0 0.3523706896551724 0.5720635775862069 0.030531609195402265 0.04822198275862066
0 0.43220186781609193 0.45339439655172414 0.036099137931034475 0.05010775862068961
0 0.45914152298850575 0.4150053879310345 0.021731321839080442 0.04067887931034486
0 0.5428340517241379 0.4933997844827586 0.02388649425287359 0.03475215517241381
0 0.5726472701149425 0.7693965517241379 0.027119252873563204 0.03286637931034486
0 0.7426364942528736 0.4341325431034483 0.025502873563218342 0.03313577586206895
0 0.5939295977011494 0.39668642241379315 0.023706896551724088 0.036907327586206906
0 0.38820043103448276 0.5712553879310345 0.03394396551724138 0.07300646551724133
0 0.689385775862069 0.5037715517241379 0.024964080459770166 0.03556034482758624
0 0.37616738505747127 0.7428609913793103 0.027119252873563204 0.03690732758620696
0 0.7470366379310345 0.5005387931034483 0.02819683908045978 0.03987068965517243
0 0.46345186781609193 0.35290948275862066 0.035380747126436796 0.04148706896551729
0 0.24542025862068967 0.7082435344827587 0.03969109195402301 0.05064655172413801
0 0.39035560344827586 0.6827855603448276 0.022090517241379337 0.03475215517241381
0 0.7398527298850575 0.5382543103448276 0.02676005747126431 0.03771551724137934
0 0.6821120689655172 0.3939924568965517 0.018318965517241326 0.037446120689655193
0 0.7021372126436782 0.6027747844827587 0.028556034482758563 0.03960129310344829
0 0.3239942528735632 0.6536907327586208 0.032327586206896575 0.05145474137931039
0 0.5101472701149425 0.658135775862069 0.02424568965517243 0.0431034482758621
0 0.5573814655172413 0.3704202586206896 0.025682471264367845 0.033405172413793094
0 0.5639367816091954 0.30239762931034486 0.026939655172413812 0.036907327586206906
0 0.3838900862068966 0.6648706896551724 0.022449712643678177 0.03125
0 0.30387931034482757 0.5447198275862069 0.028735632183908066 0.04364224137931039
0 0.4571659482758621 0.580145474137931 0.023886494252873536 0.034213362068965525
0 0.568426724137931 0.5280172413793103 0.021910919540229834 0.03448275862068961
0 0.3438397988505747 0.826239224137931 0.035739942528735635 0.05280172413793105
0 0.4717133620689655 0.45783943965517243 0.027119252873563204 0.043911637931034475
0 0.5026939655172413 0.5378502155172413 0.03448275862068961 0.0546875
0 0.607489224137931 0.703125 0.02532327586206895 0.04094827586206895
0 0.4328304597701149 0.4128502155172414 0.03017241379310348 0.03367456896551724
0 0.5724676724137931 0.8072467672413792 0.024245689655172487 0.03744612068965514
0 0.2129130747126437 0.6016971982758621 0.033225574712643674 0.055765086206896575
0 0.703125 0.5417564655172413 0.026221264367816133 0.03987068965517249
0 0.5699533045977011 0.8477909482758621 0.02891522988505746 0.039870689655172376
0 0.34922772988505746 0.2941810344827586 0.030711206896551713 0.042025862068965525
0 0.5280172413793103 0.7353178879310345 0.027298850574712596 0.043911637931034475
0 0.4813218390804598 0.41015625 0.03484195402298851 0.04067887931034486
0 0.6839080459770115 0.4682112068965517 0.024784482758620774 0.03125
0 0.5428340517241379 0.5704471982758621 0.029633620689655138 0.03960129310344829
0 0.2556573275862069 0.3794450431034483 0.026400862068965525 0.04445043103448276
0 0.20599856321839083 0.4854525862068966 0.03771551724137931 0.047952586206896575
0 0.672503591954023 0.6598868534482758 0.024964080459770166 0.04660560344827591
0 0.2840337643678161 0.6910021551724137 0.02819683908045978 0.04741379310344829
0 0.41567887931034486 0.5563038793103448 0.031070402298850552 0.05818965517241381
0 0.6886673850574713 0.6452047413793103 0.029992816091954033 0.04525862068965514
0 0.35183189655172414 0.7256196120689655 0.026221264367816133 0.04498922413793105
0 0.5466056034482758 0.6189385775862069 0.030711206896551713 0.043911637931034475
0 0.5875538793103448 0.6724137931034483 0.02460488505747127 0.044181034482758674
0 0.6668462643678161 0.6965247844827587 0.033764367816091934 0.034213362068965414
0 0.19387571839080459 0.6258081896551724 0.0184985632183908 0.04094827586206895
0 0.5302622126436782 0.6880387931034483 0.024245689655172487 0.0393318965517242
0 0.7649066091954023 0.6221713362068966 0.026221264367816133 0.0546875
0 0.5170617816091954 0.3783674568965517 0.032327586206896575 0.031519396551724144
0 0.6513110632183908 0.3861799568965517 0.0274784482758621 0.03636853448275862
0 0.29813218390804597 0.787042025862069 0.03520114942528735 0.0622306034482758
0 0.26320043103448276 0.5608836206896552 0.04005028735632185 0.05441810344827591
0 0.6264367816091954 0.32960668103448276 0.03340517241379304 0.04552801724137934
0 0.4207974137931034 0.7388200431034483 0.01975574712643674 0.03744612068965525
0 0.6164691091954023 0.5474137931034483 0.02532327586206895 0.0393318965517242
0 0.3275862068965517 0.26804956896551724 0.02837643678160917 0.05334051724137931
0 0.41693606321839083 0.599542025862069 0.030352011494252873 0.03690732758620685
0 0.3322557471264368 0.8978987068965518 0.032327586206896575 0.05118534482758619
0 0.32956178160919536 0.40853987068965514 0.029094827586206906 0.04822198275862072
0 0.6045258620689655 0.64453125 0.026580459770114917 0.037984913793103425
0 0.19441451149425287 0.568426724137931 0.029633620689655193 0.04903017241379315
0 0.5987787356321839 0.8716325431034483 0.02298850574712641 0.04067887931034475
0 0.30702227011494254 0.6089709051724138 0.02819683908045978 0.051993534482758674
0 0.3054956896551724 0.44113685344827586 0.03232758620689652 0.06007543103448276
0 0.33261494252873564 0.48693426724137934 0.033764367816091934 0.062230603448275856
0 0.2271012931034483 0.5381196120689655 0.03214798850574713 0.04929956896551724
0 0.6992636494252873 0.43534482758620685 0.020653735632183978 0.039331896551724144
0 0.6304777298850575 0.49353448275862066 0.024245689655172376 0.0350215517241379
0 0.6326329022988506 0.7046066810344828 0.02460488505747127 0.042295258620689724
0 0.5024245689655172 0.4847790948275862 0.035739942528735635 0.04929956896551729
0 0.7359913793103448 0.4639008620689655 0.027298850574712596 0.04256465517241381
0 0.17169540229885058 0.6628502155172413 0.039152298850574696 0.05199353448275856
0 0.6104525862068966 0.8580280172413793 0.025862068965517238 0.044181034482758674
0 0.2901400862068966 0.3446928879310345 0.04364224137931033 0.04067887931034486
0 0.23141163793103448 0.6683728448275863 0.016702586206896547 0.04040948275862066
0 0.24811422413793102 0.76171875 0.02209051724137928 0.055765086206896575
0 0.2224317528735632 0.5704471982758621 0.024245689655172403 0.0234375
0 0.5502873563218391 0.5243803879310345 0.030890804597701105 0.04445043103448276
0 0.3829022988505747 0.4950161637931034 0.025143678160919558 0.05199353448275862
0 0.6079382183908046 0.42443426724137934 0.014367816091954033 0.02828663793103453
0 0.6160201149425287 0.44854525862068967 0.028735632183908066 0.021012931034482762
0 0.7245869252873564 0.421875 0.01921695402298851 0.06465517241379315
0 0.6270653735632183 0.36328125 0.026400862068965525 0.020204741379310387
0 0.3247126436781609 0.521551724137931 0.02478448275862072 0.0431034482758621
0 0.2667025862068966 0.7920258620689655 0.03448275862068967 0.025862068965517238
0 0.529364224137931 0.35304418103448276 0.03142959770114939 0.028286637931034475
0 0.3510237068965517 0.5394665948275862 0.020653735632183923 0.022359913793103425
0 0.6116199712643677 0.5138739224137931 0.018857758620689613 0.030441810344827513
0 0.7063577586206896 0.47575431034482757 0.014367816091954033 0.025862068965517238
0 0.3526400862068966 0.3642241379310345 0.025323275862069006 0.029094827586206906
0 0.23168103448275862 0.7281788793103448 0.019396551724137928 0.02909482758620696
0 0.30387931034482757 0.47858297413793105 0.026939655172413812 0.03475215517241381
0 0.38308189655172414 0.4093480603448276 0.01041666666666663 0.036907327586206906
0 0.22817887931034483 0.7447467672413793 0.01885775862068967 0.028286637931034475
0 0.5917744252873562 0.5843211206896551 0.03412356321839083 0.0350215517241379
0 0.3556034482758621 0.7835398706896551 0.026939655172413757 0.037984913793103425
0 0.6423311781609196 0.5610183189655172 0.01921695402298851 0.026131465517241326
0 0.5774066091954022 0.3907596982758621 0.019755747126436796 0.04983836206896547
0 0.5792923850574713 0.7099946120689655 0.027837643678160884 0.026131465517241326
0 0.6554418103448276 0.576239224137931 0.01849856321839083 0.04849137931034475
0 0.6738505747126438 0.3631465517241379 0.021192528735632155 0.021551724137930994
0 0.40463362068965514 0.8644935344827587 0.01831896551724138 0.05441810344827591
0 0.2667025862068966 0.6554418103448276 0.020474137931034475 0.046875
0 0.1966594827586207 0.5230334051724138 0.02801724137931033 0.03313577586206895
0 0.32839439655172414 0.6116648706896552 0.014547413793103425 0.030980603448275912
0 0.6714260057471264 0.6179956896551724 0.027837643678160884 0.03771551724137934
0 0.5507363505747126 0.744073275862069 0.022808908045977017 0.026939655172413812
0 0.6523886494252873 0.3588362068965517 0.024245689655172487 0.023706896551724144
0 0.17151580459770116 0.5339439655172413 0.036278735632183895 0.05657327586206906
0 0.41567887931034486 0.7698006465517242 0.023168103448275856 0.03475215517241381
0 0.4113685344827586 0.8122306034482758 0.016702586206896575 0.03556034482758619
0 0.6524784482758621 0.6457435344827587 0.032327586206896575 0.026939655172413812
0 0.17313218390804597 0.5666756465517242 0.021192528735632182 0.04121767241379304
0 0.3415948275862069 0.6100484913793103 0.017241379310344862 0.03744612068965514
0 0.5115840517241379 0.6962553879310345 0.011314655172413812 0.036368534482758674
0 0.6216774425287357 0.7319504310344828 0.021012931034482762 0.018857758620689724
0 0.32570043103448276 0.7641433189655172 0.021012931034482762 0.029903017241379226
0 0.18148347701149425 0.5833782327586207 0.021731321839080442 0.051993534482758674
0 0.6311063218390804 0.6316002155172413 0.02298850574712641 0.03367456896551724
0 0.6113505747126438 0.7337015086206897 0.01652298850574707 0.025053879310344862
0 0.21443965517241378 0.6404903017241379 0.03125 0.03475215517241381
0 0.6014727011494253 0.6161099137931034 0.021910919540229834 0.024245689655172376
0 0.5577406609195402 0.6534213362068966 0.015265804597701216 0.027747844827586188
0 0.6610093390804598 0.7261584051724137 0.027837643678160884 0.028825431034482762
0 0.7297952586206897 0.6574622844827587 0.02604166666666663 0.04121767241379304
0 0.7603268678160919 0.662176724137931 0.027837643678160884 0.0544181034482758
0 0.7842133620689655 0.6399515086206897 0.015265804597701216 0.03582974137931039
0 0.8178879310344828 0.6126077586206896 0.03951149425287359 0.032327586206896575
0 0.7755926724137931 0.5634428879310345 0.02532327586206895 0.03367456896551724
0 0.8083692528735632 0.5391971982758621 0.025143678160919558 0.03367456896551724
0 0.7866379310344828 0.49393857758620685 0.042744252873563315 0.03636853448275862
0 0.6837284482758621 0.5459321120689655 0.012931034482758563 0.0390625
0 0.6756465517241379 0.8617995689655172 0.03807471264367812 0.040409482758620774
0 0.634069683908046 0.8834859913793103 0.02891522988505746 0.030980603448275912
0 0.5413074712643677 0.8157327586206896 0.018318965517241437 0.03717672413793105
0 0.5208333333333334 0.8099407327586207 0.02155172413793105 0.028286637931034475
0 0.5264906609195402 0.8436153017241379 0.022090517241379226 0.04445043103448276
0 0.5432830459770115 0.8615301724137931 0.028735632183908066 0.05334051724137934
0 0.6014727011494253 0.8946659482758621 0.0193965517241379 0.018318965517241437
