0 0.5971623563218391 0.7157866379310345 0.018318965517241437 0.03340517241379315
0 0.3793103448275862 0.7432650862068966 0.02478448275862072 0.04741379310344829
0 0.6473599137931034 0.7966056034482758 0.021012931034482762 0.032327586206896464
0 0.42016882183908044 0.7700700431034483 0.019935344827586188 0.0309806034482758
0 0.41648706896551724 0.33203125 0.019037356321839116 0.034213362068965525
0 0.3556932471264368 0.7504040948275863 0.026760057471264365 0.04552801724137934
0 0.6317349137931034 0.7904094827586208 0.020653735632183867 0.03286637931034486
0 0.6012033045977012 0.5754310344827587 0.0314295977011495 0.03502155172413801
0 0.6572377873563219 0.6609644396551724 0.020294540229885083 0.029903017241379337
0 0.6077586206896551 0.5161637931034483 0.01795977011494254 0.026400862068965525
0 0.6422413793103448 0.5308459051724138 0.02011494252873558 0.026670258620689724
0 0.28933189655172414 0.2979525862068966 0.02155172413793105 0.03017241379310348
0 0.43785919540229884 0.5691002155172413 0.02837643678160917 0.03529094827586199
0 0.2966954022988506 0.37271012931034486 0.020833333333333315 0.029364224137930994
0 0.4469288793103448 0.31613685344827586 0.017420977011494254 0.03313577586206895
0 0.6413433908045977 0.5792025862068966 0.02011494252873569 0.03286637931034486
0 0.460308908045977 0.5813577586206897 0.021192528735632155 0.03771551724137934
0 0.41208692528735635 0.4870689655172414 0.023886494252873536 0.03286637931034486
0 0.3636853448275862 0.6994881465517242 0.02765804597701149 0.05145474137931039
0 0.5718390804597702 0.6201508620689655 0.03196839080459768 0.032327586206896575
0 0.5726472701149425 0.49622844827586204 0.019935344827586188 0.029633620689655138
0 0.6612787356321839 0.7579471982758621 0.017600574712643646 0.0272090517241379
0 0.5087104885057471 0.6588092672413792 0.02280890804597696 0.03151939655172409
0 0.5938397988505747 0.4890894396551724 0.01921695402298851 0.0272090517241379
0 0.4563577586206896 0.5111799568965517 0.023706896551724144 0.03367456896551729
0 0.49344468390804597 0.525323275862069 0.019935344827586243 0.04741379310344829
0 0.6610991379310345 0.7295258620689655 0.0193965517241379 0.028556034482758674
0 0.3860452586206896 0.5457974137931034 0.019576149425287348 0.0431034482758621
0 0.6727729885057472 0.6823814655172413 0.020474137931034586 0.03340517241379304
0 0.3523706896551724 0.51171875 0.02262931034482757 0.04229525862068967
0 0.2954382183908046 0.46282327586206895 0.021192528735632155 0.03125
0 0.5904274425287357 0.7700700431034483 0.019935344827586188 0.035829741379310276
0 0.5510057471264368 0.6666217672413792 0.02298850574712641 0.03582974137931039
0 0.45339439655172414 0.6058728448275862 0.020294540229885083 0.03125
0 0.4031070402298851 0.5241109913793103 0.035021551724137956 0.03852370689655171
0 0.5792923850574713 0.7354525862068966 0.021731321839080442 0.04094827586206895
0 0.41971982758620685 0.6138200431034483 0.025502873563218398 0.04876077586206895
0 0.5633081896551724 0.6861530172413792 0.02532327586206895 0.04633620689655171
0 0.611260775862069 0.6391433189655172 0.025682471264367845 0.0390625
0 0.43139367816091956 0.5929418103448276 0.024066091954022983 0.03717672413793105
0 0.33755387931034486 0.17658943965517243 0.023168103448275856 0.03582974137931036
0 0.40077227011494254 0.5661368534482759 0.022449712643678177 0.0390625
0 0.6666666666666666 0.8662446120689655 0.01795977011494254 0.04498922413793105
0 0.3554238505747126 0.5513200431034483 0.025502873563218398 0.032596982758620774
0 0.6663074712643677 0.5792025862068966 0.030890804597701105 0.0274784482758621
0 0.6783405172413792 0.7424568965517242 0.017241379310344862 0.02909482758620696
0 0.6383800287356322 0.6263469827586207 0.01706178160919536 0.042025862068965525
0 0.32058189655172414 0.45056573275862066 0.0193965517241379 0.04445043103448271
0 0.6397270114942528 0.6742995689655172 0.017600574712643646 0.030172413793103425
0 0.3068426724137931 0.49407327586206895 0.020294540229885083 0.036099137931034475
0 0.33710488505747127 0.5130657327586207 0.02083333333333337 0.03690732758620685
0 0.3317169540229885 0.4089439655172414 0.02155172413793105 0.032327586206896575
0 0.6514906609195402 0.6186691810344828 0.018139367816091934 0.032058189655172376
0 0.41567887931034486 0.7404364224137931 0.020653735632183923 0.02936422413793105
0 0.6895653735632183 0.8537176724137931 0.02244971264367812 0.03178879310344829
0 0.3441989942528736 0.6826508620689655 0.020653735632183923 0.03717672413793105
0 0.3352191091954023 0.576104525862069 0.022808908045977017 0.0390625
0 0.5903376436781609 0.6225754310344828 0.018318965517241437 0.0431034482758621
0 0.4493534482758621 0.544989224137931 0.026580459770114973 0.03340517241379315
0 0.4536637931034483 0.26400862068965514 0.023706896551724144 0.037176724137930994
0 0.3536278735632184 0.32219827586206895 0.02083333333333337 0.029633620689655193
0 0.38110632183908044 0.4814116379310345 0.02873563218390801 0.039870689655172376
0 0.3349497126436782 0.37567349137931033 0.020474137931034475 0.029903017241379337
0 0.678430316091954 0.8302801724137931 0.0231681034482758 0.03448275862068961
0 0.6244612068965517 0.8200431034482758 0.019037356321839116 0.03286637931034486
0 0.6215876436781609 0.5363685344827587 0.02011494252873558 0.028556034482758563
0 0.47440732758620685 0.4893588362068966 0.026760057471264365 0.040140086206896575
0 0.36458333333333337 0.29377693965517243 0.01831896551724138 0.028825431034482762
0 0.2844827586206896 0.21605603448275862 0.029094827586206906 0.03125
0 0.3051364942528736 0.28057650862068967 0.01975574712643674 0.02936422413793105
0 0.3603627873563219 0.6561153017241379 0.021372126436781602 0.037984913793103425
0 0.3663793103448276 0.4423491379310345 0.03089080459770116 0.03717672413793105
0 0.6753771551724138 0.7960668103448276 0.022808908045977017 0.03125
0 0.31887571839080464 0.3002424568965517 0.01885775862068967 0.02936422413793105
0 0.572198275862069 0.5775862068965517 0.021910919540229834 0.034482758620689724
0 0.47072557471264365 0.5317887931034483 0.026580459770114973 0.04094827586206895
0 0.6585847701149425 0.6931573275862069 0.0193965517241379 0.029633620689655138
0 0.47790948275862066 0.6011584051724138 0.02262931034482757 0.037984913793103425
0 0.34617456896551724 0.6182650862068966 0.02855603448275862 0.03771551724137934
0 0.5341235632183908 0.6519396551724138 0.0237068965517242 0.046875
0 0.3876616379310345 0.49811422413793105 0.02855603448275862 0.02801724137931033
0 0.3770653735632184 0.30940193965517243 0.020294540229885083 0.028286637931034475
0 0.461566091954023 0.29822198275862066 0.026580459770114917 0.03232758620689652
0 0.6344288793103448 0.5503771551724138 0.019576149425287404 0.02532327586206895
0 0.624371408045977 0.7354525862068966 0.021012931034482762 0.042025862068965525
0 0.3819145114942529 0.6628502155172413 0.02532327586206895 0.0390625
0 0.6271551724137931 0.5091594827586207 0.01939655172413801 0.02855603448275862
0 0.3368354885057471 0.4799299568965517 0.019935344827586188 0.029903017241379337
0 0.3933189655172414 0.7013739224137931 0.026221264367816133 0.04876077586206895
0 0.6549030172413793 0.8243534482758621 0.021731321839080442 0.03771551724137934
0 0.5412176724137931 0.7265625 0.021731321839080442 0.0350215517241379
0 0.49883261494252873 0.6186691810344828 0.02891522988505746 0.0546875
0 0.43229166666666663 0.3130387931034483 0.019396551724137956 0.04040948275862066
0 0.6452945402298851 0.7448814655172413 0.02011494252873569 0.03556034482758619
0 0.5093390804597702 0.5261314655172413 0.024784482758620663 0.05334051724137934
0 0.3104346264367816 0.4191810344827586 0.021731321839080442 0.02909482758620685
0 0.2881645114942529 0.2583512931034483 0.02244971264367812 0.03771551724137934
0 0.39709051724137934 0.5987338362068966 0.020833333333333315 0.0272090517241379
0 0.3757183908045977 0.6105872844827587 0.02262931034482757 0.0390625
0 0.4126257183908046 0.29916487068965514 0.022808908045977017 0.03259698275862072
0 0.6359554597701149 0.7099946120689655 0.0193965517241379 0.030441810344827624
0 0.5667205459770115 0.5447198275862069 0.0199353448275863 0.029633620689655138
0 0.35344827586206895 0.15234375 0.01903735632183906 0.050915948275862044
0 0.3667385057471264 0.5796066810344828 0.025143678160919503 0.0509159482758621
0 0.3711386494252874 0.525457974137931 0.017061781609195414 0.028825431034482762
0 0.4419001436781609 0.6233836206896552 0.01598419540229884 0.016163793103448287
0 0.47835847701149425 0.6267510775862069 0.015625 0.020743534482758563
0 0.352191091954023 0.7747844827586208 0.019037356321839116 0.019935344827586188
0 0.5237966954022988 0.49461206896551724 0.029274425287356354 0.0193965517241379
0 0.41864224137931033 0.5511853448275862 0.02227011494252873 0.0387931034482758
0 0.38505747126436785 0.5847252155172413 0.014367816091953978 0.03852370689655171
0 0.29157686781609193 0.1814385775862069 0.02352729885057475 0.04121767241379312
0 0.5085308908045977 0.5674838362068966 0.02711925287356326 0.03960129310344829
0 0.47099497126436785 0.5695043103448276 0.01526580459770116 0.0274784482758621
0 0.36853448275862066 0.4959590517241379 0.011853448275862044 0.036099137931034475
0 0.34922772988505746 0.5870150862068966 0.014547413793103425 0.036099137931034475
0 0.5516343390804598 0.5249191810344828 0.015625 0.042295258620689724
0 0.44082255747126436 0.6963900862068966 0.009159482758620663 0.02909482758620685
0 0.26697198275862066 0.19881465517241378 0.02855603448275862 0.029094827586206906
0 0.4404633620689655 0.7241379310344828 0.01526580459770116 0.0231681034482758
0 0.48886494252873564 0.5634428879310345 0.019037356321839116 0.030441810344827624
0 0.3936781609195402 0.6208243534482758 0.017241379310344862 0.016433189655172487
0 0.533135775862069 0.5532058189655172 0.023527298850574696 0.038523706896551824
0 0.5850395114942528 0.5285560344827587 0.016702586206896464 0.028017241379310387
0 0.2578125 0.21969288793103448 0.028556034482758647 0.021821120689655166
0 0.5207435344827587 0.5827047413793103 0.018857758620689613 0.030711206896551713
0 0.37311422413793105 0.6294450431034483 0.021731321839080442 0.032596982758620774
0 0.5970725574712643 0.5497036637931034 0.025682471264367845 0.0315193965517242
0 0.4354346264367816 0.7424568965517242 0.01921695402298851 0.029633620689655138
0 0.26679238505747127 0.24797952586206898 0.022808908045977017 0.031519396551724144
0 0.5324173850574713 0.5188577586206897 0.022808908045977017 0.02909482758620696
0 0.5499281609195403 0.5603448275862069 0.019755747126436796 0.03340517241379304
0 0.4281609195402299 0.7043372844827587 0.02298850574712641 0.022359913793103536
0 0.5466954022988506 0.5198006465517242 0.006465517241379337 0.030980603448275912
0 0.40373563218390807 0.6364493534482758 0.01831896551724138 0.022898706896551713
0 0.2585308908045977 0.2784213362068966 0.03250718390804594 0.03044181034482757
0 0.5484015804597702 0.5887661637931034 0.019935344827586188 0.03367456896551724
0 0.6075790229885057 0.6056034482758621 0.014367816091954033 0.02532327586206895
0 0.3757183908045977 0.2784213362068966 0.020114942528735635 0.03044181034482757
0 0.4026580459770115 0.6534213362068966 0.017600574712643646 0.020204741379310387
0 0.3950251436781609 0.32179418103448276 0.01598419540229884 0.031519396551724144
0 0.4113685344827586 0.669989224137931 0.022808908045977017 0.025862068965517238
0 0.6176364942528736 0.5676185344827587 0.012571839080459779 0.03717672413793094
0 0.38200431034482757 0.3636853448275862 0.02227011494252873 0.02801724137931033
0 0.6291307471264367 0.5948275862068966 0.01867816091954022 0.04471982758620685
0 0.4240301724137931 0.6689116379310345 0.017600574712643646 0.03717672413793105
0 0.6228448275862069 0.6068157327586208 0.012931034482758563 0.04337284482758619
0 0.37526939655172414 0.38119612068965514 0.021731321839080442 0.038793103448275856
0 0.41172772988505746 0.7017780172413793 0.009877873563218398 0.026400862068965525
0 0.32650862068965514 0.34132543103448276 0.017241379310344807 0.038254310344827624
0 0.44001436781609193 0.6452047413793103 0.012931034482758619 0.02747844827586199
0 0.6491558908045977 0.5491648706896552 0.009877873563218342 0.02559267241379304
0 0.3445581896551724 0.3359375 0.01526580459770116 0.04256465517241381
0 0.6776221264367817 0.6025053879310345 0.017241379310344862 0.02128232758620685
0 0.6620869252873562 0.6030441810344828 0.015984195402298895 0.022359913793103425
0 0.296875 0.32785560344827586 0.02298850574712641 0.0274784482758621
0 0.28304597701149425 0.3639547413793104 0.024066091954022983 0.03448275862068967
0 0.6754669540229885 0.6427801724137931 0.02298850574712641 0.03448275862068961
0 0.5749820402298851 0.6505926724137931 0.026400862068965525 0.026939655172413812
0 0.31483477011494254 0.3857758620689655 0.01903735632183906 0.03448275862068967
0 0.3353987068965517 0.43521012931034486 0.021372126436781602 0.040678879310344807
0 0.5862068965517242 0.6822467672413792 0.018318965517241437 0.030980603448275912
0 0.29400143678160917 0.4275323275862069 0.013290229885057514 0.03771551724137934
0 0.6053340517241379 0.6590786637931034 0.019935344827586188 0.022359913793103425
0 0.5987787356321839 0.6760506465517242 0.012931034482758563 0.025053879310344862
0 0.525323275862069 0.6889816810344828 0.01795977011494254 0.04067887931034475
0 0.5412176724137931 0.6949084051724137 0.014547413793103536 0.028825431034482762
0 0.5730962643678161 0.7091864224137931 0.01939655172413801 0.03205818965517249
0 0.5598958333333333 0.7244073275862069 0.017420977011494254 0.024784482758620663
0 0.5203843390804598 0.7132273706896551 0.015625 0.037984913793103425
0 0.5256824712643677 0.7459590517241379 0.017241379310344862 0.03448275862068961
0 0.5484015804597702 0.7613146551724137 0.02676005747126442 0.03556034482758619
0 0.5680675287356323 0.7439385775862069 0.012571839080459779 0.0234375
0 0.569055316091954 0.7630657327586208 0.01921695402298851 0.023976293103448287
0 0.5976113505747127 0.7521551724137931 0.015265804597701105 0.026400862068965525
0 0.6102729885057472 0.7396282327586208 0.012931034482758563 0.023976293103448287
0 0.6078484195402298 0.7645474137931034 0.008800287356321879 0.030172413793103425
0 0.6205100574712643 0.7693965517241379 0.018318965517241437 0.024245689655172376
0 0.6398168103448276 0.7665678879310345 0.01778017241379304 0.022898706896551713
0 0.6108117816091954 0.798895474137931 0.01652298850574707 0.03475215517241381
0 0.6129669540229885 0.6949084051724137 0.013649425287356243 0.028825431034482762
0 0.626885775862069 0.6910021551724138 0.015625 0.0274784482758621
0 0.6311961206896551 0.6644665948275862 0.016702586206896575 0.032058189655172376
0 0.6935165229885057 0.7671066810344828 0.028196839080459668 0.034213362068965525
0 0.6833692528735632 0.7874461206896551 0.025502873563218342 0.0350215517241379
0 0.6954022988505748 0.7198275862068966 0.019755747126436796 0.03125
0 0.6951329022988506 0.7458243534482758 0.020294540229885083 0.03205818965517249
0 0.677801724137931 0.7109375 0.02298850574712641 0.028556034482758674
0 0.6886673850574712 0.6880387931034483 0.010237068965517238 0.02532327586206895
0 0.6522090517241379 0.7126885775862069 0.014547413793103425 0.023976293103448287
0 0.5204741379310345 0.7819234913793104 0.01867816091954022 0.040140086206896575
0 0.5307112068965518 0.8022629310344828 0.01867816091954022 0.047413793103448176
0 0.5091594827586208 0.818426724137931 0.011494252873563204 0.028017241379310276
0 0.5224497126436782 0.8801185344827587 0.018318965517241437 0.04525862068965514
0 0.5087104885057472 0.8626077586206897 0.009159482758620663 0.03771551724137934
