0 0.4570761494252874 0.49299568965517243 0.02801724137931033 0.04849137931034486
0 0.5674389367816092 0.5268049568965517 0.020294540229885083 0.029903017241379226
0 0.5871048850574713 0.3907596982758621 0.026221264367816133 0.03852370689655177
0 0.3843390804597701 0.48976293103448276 0.025862068965517238 0.04633620689655177
0 0.2899604885057471 0.8131734913793103 0.021731321839080442 0.028825431034482762
0 0.33827227011494254 0.18763469827586207 0.017420977011494254 0.02667025862068967
0 0.5471443965517242 0.40261314655172414 0.028556034482758563 0.03582974137931039
0 0.6143139367816093 0.5463362068965517 0.029274425287356354 0.037715517241379226
0 0.5821659482758621 0.4480064655172414 0.02244971264367812 0.03125
0 0.38038793103448276 0.5246497844827587 0.024066091954022983 0.03259698275862066
0 0.5498383620689655 0.5344827586206896 0.02388649425287359 0.036099137931034475
0 0.5518139367816092 0.4963631465517241 0.024964080459770166 0.039062499999999944
0 0.5769576149425287 0.611260775862069 0.022808908045977017 0.03340517241379315
0 0.5682471264367817 0.6578663793103448 0.019037356321839005 0.03340517241379304
0 0.31438577586206895 0.49838362068965514 0.019576149425287348 0.027478448275862044
0 0.5522629310344828 0.43494073275862066 0.02298850574712641 0.025592672413793094
0 0.33459051724137934 0.787176724137931 0.026580459770114973 0.030711206896551713
0 0.6046156609195402 0.6142241379310345 0.027837643678160884 0.04849137931034475
0 0.35775862068965514 0.10344827586206896 0.02191091954022989 0.03232758620689655
0 0.4092133620689655 0.50390625 0.02891522988505746 0.05792025862068967
0 0.2743354885057471 0.6411637931034483 0.026400862068965525 0.036099137931034475
0 0.3151939655172414 0.9426185344827587 0.023347701149425304 0.04094827586206906
0 0.4295079022988506 0.12594288793103448 0.025323275862069006 0.030980603448275856
0 0.5420258620689655 0.5921336206896551 0.024066091954022983 0.0274784482758621
0 0.34967672413793105 0.4384428879310345 0.025862068965517238 0.0428340517241379
0 0.5116738505747126 0.5641163793103449 0.02155172413793105 0.036099137931034475
0 0.5103268678160919 0.6955818965517242 0.01921695402298851 0.030711206896551713
0 0.36943247126436785 0.44679418103448276 0.026221264367816077 0.03582974137931039
0 0.2598778735632184 0.7551185344827587 0.022988505747126436 0.03340517241379304
0 0.3084590517241379 0.6910021551724138 0.019935344827586243 0.028556034482758674
0 0.5326867816091954 0.6193426724137931 0.02442528735632188 0.03933189655172409
0 0.3558728448275862 0.8096713362068966 0.021372126436781602 0.03744612068965514
0 0.5494791666666667 0.6411637931034483 0.024964080459770055 0.03717672413793105
0 0.552801724137931 0.4597252155172414 0.03196839080459768 0.03367456896551724
0 0.33782327586206895 0.4900323275862069 0.02478448275862072 0.04256465517241381
0 0.5261314655172413 0.48599137931034486 0.03178879310344829 0.04202586206896558
0 0.5749820402298851 0.5678879310344828 0.02532327586206895 0.051724137931034475
0 0.29885057471264365 0.6286368534482758 0.022988505747126464 0.04121767241379304
0 0.2963362068965517 0.26872306034482757 0.021192528735632155 0.034213362068965525
0 0.27604166666666663 0.6802262931034483 0.025502873563218398 0.038254310344827624
0 0.6066810344827587 0.4621497844827586 0.024066091954023094 0.03151939655172409
0 0.34141522988505746 0.7561961206896552 0.02262931034482757 0.03394396551724144
0 0.6175466954022988 0.5070043103448276 0.027119252873563204 0.04202586206896558
0 0.48204022988505746 0.43036099137931033 0.02801724137931033 0.037984913793103425
0 0.32282686781609193 0.7427262931034482 0.021372126436781602 0.030711206896551713
0 0.49802442528735635 0.2537715517241379 0.019037356321839116 0.029094827586206906
0 0.4765625 0.39453125 0.021731321839080442 0.034213362068965525
0 0.36179956896551724 0.8584321120689655 0.019576149425287404 0.0390625
0 0.43507543103448276 0.08714978448275862 0.02388649425287359 0.030980603448275856
0 0.3052262931034483 0.8331088362068966 0.022808908045977017 0.0309806034482758
0 0.5940193965517242 0.4892241379310345 0.024245689655172487 0.032327586206896575
0 0.4686602011494253 0.2684536637931034 0.020294540229885027 0.03205818965517243
0 0.4801544540229885 0.7432650862068966 0.029633620689655138 0.039870689655172376
0 0.3723060344827586 0.18265086206896552 0.02155172413793105 0.03394396551724138
0 0.33611709770114945 0.7186153017241379 0.02819683908045978 0.030980603448275912
0 0.34132543103448276 0.5379849137931034 0.021372126436781602 0.032327586206896575
0 0.36593031609195403 0.3785021551724138 0.02460488505747127 0.039331896551724144
0 0.46542744252873564 0.541082974137931 0.027119252873563204 0.04822198275862066
0 0.3162715517241379 0.8518318965517242 0.01975574712643674 0.030711206896551713
0 0.2738864942528736 0.5708512931034482 0.022988505747126464 0.03178879310344829
0 0.49676724137931033 0.39924568965517243 0.022629310344827513 0.03556034482758619
0 0.6176364942528736 0.6522090517241379 0.025862068965517238 0.039870689655172376
0 0.48051364942528735 0.4718480603448276 0.029274425287356354 0.04175646551724138
0 0.47054597701149425 0.7904094827586207 0.022629310344827624 0.044181034482758674
0 0.36602011494252873 0.5750269396551724 0.01831896551724138 0.03205818965517249
0 0.3009159482758621 0.5871497844827587 0.023886494252873536 0.03529094827586199
0 0.3109734195402299 0.9038254310344828 0.01921695402298851 0.030711206896551824
0 0.514996408045977 0.6495150862068966 0.027837643678160884 0.042025862068965525
0 0.5362787356321839 0.5637122844827587 0.024784482758620663 0.04660560344827591
0 0.32677801724137934 0.6547683189655173 0.021731321839080497 0.028825431034482762
0 0.4510596264367816 0.7720905172413793 0.018139367816091934 0.036099137931034475
0 0.540948275862069 0.7796336206896551 0.030890804597701216 0.042025862068965525
0 0.26679238505747127 0.5362338362068966 0.02244971264367812 0.03367456896551724
0 0.5868354885057472 0.6575969827586207 0.023168103448275912 0.036099137931034475
0 0.4149604885057471 0.4015355603448276 0.023527298850574696 0.04014008620689652
0 0.3740122126436782 0.8323006465517241 0.021731321839080442 0.028286637931034475
0 0.305316091954023 0.7731681034482758 0.024066091954022983 0.03987068965517249
0 0.5106860632183908 0.5218211206896552 0.02568247126436779 0.04256465517241381
0 0.4686602011494253 0.6065463362068966 0.022449712643678177 0.03475215517241381
0 0.3566810344827586 0.8978987068965517 0.021192528735632155 0.032327586206896575
0 0.31061422413793105 0.055630387931034475 0.02209051724137928 0.035290948275862065
0 0.4404633620689655 0.26144935344827586 0.02532327586206895 0.03313577586206895
0 0.4411817528735632 0.5751616379310345 0.02424568965517243 0.0387931034482758
0 0.5211027298850575 0.7517510775862069 0.026400862068965525 0.03475215517241381
0 0.45896192528735635 0.6338900862068966 0.02496408045977011 0.0387931034482758
0 0.4588721264367816 0.8220635775862069 0.022629310344827624 0.03151939655172409
0 0.49299568965517243 0.6421066810344828 0.02442528735632188 0.04498922413793105
0 0.5298132183908046 0.4422144396551724 0.021192528735632155 0.03205818965517243
0 0.2805316091954023 0.4735991379310345 0.020833333333333315 0.02855603448275862
0 0.31743893678160917 0.8801185344827587 0.018498563218390773 0.026400862068965414
0 0.4889547413793104 0.7063577586206897 0.025323275862069006 0.03394396551724144
0 0.34375 0.6787446120689655 0.02227011494252873 0.030441810344827624
0 0.3410560344827586 0.8798491379310345 0.021910919540229834 0.028017241379310276
0 0.30352011494252873 0.47723599137931033 0.020474137931034475 0.02936422413793105
0 0.43974497126436785 0.3681303879310345 0.02496408045977011 0.03367456896551724
0 0.34608477011494254 0.40827047413793105 0.030172413793103425 0.03636853448275862
0 0.5959949712643677 0.5823006465517242 0.02604166666666663 0.04337284482758619
0 0.37616738505747127 0.1441271551724138 0.019935344827586188 0.03071120689655174
0 0.6283225574712643 0.5914601293103448 0.02676005747126442 0.05037715517241381
0 0.46426005747126436 0.2404364224137931 0.02155172413793105 0.029364224137931022
0 0.3037895114942529 0.8634159482758621 0.018857758620689613 0.02909482758620685
0 0.5915948275862069 0.5262661637931034 0.026939655172413812 0.0390625
0 0.4119971264367816 0.4300915948275862 0.024066091954022983 0.02451508620689652
0 0.5259518678160919 0.3766163793103448 0.027119252873563204 0.03663793103448276
0 0.6563397988505747 0.6043911637931034 0.0274784482758621 0.0509159482758621
0 0.43714080459770116 0.4645743534482759 0.028735632183908066 0.03636853448275862
0 0.34967672413793105 0.6547683189655172 0.02227011494252873 0.039601293103448176
0 0.3295617816091954 0.8278556034482758 0.021192528735632155 0.029633620689655138
0 0.27110272988505746 0.8057650862068966 0.017061781609195414 0.028556034482758674
0 0.36063218390804597 0.7347790948275863 0.02155172413793105 0.03475215517241381
0 0.5575610632183908 0.6069504310344828 0.020653735632183867 0.03286637931034475
0 0.3317169540229885 0.6185344827586207 0.023706896551724088 0.033943965517241326
0 0.47000718390804597 0.6997575431034483 0.026221264367816077 0.03690732758620685
0 0.4683010057471264 0.6651400862068966 0.02711925287356326 0.03178879310344829
0 0.5955459770114943 0.6915409482758621 0.025143678160919558 0.03933189655172409
0 0.4208872126436781 0.11260775862068965 0.022449712643678177 0.029633620689655166
0 0.45195761494252873 0.4181034482758621 0.025682471264367845 0.03771551724137928
0 0.4959590517241379 0.6019665948275862 0.02640086206896547 0.037984913793103425
0 0.5736350574712643 0.5017510775862069 0.02011494252873558 0.028825431034482762
0 0.4952406609195402 0.7665678879310345 0.02676005747126431 0.0503771551724137
0 0.436871408045977 0.4035560344827586 0.024245689655172376 0.03879310344827591
0 0.34195402298850575 0.8523706896551724 0.02083333333333337 0.02909482758620696
0 0.2922054597701149 0.5414870689655172 0.025143678160919503 0.02963362068965525
0 0.4914691091954023 0.5550915948275863 0.0274784482758621 0.04929956896551724
0 0.28573994252873564 0.06586745689655173 0.02155172413793105 0.02936422413793103
0 0.4682112068965517 0.5730064655172413 0.02227011494252873 0.03178879310344829
0 0.6372126436781609 0.6254040948275862 0.020474137931034475 0.0272090517241379
0 0.2764008620689655 0.8445581896551724 0.024066091954022983 0.03394396551724144
0 0.2989403735632184 0.7374730603448276 0.02604166666666663 0.03367456896551724
0 0.4822198275862069 0.25228987068965514 0.01867816091954022 0.030980603448275856
0 0.44665948275862066 0.29445043103448276 0.019396551724137956 0.032327586206896575
0 0.3168103448275862 0.5658674568965518 0.01903735632183906 0.028825431034482762
0 0.2567349137931034 0.6590786637931034 0.020653735632183923 0.0309806034482758
0 0.3657507183908046 0.4880118534482759 0.022808908045977017 0.04175646551724138
0 0.572198275862069 0.4224137931034483 0.024425287356321768 0.03448275862068967
0 0.3125897988505747 0.7132273706896552 0.01885775862068967 0.029903017241379337
0 0.33135775862068967 0.9221443965517242 0.02155172413793105 0.04364224137931039
0 0.5094288793103449 0.4327855603448276 0.02424568965517243 0.037446120689655193
0 0.4288793103448276 0.44760237068965514 0.022988505747126464 0.03259698275862072
0 0.45429238505747127 0.5269396551724137 0.029992816091954033 0.016163793103448287
0 0.26894755747126436 0.5013469827586207 0.01778017241379315 0.04202586206896547
0 0.3240840517241379 0.09617456896551724 0.020653735632183923 0.028017241379310345
0 0.47108477011494254 0.3076508620689655 0.023347701149425304 0.042025862068965525
0 0.3283045977011494 0.25 0.021551724137930994 0.029633620689655166
0 0.4666846264367816 0.33459051724137934 0.01921695402298851 0.037176724137930994
0 0.4214260057471264 0.4911099137931034 0.01526580459770116 0.03825431034482757
0 0.2522449712643678 0.4997306034482759 0.02209051724137931 0.03017241379310348
0 0.26751077586206895 0.11449353448275862 0.03466235632183906 0.03232758620689656
0 0.2939116379310345 0.07650862068965517 0.025682471264367845 0.025323275862068964
0 0.4406429597701149 0.5321928879310345 0.017780172413793094 0.0196659482758621
0 0.4177442528735632 0.08741918103448276 0.020474137931034475 0.028825431034482762
0 0.4432471264367816 0.5495689655172413 0.017241379310344862 0.016163793103448287
0 0.2476652298850575 0.5304418103448276 0.020114942528735635 0.030172413793103425
0 0.5308010057471264 0.5154903017241379 0.018139367816091934 0.015355603448275912
0 0.43552442528735635 0.3118265086206896 0.02262931034482757 0.030980603448275856
0 0.27846623563218387 0.08849676724137931 0.02209051724137928 0.03798491379310345
0 0.5259518678160919 0.5365032327586208 0.014547413793103425 0.028825431034482762
0 0.3355783045977011 0.44383081896551724 0.011673850574712652 0.03636853448275862
0 0.32291666666666663 0.47885237068965514 0.020114942528735635 0.02235991379310348
0 0.5997665229885057 0.4370959051724138 0.01778017241379315 0.02613146551724138
0 0.382183908045977 0.018992456896551723 0.029094827586206906 0.037984913793103446
0 0.5130208333333333 0.25457974137931033 0.021012931034482762 0.028556034482758647
0 0.3007363505747126 0.5172413793103448 0.017780172413793094 0.016163793103448287
0 0.5254130747126436 0.669989224137931 0.024245689655172376 0.02532327586206895
0 0.4901221264367816 0.27734375 0.02011494252873558 0.022359913793103425
0 0.2660739942528736 0.6027747844827587 0.017780172413793094 0.028825431034482762
0 0.3582974137931034 0.020743534482758622 0.020474137931034475 0.03879310344827586
0 0.5573814655172413 0.5750269396551724 0.011314655172413812 0.03151939655172409
0 0.2534123563218391 0.5856681034482758 0.015804597701149448 0.03933189655172409
0 0.4998204022988506 0.6804956896551724 0.022988505747126464 0.030711206896551713
0 0.3117816091954023 0.5375808189655172 0.015445402298850552 0.0315193965517242
0 0.5744432471264368 0.6322737068965517 0.024964080459770166 0.0231681034482758
0 0.33728448275862066 0.016567887931034482 0.021551724137930994 0.033135775862068964
0 0.31591235632183906 0.01293103448275862 0.029454022988505746 0.02586206896551724
0 0.4442349137931034 0.6223060344827587 0.01921695402298851 0.03933189655172409
0 0.2357219827586207 0.611395474137931 0.022449712643678177 0.035829741379310276
0 0.22557471264367818 0.6433189655172413 0.030531609195402293 0.032327586206896464
0 0.2771192528735632 0.1431842672413793 0.03125 0.03367456896551724
0 0.43866738505747127 0.5035021551724138 0.01598419540229884 0.03394396551724138
0 0.42519755747126436 0.5335398706896552 0.014188218390804641 0.028825431034482762
0 0.26023706896551724 0.20191271551724138 0.02298850574712641 0.031519396551724144
0 0.28151939655172414 0.6084321120689655 0.013110632183908066 0.028825431034482762
0 0.2918462643678161 0.19814116379310345 0.023347701149425304 0.03367456896551724
0 0.32067169540229884 0.5990032327586208 0.01634339080459768 0.026670258620689613
0 0.3315373563218391 0.5902478448275862 0.01221264367816094 0.0274784482758621
0 0.33144755747126436 0.16473599137931033 0.02388649425287359 0.028825431034482735
0 0.2974137931034483 0.5625 0.01867816091954022 0.02101293103448265
0 0.2457794540229885 0.23343211206896552 0.030352011494252845 0.028825431034482762
0 0.22332974137931033 0.2543103448275862 0.028556034482758647 0.02801724137931036
0 0.3411458333333333 0.5769127155172413 0.021012931034482762 0.03852370689655171
0 0.3358477011494253 0.5203394396551724 0.024425287356321823 0.023976293103448287
0 0.25583692528735635 0.3041487068965517 0.027119252873563232 0.032327586206896575
0 0.3591954022988506 0.6206896551724138 0.024425287356321823 0.028017241379310276
0 0.25951867816091956 0.40463362068965514 0.020474137931034503 0.025323275862069006
0 0.36907327586206895 0.6088362068965518 0.014008620689655193 0.026939655172413812
0 0.3147449712643678 0.6169181034482758 0.012033045977011492 0.018857758620689613
0 0.31501436781609193 0.6435883620689655 0.01831896551724138 0.046875
0 0.30585488505747127 0.6625808189655173 0.01867816091954022 0.028825431034482762
0 0.2901400862068966 0.6689116379310345 0.01454741379310348 0.0274784482758621
0 0.2932830459770115 0.6883081896551724 0.012212643678160884 0.032327586206896575
0 0.3243534482758621 0.6800915948275863 0.017241379310344807 0.019127155172413812
0 0.33207614942528735 0.6965247844827587 0.01867816091954022 0.01966594827586199
0 0.3693426724137931 0.7808459051724137 0.01634339080459768 0.03367456896551724
0 0.35389727011494254 0.7741109913793104 0.014547413793103425 0.024515086206896575
0 0.31285919540229884 0.8033405172413792 0.01867816091954022 0.028017241379310387
0 0.2863685344827586 0.7889278017241379 0.01634339080459768 0.026131465517241437
0 0.28107040229885055 0.7759967672413792 0.020474137931034475 0.026670258620689613
0 0.25646551724137934 0.7913523706896551 0.022988505747126436 0.037984913793103425
0 0.28735632183908044 0.8588362068965517 0.015445402298850552 0.02963362068965525
0 0.3793103448275862 0.8557381465517242 0.015804597701149448 0.024515086206896464
0 0.3671875 0.875 0.019576149425287404 0.028017241379310276
0 0.3765265804597701 0.8052262931034483 0.01490660919540232 0.030172413793103425
0 0.3322557471264368 0.8096713362068966 0.024784482758620663 0.012661637931034475
0 0.36081178160919536 0.7556573275862069 0.020114942528735635 0.014008620689655138
0 0.3759877873563218 0.7436691810344828 0.013110632183908066 0.042295258620689724
0 0.45285560344827586 0.8644935344827587 0.010237068965517238 0.047952586206896464
0 0.4691989942528736 0.8293372844827587 0.010237068965517293 0.02936422413793094
0 0.6166487068965517 0.6796875 0.019576149425287293 0.028017241379310276
0 0.6711566091954023 0.5961745689655172 0.018318965517241326 0.0393318965517242
0 0.5803699712643678 0.47817887931034486 0.02388649425287359 0.025323275862069006
0 0.5025143678160919 0.4916487068965517 0.014008620689655193 0.0350215517241379
0 0.483746408045977 0.5063308189655172 0.019576149425287348 0.018049568965517293
