0 0.7935524425287357 0.36584051724137934 0.03178879310344829 0.033405172413793094
0 0.6311063218390804 0.6223060344827587 0.017241379310344862 0.03933189655172409
0 0.6065014367816092 0.6019665948275863 0.02155172413793105 0.03259698275862066
0 0.33315373563218387 0.3983028017241379 0.03089080459770116 0.04175646551724138
0 0.7346443965517242 0.4947467672413793 0.02604166666666663 0.03852370689655171
0 0.49173850574712646 0.44113685344827586 0.028017241379310387 0.06438577586206895
0 0.48958333333333337 0.6693157327586207 0.03376436781609199 0.04876077586206895
0 0.49604885057471265 0.6272898706896552 0.025502873563218453 0.04175646551724144
0 0.47790948275862066 0.3432112068965517 0.026580459770114973 0.026400862068965525
0 0.6162895114942528 0.30239762931034486 0.02747844827586199 0.03582974137931033
0 0.4105603448275862 0.4097521551724138 0.026221264367816077 0.036099137931034475
0 0.5420258620689655 0.25942887931034486 0.028017241379310276 0.03448275862068967
0 0.39403735632183906 0.6232489224137931 0.029454022988505746 0.05037715517241381
0 0.6306573275862069 0.24420797413793105 0.02747844827586199 0.02936422413793105
0 0.728448275862069 0.2404364224137931 0.025143678160919558 0.03636853448275865
0 0.45132902298850575 0.7068965517241379 0.028017241379310387 0.04256465517241381
0 0.7231501436781609 0.5056573275862069 0.01921695402298851 0.03232758620689652
0 0.6671156609195403 0.48989762931034486 0.021012931034482762 0.030441810344827624
0 0.4295977011494253 0.3282596982758621 0.024425287356321823 0.041217672413793094
0 0.45707614942528735 0.6466864224137931 0.03053160919540232 0.04606681034482751
0 0.3820941091954023 0.46066810344827586 0.033584770114942486 0.04364224137931039
0 0.4772808908045977 0.48855064655172414 0.030352011494252873 0.03960129310344829
0 0.7653556034482758 0.3667834051724138 0.021731321839080553 0.02936422413793105
0 0.36503232758620685 0.40261314655172414 0.030352011494252873 0.037984913793103425
0 0.6669360632183907 0.31452047413793105 0.021012931034482762 0.04229525862068967
0 0.36835488505747127 0.5435075431034483 0.029813218390804586 0.0428340517241379
0 0.4542025862068966 0.21969288793103448 0.024066091954022983 0.03367456896551724
0 0.40229885057471265 0.5843211206896551 0.021192528735632155 0.032327586206896575
0 0.38092672413793105 0.6753771551724137 0.02765804597701149 0.04525862068965514
0 0.5633979885057472 0.4307650862068966 0.033764367816092045 0.052801724137930994
0 0.697198275862069 0.658135775862069 0.024066091954022983 0.03717672413793105
0 0.41073994252873564 0.3595096982758621 0.027298850574712596 0.053071120689655193
0 0.6763649425287357 0.6200161637931034 0.023347701149425304 0.040140086206896575
0 0.44333692528735635 0.5503771551724137 0.029274425287356298 0.04040948275862066
0 0.7678699712643678 0.3081896551724138 0.022808908045977017 0.03178879310344829
0 0.7239583333333334 0.5284213362068966 0.030172413793103425 0.028286637931034475
0 0.6109913793103448 0.49097521551724144 0.02083333333333337 0.027209051724137956
0 0.4923670977011494 0.7099946120689655 0.020294540229885027 0.030441810344827624
0 0.6002155172413793 0.4431573275862069 0.025143678160919558 0.03771551724137934
0 0.6313757183908046 0.3316271551724138 0.024245689655172487 0.03394396551724138
0 0.43947557471264365 0.3992456896551724 0.028376436781609227 0.05549568965517243
0 0.6560704022988506 0.3510237068965517 0.025143678160919558 0.04364224137931033
0 0.7567349137931034 0.3343211206896552 0.024245689655172376 0.042025862068965525
0 0.6359554597701149 0.4771012931034483 0.023347701149425304 0.04148706896551724
0 0.5099676724137931 0.3666487068965517 0.025682471264367845 0.04418103448275862
0 0.5097880747126436 0.4222790948275862 0.021372126436781602 0.04768318965517243
0 0.6916307471264368 0.3817349137931034 0.02765804597701149 0.036099137931034475
0 0.514367816091954 0.46686422413793105 0.022629310344827624 0.032866379310344807
0 0.3362966954022989 0.49043642241379315 0.029633620689655193 0.048760775862069006
0 0.5184985632183907 0.2979525862068966 0.026939655172413812 0.03771551724137928
0 0.6662176724137931 0.4151400862068966 0.021731321839080442 0.035021551724137956
0 0.45599856321839083 0.3212553879310345 0.02801724137931033 0.0390625
0 0.6121587643678161 0.34523168103448276 0.020653735632183978 0.03367456896551724
0 0.8028915229885057 0.47238685344827586 0.016702586206896575 0.02936422413793105
0 0.3865840517241379 0.5339439655172413 0.018498563218390773 0.03717672413793094
0 0.7736170977011494 0.4500269396551724 0.020653735632183867 0.05145474137931033
0 0.5524425287356323 0.3331088362068966 0.021192528735632155 0.0390625
0 0.4372306034482759 0.46268857758620685 0.02496408045977011 0.04175646551724138
0 0.35192169540229884 0.4408674568965517 0.0274784482758621 0.04175646551724138
0 0.7632004310344828 0.39655172413793105 0.02388649425287359 0.032327586206896575
0 0.6741199712643678 0.6593480603448276 0.02388649425287359 0.0428340517241379
0 0.7876257183908046 0.4151400862068966 0.021012931034482762 0.03394396551724138
0 0.509698275862069 0.5991379310344828 0.021910919540229834 0.034482758620689724
0 0.6905531609195402 0.47130926724137934 0.02298850574712641 0.04606681034482757
0 0.3992456896551724 0.4889547413793104 0.026580459770114973 0.05172413793103453
0 0.3793103448275862 0.28704202586206895 0.023347701149425304 0.03044181034482757
0 0.6031788793103448 0.23248922413793105 0.02604166666666663 0.030172413793103453
0 0.5913254310344828 0.49636314655172414 0.020653735632183867 0.03582974137931039
0 0.47889727011494254 0.3079202586206896 0.022449712643678177 0.038793103448275856
0 0.7184806034482758 0.3787715517241379 0.023168103448275912 0.033405172413793094
0 0.6170977011494253 0.46228448275862066 0.027298850574712707 0.04148706896551729
0 0.5546875 0.29040948275862066 0.02891522988505746 0.039331896551724144
0 0.3714080459770115 0.3126346982758621 0.024784482758620663 0.03259698275862072
0 0.787805316091954 0.3246228448275862 0.02604166666666674 0.03394396551724138
0 0.6678340517241379 0.45447198275862066 0.02460488505747127 0.045258620689655193
0 0.6662176724137931 0.38523706896551724 0.017420977011494254 0.026400862068965525
0 0.4208872126436781 0.6363146551724137 0.029274425287356298 0.05118534482758619
0 0.45294540229885055 0.5173760775862069 0.029454022988505746 0.05037715517241381
0 0.6443067528735632 0.6553071120689655 0.0274784482758621 0.034213362068965525
0 0.7421875 0.375 0.02532327586206895 0.03556034482758619
0 0.4563577586206896 0.2509428879310345 0.02191091954022989 0.028286637931034475
0 0.6644216954022988 0.23868534482758622 0.024245689655172487 0.045258620689655193
0 0.6563397988505747 0.2901400862068966 0.02532327586206895 0.035021551724137956
0 0.6026400862068966 0.27033943965517243 0.0231681034482758 0.03475215517241381
0 0.6877693965517242 0.34698275862068967 0.023168103448275912 0.03178879310344829
0 0.6980962643678161 0.31573275862068967 0.025502873563218453 0.03556034482758619
0 0.44989224137931033 0.36072198275862066 0.025862068965517238 0.039331896551724144
0 0.7856501436781609 0.4664601293103448 0.022090517241379337 0.05414870689655171
0 0.689385775862069 0.2551185344827586 0.020294540229885083 0.032327586206896575
0 0.6487068965517241 0.3824084051724138 0.020474137931034475 0.02936422413793105
0 0.6420617816091954 0.2622575431034483 0.02837643678160917 0.03690732758620688
0 0.6806752873563219 0.2855603448275862 0.02155172413793105 0.03125
0 0.6133261494252873 0.6500538793103449 0.01939655172413801 0.04094827586206895
0 0.461566091954023 0.4542025862068966 0.028735632183908066 0.042025862068965525
0 0.7153376436781609 0.4146012931034483 0.019037356321839116 0.03825431034482757
0 0.39960488505747127 0.2618534482758621 0.03089080459770116 0.033405172413793094
0 0.7195581896551724 0.3208512931034483 0.021731321839080442 0.032866379310344807
0 0.31752873563218387 0.46511314655172414 0.03160919540229884 0.04552801724137934
0 0.6021012931034483 0.38146551724137934 0.02388649425287359 0.037176724137930994
0 0.41594827586206895 0.5471443965517242 0.024425287356321823 0.04525862068965514
0 0.4604885057471264 0.564385775862069 0.018678160919540276 0.03556034482758619
0 0.5655531609195402 0.2561961206896552 0.02083333333333326 0.031788793103448315
0 0.7017780172413793 0.2843480603448276 0.021731321839080442 0.03259698275862072
0 0.41262571839080464 0.6709321120689655 0.03214798850574713 0.042295258620689724
0 0.7111170977011494 0.4709051724137931 0.02388649425287359 0.0350215517241379
0 0.703125 0.5759698275862069 0.023347701149425193 0.04849137931034486
0 0.5660021551724138 0.31115301724137934 0.027837643678160884 0.04795258620689652
0 0.8002873563218391 0.3993803879310345 0.033764367816091934 0.03744612068965514
0 0.3715876436781609 0.5894396551724138 0.03556034482758624 0.0506465517241379
0 0.59375 0.3231411637931034 0.024066091954022983 0.04445043103448276
0 0.7142600574712643 0.34738685344827586 0.020474137931034586 0.0272090517241379
0 0.7281788793103449 0.5827047413793104 0.02532327586206895 0.042025862068965525
0 0.5248742816091954 0.4333243534482759 0.03035201149425293 0.052532327586206906
0 0.6241020114942528 0.5460668103448276 0.022629310344827513 0.03448275862068961
0 0.6073994252873562 0.5634428879310345 0.02011494252873558 0.04498922413793105
0 0.7332974137931034 0.4080010775862069 0.02227011494252873 0.03852370689655171
0 0.6936961206896551 0.5352909482758621 0.024245689655172376 0.039870689655172376
0 0.48572198275862066 0.5884967672413793 0.02711925287356326 0.037984913793103425
0 0.725305316091954 0.6597521551724137 0.030352011494252817 0.03286637931034486
0 0.6232040229885057 0.5138739224137931 0.02011494252873569 0.03205818965517243
0 0.34141522988505746 0.5249191810344827 0.024784482758620663 0.028825431034482762
0 0.47772988505747127 0.5537446120689655 0.022629310344827624 0.0347521551724137
0 0.5236170977011494 0.32947198275862066 0.03035201149425293 0.04256465517241376
0 0.4775502873563219 0.37742456896551724 0.02262931034482757 0.039331896551724144
0 0.7694863505747127 0.4959590517241379 0.021012931034482762 0.033405172413793094
0 0.8274066091954023 0.48801185344827586 0.027298850574712707 0.05037715517241381
0 0.4330100574712644 0.19921875 0.023706896551724144 0.047144396551724144
0 0.6160201149425287 0.4190463362068966 0.024066091954022983 0.03044181034482757
0 0.7945402298850575 0.5005387931034483 0.02011494252873569 0.0350215517241379
0 0.5809087643678161 0.4024784482758621 0.03035201149425293 0.04418103448275862
0 0.42429956896551724 0.5105064655172413 0.025682471264367845 0.04525862068965514
0 0.655621408045977 0.6408943965517242 0.021012931034482762 0.03394396551724144
0 0.6967492816091954 0.4230872844827586 0.02244971264367812 0.05307112068965514
0 0.5152658045977012 0.5612877155172413 0.023706896551724088 0.04175646551724144
0 0.6619073275862069 0.6068157327586208 0.01921695402298851 0.03151939655172409
0 0.4734195402298851 0.7120150862068966 0.023706896551724144 0.0544181034482758
0 0.7381465517241379 0.45891702586206895 0.025862068965517238 0.03205818965517243
0 0.38882902298850575 0.42268318965517243 0.026221264367816133 0.03663793103448276
0 0.6446659482758621 0.5875538793103449 0.024964080459770055 0.03125
0 0.3687140804597701 0.3589709051724138 0.02765804597701149 0.04014008620689652
0 0.6454741379310345 0.4195851293103448 0.02298850574712641 0.04445043103448276
0 0.4207974137931034 0.4461206896551724 0.024425287356321823 0.03825431034482757
0 0.4611170977011494 0.38254310344827586 0.020294540229885027 0.03556034482758619
0 0.6509518678160919 0.5030980603448276 0.019935344827586188 0.04391163793103453
0 0.43139367816091956 0.5913254310344828 0.028376436781609227 0.055495689655172376
0 0.7471264367816092 0.42834051724137934 0.03125 0.04148706896551729
0 0.3676364942528736 0.49542025862068967 0.029094827586206906 0.05334051724137934
0 0.5733656609195402 0.3588362068965517 0.028556034482758674 0.04418103448275862
0 0.6210488505747127 0.5953663793103448 0.02227011494252873 0.03448275862068961
0 0.6441271551724138 0.6166487068965518 0.018857758620689724 0.030711206896551713
0 0.8260596264367817 0.44665948275862066 0.02747844827586199 0.033405172413793094
0 0.6500538793103448 0.560479525862069 0.02604166666666663 0.0352909482758621
0 0.7394935344827587 0.29929956896551724 0.026400862068965414 0.030711206896551713
0 0.8010955459770115 0.4418103448275862 0.023527298850574807 0.03987068965517243
0 0.6792385057471264 0.22696659482758622 0.019755747126436796 0.036907327586206906
0 0.540319683908046 0.4067887931034483 0.02532327586206895 0.039331896551724144
0 0.4376795977011494 0.2640086206896552 0.02334770114942525 0.029633620689655166
0 0.6980064655172413 0.6782058189655172 0.026400862068965414 0.026131465517241326
0 0.6241020114942528 0.5697737068965517 0.01939655172413801 0.028017241379310276
0 0.5919540229885057 0.4189116379310345 0.01724137931034475 0.030711206896551713
0 0.38775143678160917 0.5099676724137931 0.015086206896551768 0.021551724137931105
0 0.6242816091954023 0.6295797413793103 0.012212643678160884 0.03663793103448276
0 0.8076508620689655 0.35775862068965514 0.026580459770114917 0.039331896551724144
0 0.7611350574712643 0.45851293103448276 0.02011494252873558 0.06681034482758619
0 0.4022988505747126 0.22750538793103448 0.027298850574712652 0.04714439655172417
0 0.6844468390804597 0.3173491379310345 0.016163793103448287 0.03125
0 0.7809806034482758 0.3521012931034483 0.01849856321839083 0.020474137931034475
0 0.6102729885057472 0.6267510775862069 0.02155172413793094 0.01966594827586199
0 0.6325431034482758 0.3643588362068966 0.021910919540229945 0.033135775862069006
0 0.6522090517241379 0.3231411637931034 0.015265804597701105 0.018588362068965525
0 0.6733117816091954 0.6866918103448276 0.017600574712643646 0.026939655172413812
0 0.39709051724137934 0.30832435344827586 0.017959770114942486 0.022898706896551713
0 0.820941091954023 0.3949353448275862 0.01795977011494254 0.04094827586206895
0 0.8200431034482758 0.4269935344827586 0.023347701149425304 0.018857758620689613
0 0.6185344827586208 0.3838900862068966 0.027298850574712596 0.054418103448275856
0 0.39286997126436785 0.3663793103448276 0.014906609195402265 0.04040948275862072
0 0.7231501436781609 0.5505118534482758 0.02460488505747127 0.020743534482758563
0 0.6549030172413792 0.6732219827586207 0.017420977011494254 0.02155172413793105
0 0.7336566091954022 0.35237068965517243 0.017600574712643646 0.020474137931034475
0 0.6897449712643678 0.5385237068965517 0.01778017241379315 0.057650862068965525
0 0.3838900862068966 0.39695581896551724 0.023886494252873536 0.030441810344827624
0 0.680944683908046 0.5397359913793103 0.009877873563218342 0.05792025862068961
0 0.7522449712643678 0.2894665948275862 0.01706178160919536 0.03852370689655171
0 0.3286637931034483 0.42780172413793105 0.02191091954022989 0.02155172413793105
0 0.3087284482758621 0.43103448275862066 0.02334770114942525 0.043103448275862044
0 0.657507183908046 0.5378502155172413 0.01795977011494254 0.028286637931034586
0 0.7171336206896552 0.2804418103448276 0.014727011494252928 0.03448275862068967
0 0.32192887931034486 0.513604525862069 0.020294540229885027 0.035829741379310276
0 0.6754669540229885 0.36179956896551724 0.013290229885057459 0.03663793103448276
0 0.641882183908046 0.515625 0.014367816091954033 0.03771551724137928
0 0.3494971264367816 0.4705010775862069 0.02155172413793105 0.0234375
0 0.681573275862069 0.4096174568965517 0.011135057471264309 0.021282327586206906
0 0.6667564655172413 0.515625 0.013469827586206962 0.024784482758620774
0 0.6234734195402298 0.2751885775862069 0.021012931034482762 0.024515086206896575
0 0.6787895114942528 0.5005387931034483 0.018139367816092045 0.02155172413793105
0 0.33737428160919536 0.5451239224137931 0.02783764367816094 0.020204741379310387
0 0.39978448275862066 0.5511853448275863 0.017959770114942486 0.029633620689655138
0 0.6426903735632183 0.29929956896551724 0.013829022988505746 0.03448275862068961
0 0.7021372126436781 0.49878771551724144 0.0274784482758621 0.021282327586206906
0 0.7061781609195402 0.509832974137931 0.01795977011494254 0.018588362068965525
0 0.7104885057471264 0.25242456896551724 0.02227011494252873 0.027478448275862072
0 0.4735991379310345 0.5285560344827587 0.01795977011494254 0.03448275862068961
0 0.7233297413793104 0.4405980603448276 0.015625 0.02990301724137928
0 0.7342852011494253 0.3211206896551724 0.008800287356321768 0.029094827586206906
0 0.45878232758620685 0.4132543103448276 0.013469827586206906 0.023706896551724144
0 0.4390265804597701 0.42807112068965514 0.024245689655172376 0.032866379310344807
0 0.5913254310344828 0.2517510775862069 0.015625 0.022359913793103453
0 0.7048311781609196 0.4463900862068966 0.022808908045977017 0.03125
0 0.4614762931034483 0.4220096982758621 0.020653735632183923 0.033135775862069006
0 0.6509518678160919 0.4436961206896552 0.0274784482758621 0.03178879310344829
0 0.6358656609195402 0.2240032327586207 0.021372126436781658 0.019127155172413812
0 0.4920079022988506 0.5282866379310345 0.017061781609195414 0.02963362068965525
0 0.5390625 0.2964709051724138 0.017420977011494143 0.03582974137931033
0 0.6314655172413793 0.43601831896551724 0.012212643678160884 0.037984913793103425
0 0.6085668103448276 0.5212823275862069 0.013829022988505746 0.04094827586206895
0 0.5861170977011494 0.2881196120689655 0.01921695402298851 0.0234375
0 0.4838362068965517 0.5171066810344828 0.014367816091954033 0.02505387931034475
0 0.40292744252873564 0.43776939655172414 0.015265804597701105 0.02155172413793105
0 0.5912356321839081 0.3371497844827587 0.025143678160919558 0.04175646551724138
0 0.5944683908045977 0.5277478448275863 0.014367816091954033 0.029633620689655138
0 0.5423850574712643 0.4454471982758621 0.013649425287356354 0.03044181034482757
0 0.42367097701149425 0.48019935344827586 0.019755747126436796 0.022898706896551713
0 0.5095186781609196 0.6720096982758621 0.01975574712643674 0.04121767241379315
0 0.5220007183908046 0.3771551724137931 0.01778017241379304 0.04256465517241381
0 0.48985272988505746 0.37728987068965514 0.012751436781609171 0.04175646551724138
0 0.4420797413793104 0.6293103448275862 0.017061781609195414 0.02155172413793105
0 0.4970366379310345 0.33836206896551724 0.022808908045977017 0.03394396551724138
0 0.6274245689655172 0.6686422413793104 0.018498563218390718 0.047952586206896575
0 0.4140625 0.3943965517241379 0.027119252873563204 0.023168103448275856
