0 0.1570581896551724 0.6617726293103448 0.026760057471264365 0.03475215517241381
0 0.21749281609195403 0.7623922413793103 0.029454022988505746 0.03879310344827591
0 0.12239583333333334 0.2244073275862069 0.033943965517241395 0.04094827586206898
0 0.2811602011494253 0.47966056034482757 0.02532327586206895 0.04229525862068961
0 0.49874281609195403 0.1857489224137931 0.025143678160919558 0.03852370689655174
0 0.4090337643678161 0.6379310344827587 0.03358477011494254 0.04849137931034486
0 0.4574353448275862 0.4939385775862069 0.03376436781609199 0.06492456896551724
0 0.5550466954022988 0.5933459051724137 0.027119252873563204 0.03960129310344829
0 0.44567169540229884 0.09886853448275862 0.031070402298850608 0.030172413793103453
0 0.4510596264367816 0.6313308189655172 0.029633620689655138 0.0428340517241379
0 0.4222341954022989 0.5224946120689655 0.02801724137931033 0.0428340517241379
0 0.26275143678160917 0.6243265086206897 0.026580459770114973 0.04283405172413801
0 0.1697198275862069 0.8211206896551724 0.02478448275862069 0.03663793103448276
0 0.4058010057471264 0.34630926724137934 0.04005028735632182 0.058459051724137956
0 0.46749281609195403 0.3667834051724138 0.023706896551724144 0.028825431034482762
0 0.21497844827586204 0.32260237068965514 0.02478448275862069 0.035290948275862044
0 0.5340337643678161 0.4847790948275862 0.0314295977011495 0.04498922413793105
0 0.46695402298850575 0.6029094827586208 0.035201149425287404 0.05118534482758619
0 0.2636494252873563 0.7525592672413793 0.027658045977011464 0.0390625
0 0.5824353448275862 0.34603987068965514 0.030890804597701216 0.056303879310344807
0 0.23482399425287356 0.6461476293103448 0.02855603448275862 0.04175646551724144
0 0.3711386494252874 0.7653556034482758 0.021372126436781602 0.04471982758620696
0 0.24362428160919541 0.3063038793103448 0.025323275862068978 0.036099137931034475
0 0.3025323275862069 0.26104525862068967 0.036817528735632155 0.05603448275862069
0 0.18776939655172414 0.6896551724137931 0.024245689655172403 0.03286637931034486
0 0.4289691091954023 0.4447737068965517 0.038613505747126464 0.054956896551724144
0 0.38936781609195403 0.24878771551724138 0.03196839080459768 0.05145474137931036
0 0.3105244252873563 0.35573814655172414 0.03663793103448276 0.05307112068965514
0 0.24317528735632185 0.7141702586206897 0.026580459770114973 0.04741379310344829
0 0.6044360632183908 0.30603448275862066 0.036099137931034475 0.05118534482758624
0 0.4780890804597701 0.08176185344827586 0.026939655172413812 0.03367456896551725
0 0.21291307471264367 0.6201508620689655 0.026041666666666685 0.0387931034482758
0 0.32947198275862066 0.19113685344827586 0.03250718390804602 0.05145474137931033
0 0.5827047413793103 0.5635775862068966 0.03430316091954022 0.0587284482758621
0 0.46686422413793105 0.27357219827586204 0.031070402298850552 0.04929956896551721
0 0.27020474137931033 0.37351831896551724 0.02891522988505746 0.030980603448275856
0 0.27631106321839083 0.33364762931034486 0.036458333333333315 0.05199353448275862
0 0.22270114942528735 0.32421875 0.023706896551724144 0.03151939655172409
0 0.4265445402298851 0.734375 0.03556034482758624 0.06573275862068972
0 0.22117456896551724 0.6819773706896551 0.03250718390804597 0.046066810344827624
0 0.2703843390804598 0.5759698275862069 0.022449712643678177 0.04633620689655171
0 0.2640086206896552 0.4136584051724138 0.03125000000000003 0.04929956896551724
0 0.5068247126436781 0.5107758620689655 0.031249999999999944 0.060883620689655193
0 0.5974317528735632 0.6481681034482758 0.03322557471264376 0.05441810344827591
0 0.4816810344827586 0.7684536637931034 0.03556034482758619 0.057381465517241326
0 0.18426724137931033 0.2960668103448276 0.021192528735632182 0.050646551724137956
0 0.4665948275862069 0.32421875 0.03843390804597702 0.05253232758620685
0 0.15795617816091953 0.6963900862068966 0.02855603448275862 0.038254310344827624
0 0.5133800287356322 0.6003502155172413 0.033584770114942486 0.043911637931034586
0 0.6232040229885057 0.47871767241379315 0.034482758620689724 0.04956896551724138
0 0.15535201149425287 0.3308189655172414 0.026221264367816077 0.03663793103448276
0 0.14224137931034483 0.8904903017241379 0.025502873563218398 0.06223060344827591
0 0.5913254310344828 0.39210668103448276 0.03250718390804597 0.04229525862068961
0 0.12733477011494254 0.3347252155172414 0.028017241379310345 0.043911637931034475
0 0.2073455459770115 0.7291217672413792 0.02783764367816094 0.03744612068965514
0 0.13972701149425287 0.3683997844827586 0.026939655172413812 0.04660560344827591
0 0.22925646551724138 0.8216594827586207 0.02532327586206895 0.044181034482758674
0 0.43229166666666663 0.2928340517241379 0.032686781609195414 0.048491379310344807
0 0.23563218390804597 0.4005926724137931 0.02442528735632185 0.04040948275862066
0 0.23563218390804597 0.5926724137931034 0.04094827586206895 0.0431034482758621
0 0.23500359195402298 0.513739224137931 0.02891522988505746 0.03771551724137928
0 0.1817528735632184 0.6058728448275862 0.029094827586206906 0.03717672413793105
0 0.38478807471264365 0.5218211206896552 0.022449712643678177 0.05334051724137934
0 0.5880926724137931 0.6056034482758621 0.03789511494252873 0.05711206896551724
0 0.26239224137931033 0.521551724137931 0.025862068965517238 0.04956896551724138
0 0.5343031609195402 0.6329471982758621 0.025143678160919558 0.04175646551724144
0 0.17726293103448276 0.3464439655172414 0.02765804597701149 0.0431034482758621
0 0.1640625 0.20676185344827586 0.027478448275862044 0.04283405172413793
0 0.48760775862068967 0.4616109913793104 0.03412356321839083 0.056842672413793094
0 0.5705818965517242 0.4539331896551724 0.025502873563218453 0.04040948275862072
0 0.4103807471264368 0.6959859913793103 0.03807471264367818 0.04822198275862066
0 0.2811602011494253 0.6410290948275862 0.023527298850574696 0.040140086206896575
0 0.20770474137931033 0.3624730603448276 0.03573994252873561 0.041217672413793094
0 0.2612248563218391 0.677667025862069 0.02424568965517243 0.041756465517241326
0 0.1880387931034483 0.14264547413793105 0.019755747126436768 0.037446120689655166
0 0.23473419540229884 0.35910560344827586 0.023347701149425276 0.04094827586206895
0 0.10416666666666666 0.3797144396551724 0.038433908045977 0.03582974137931033
0 0.4443247126436782 0.06357758620689655 0.03196839080459768 0.04418103448275861
0 0.49137931034482757 0.2920258620689655 0.02981321839080453 0.04525862068965514
0 0.4423491379310345 0.5782596982758621 0.03160919540229884 0.05630387931034486
0 0.30298132183908044 0.2182112068965517 0.03376436781609199 0.035560344827586216
0 0.4253771551724138 0.21672952586206895 0.0332255747126437 0.04229525862068964
0 0.6153915229885057 0.41864224137931033 0.03861350574712641 0.047952586206896575
0 0.47835847701149425 0.04835668103448276 0.02891522988505746 0.0412176724137931
0 0.41666666666666663 0.2611799568965517 0.032686781609195414 0.04929956896551724
0 0.3909841954022989 0.46794181034482757 0.029094827586206906 0.04094827586206895
0 0.5603448275862069 0.5391971982758621 0.03340517241379304 0.06492456896551724
0 0.45393318965517243 0.540948275862069 0.02891522988505746 0.03663793103448276
0 0.20572916666666669 0.5778556034482758 0.025323275862068978 0.03340517241379304
0 0.1861530172413793 0.6514008620689655 0.035021551724137956 0.0506465517241379
0 0.19935344827586204 0.018318965517241378 0.0283764367816092 0.036637931034482756
0 0.3239942528735632 0.29498922413793105 0.03412356321839083 0.049030172413793094
0 0.6563397988505747 0.6223060344827587 0.031070402298850608 0.07327586206896541
0 0.5570222701149425 0.642645474137931 0.031070402298850608 0.04929956896551724
0 0.47377873563218387 0.16918103448275862 0.023706896551724144 0.03717672413793105
0 0.6003951149425287 0.4458512931034483 0.03340517241379315 0.04148706896551724
0 0.2420977011494253 0.7776131465517241 0.025862068965517265 0.049838362068965525
0 0.19270833333333334 0.84765625 0.027298850574712652 0.0589978448275863
0 0.4614762931034483 0.7268318965517241 0.033225574712643646 0.046875
0 0.41011135057471265 0.5919989224137931 0.033225574712643646 0.043911637931034475
0 0.2158764367816092 0.14170258620689657 0.026221264367816077 0.035560344827586216
0 0.4970366379310345 0.5662715517241379 0.030352011494252817 0.04903017241379315
0 0.11682830459770115 0.26724137931034486 0.03107040229885058 0.04956896551724138
0 0.16594827586206895 0.2975484913793104 0.0283764367816092 0.041217672413793094
0 0.5531609195402298 0.39587823275862066 0.04418103448275856 0.04768318965517243
0 0.42322198275862066 0.4034213362068966 0.03969109195402304 0.06600215517241376
0 0.522180316091954 0.18116918103448276 0.03250718390804597 0.04283405172413793
0 0.27056393678160917 0.7134967672413792 0.029274425287356298 0.03582974137931039
0 0.5889906609195402 0.4931303879310345 0.03286637931034475 0.05199353448275862
0 0.430316091954023 0.6549030172413793 0.03053160919540232 0.0431034482758621
0 0.6108117816091954 0.3748653017241379 0.02765804597701149 0.037446120689655193
0 0.4729705459770115 0.12203663793103448 0.02496408045977011 0.03933189655172413
0 0.525323275862069 0.3557381465517241 0.028017241379310276 0.04175646551724138
0 0.17061781609195403 0.8825431034482758 0.02478448275862069 0.04418103448275856
0 0.49793462643678166 0.06128771551724138 0.023168103448275856 0.04498922413793103
0 0.20402298850574713 0.2683189655172414 0.02801724137931033 0.04148706896551724
0 0.42304238505747127 0.4839709051724138 0.02855603448275862 0.03205818965517243
0 0.5014367816091954 0.33822737068965514 0.031249999999999944 0.04822198275862072
0 0.4014906609195402 0.5466056034482758 0.03250718390804597 0.04849137931034486
0 0.5533405172413792 0.3550646551724138 0.030890804597701105 0.03663793103448276
0 0.46318247126436785 0.43952047413793105 0.021551724137930994 0.040678879310344807
0 0.4572557471264368 0.3911637931034483 0.032327586206896575 0.05334051724137934
0 0.23150143678160917 0.2805765086206896 0.0283764367816092 0.040678879310344807
0 0.21533764367816094 0.7972790948275863 0.022988505747126436 0.03475215517241381
0 0.5140086206896551 0.41621767241379315 0.04094827586206895 0.05980603448275862
0 0.32839439655172414 0.4058459051724138 0.038254310344827624 0.043911637931034475
0 0.36557112068965514 0.40018857758620685 0.03466235632183906 0.07731681034482757
0 0.2973239942528736 0.42322198275862066 0.023886494252873536 0.04202586206896547
0 0.48114224137931033 0.521417025862069 0.02227011494252873 0.035829741379310276
0 0.335308908045977 0.3682650862068966 0.03663793103448276 0.05926724137931033
0 0.623114224137931 0.5953663793103448 0.036099137931034475 0.06088362068965514
0 0.5587284482758621 0.4853178879310345 0.023347701149425304 0.037446120689655193
0 0.530621408045977 0.2685883620689655 0.03573994252873569 0.04741379310344829
0 0.6123383620689655 0.5274784482758621 0.03789511494252873 0.047952586206896575
0 0.5443606321839081 0.4376346982758621 0.034482758620689724 0.04552801724137928
0 0.4560883620689655 0.13604525862068967 0.022090517241379337 0.04148706896551725
0 0.171875 0.24892241379310348 0.03484195402298851 0.04094827586206898
0 0.5638469827586207 0.6879040948275862 0.030352011494252817 0.051454741379310276
0 0.2578125 0.2813846982758621 0.02532327586206895 0.03475215517241376
0 0.5536997126436782 0.3107489224137931 0.035201149425287404 0.0509159482758621
0 0.390625 0.7417834051724138 0.025862068965517238 0.0665409482758621
0 0.6294001436781609 0.6368534482758621 0.0274784482758621 0.03125
0 0.23204022988505746 0.5612877155172413 0.022629310344827597 0.03529094827586199
0 0.3822737068965517 0.27734375 0.0350215517241379 0.03690732758620685
0 0.280621408045977 0.2587553879310345 0.01706178160919536 0.036907327586206934
0 0.28304597701149425 0.6736260775862069 0.01867816091954022 0.02559267241379304
0 0.4849137931034483 0.4131196120689655 0.02837643678160917 0.05522629310344829
0 0.397808908045977 0.42052801724137934 0.01867816091954022 0.026939655172413757
0 0.5381645114942528 0.5347521551724137 0.019935344827586188 0.04040948275862066
0 0.39816810344827586 0.3968211206896552 0.01795977011494254 0.036099137931034475
0 0.25736350574712646 0.011584051724137932 0.029454022988505774 0.023168103448275863
0 0.6277837643678161 0.45177801724137934 0.02747844827586199 0.03663793103448271
0 0.4311242816091954 0.044854525862068964 0.027119252873563204 0.03582974137931035
0 0.42304238505747127 0.09375 0.020294540229885083 0.04579741379310345
0 0.3984375 0.3084590517241379 0.03142959770114939 0.03017241379310348
0 0.515625 0.5363685344827587 0.03412356321839077 0.05334051724137934
0 0.6683728448275863 0.603582974137931 0.035380747126436796 0.06600215517241381
0 0.2457794540229885 0.669989224137931 0.019576149425287376 0.03178879310344829
0 0.517510775862069 0.4527209051724138 0.022090517241379337 0.02020474137931033
0 0.4734195402298851 0.3941271551724138 0.011135057471264365 0.05280172413793105
0 0.16163793103448276 0.1588092672413793 0.029454022988505746 0.0546875
0 0.26598419540229884 0.2726293103448276 0.035919540229885055 0.060883620689655193
0 0.38128591954022983 0.37742456896551724 0.020114942528735635 0.055495689655172376
0 0.5401400862068966 0.5728717672413792 0.019935344827586188 0.03744612068965514
0 0.26778017241379315 0.7828663793103448 0.02801724137931033 0.026939655172413812
0 0.5927622126436782 0.6749730603448276 0.029274425287356354 0.043911637931034475
0 0.5170617816091954 0.06236530172413793 0.02155172413793105 0.04876077586206897
0 0.28304597701149425 0.763604525862069 0.014367816091954033 0.04067887931034475
0 0.2913074712643678 0.2964709051724138 0.029454022988505746 0.028286637931034475
0 0.2974137931034483 0.4651131465517241 0.02298850574712641 0.04175646551724138
0 0.5272988505747127 0.5736799568965518 0.01867816091954022 0.027747844827586188
0 0.5310704022988506 0.05643857758620689 0.032327586206896575 0.04983836206896552
0 0.5404992816091954 0.6030441810344828 0.02388649425287348 0.03313577586206895
0 0.21318247126436782 0.3935883620689655 0.026939655172413812 0.022629310344827624
0 0.5801005747126436 0.42376077586206895 0.030172413793103425 0.03125
0 0.20536997126436782 0.8405172413793103 0.01885775862068967 0.06627155172413801
0 0.1840876436781609 0.3879310344827586 0.024066091954022983 0.0274784482758621
0 0.18247126436781608 0.7897359913793103 0.02478448275862069 0.03367456896551724
0 0.1526580459770115 0.7984913793103449 0.03232758620689655 0.032327586206896575
0 0.1797772988505747 0.7203663793103448 0.02550287356321837 0.02909482758620696
0 0.13173491379310345 0.6790140086206897 0.034303160919540235 0.026131465517241437
0 0.21219468390804597 0.7035290948275863 0.032866379310344834 0.03259698275862066
0 0.2505387931034483 0.80078125 0.019396551724137928 0.023976293103448176
