0 0.5998563218390804 0.6147629310344828 0.031609195402298784 0.043642241379310276
0 0.4374102011494253 0.25538793103448276 0.023168103448275856 0.0398706896551724
0 0.4541127873563219 0.45150862068965514 0.027478448275862044 0.04795258620689652
0 0.6457435344827587 0.7318157327586207 0.02460488505747127 0.03690732758620685
0 0.6650502873563218 0.5177801724137931 0.02083333333333337 0.03394396551724144
0 0.5804597701149425 0.5204741379310345 0.021910919540229834 0.0269396551724137
0 0.6113505747126436 0.5460668103448276 0.0193965517241379 0.03556034482758619
0 0.6126975574712644 0.7881196120689655 0.022808908045977017 0.032058189655172376
0 0.42016882183908044 0.2287176724137931 0.02424568965517243 0.03448275862068964
0 0.5557650862068966 0.4998653017241379 0.030711206896551713 0.04983836206896547
0 0.7188397988505747 0.701239224137931 0.02532327586206895 0.03556034482758619
0 0.49479166666666663 0.25188577586206895 0.023706896551724144 0.0420258620689655
0 0.7110272988505747 0.8608566810344828 0.028017241379310276 0.048221982758620774
0 0.5151760057471264 0.2347790948275862 0.03142959770114939 0.04014008620689655
0 0.6357758620689655 0.6796875 0.021192528735632266 0.03663793103448265
0 0.6360452586206896 0.48653017241379315 0.026400862068965525 0.037176724137931105
0 0.563128591954023 0.4463900862068966 0.028556034482758674 0.057650862068965525
0 0.5873742816091954 0.4853178879310345 0.03035201149425293 0.0466056034482758
0 0.6996228448275862 0.671875 0.024245689655172376 0.0355603448275863
0 0.6012033045977012 0.6716056034482758 0.03178879310344829 0.03663793103448276
0 0.41576867816091956 0.4418103448275862 0.026221264367816077 0.04741379310344829
0 0.7570043103448276 0.7939116379310345 0.03196839080459768 0.0431034482758621
0 0.6588541666666667 0.47440732758620685 0.023168103448275912 0.03448275862068967
0 0.6161099137931034 0.46713362068965514 0.021372126436781658 0.038793103448275856
0 0.7197377873563219 0.7462284482758621 0.022808908045977017 0.03394396551724144
0 0.3169001436781609 0.4135237068965517 0.02496408045977011 0.03663793103448276
0 0.5646551724137931 0.8352640086206897 0.02155172413793105 0.04822198275862066
0 0.671875 0.7373383620689655 0.0269396551724137 0.0431034482758621
0 0.6155711206896552 0.705145474137931 0.024964080459770055 0.03852370689655171
0 0.5088900862068966 0.19113685344827586 0.026760057471264365 0.03798491379310345
0 0.6221264367816092 0.7498653017241379 0.024066091954022983 0.05522629310344829
0 0.7406609195402298 0.7301993534482759 0.028017241379310387 0.034213362068965525
0 0.32210847701149425 0.3096713362068966 0.025682471264367845 0.035290948275862044
0 0.6689116379310345 0.7932381465517241 0.025682471264367734 0.034213362068965525
0 0.7515265804597702 0.8981681034482758 0.028556034482758563 0.03771551724137934
0 0.3302801724137931 0.20070043103448276 0.024784482758620663 0.042025862068965525
0 0.43956537356321834 0.41540948275862066 0.039331896551724144 0.04418103448275862
0 0.7009698275862069 0.6252693965517242 0.022629310344827513 0.04633620689655171
0 0.7381465517241379 0.6369881465517242 0.025502873563218342 0.03582974137931039
0 0.6332614942528736 0.5802801724137931 0.03627873563218387 0.03987068965517249
0 0.7000718390804598 0.7640086206896552 0.0237068965517242 0.04525862068965514
0 0.7394935344827587 0.7641433189655172 0.024964080459770055 0.032058189655172376
0 0.45869252873563215 0.2281788793103448 0.025502873563218398 0.035560344827586216
0 0.6780711206896552 0.5026939655172414 0.02244971264367812 0.035021551724137956
0 0.6911817528735632 0.7824622844827587 0.022808908045977017 0.03367456896551724
0 0.5340337643678161 0.4990571120689655 0.021012931034482762 0.0428340517241379
0 0.7276400862068966 0.5941540948275862 0.018857758620689613 0.0272090517241379
0 0.44136135057471265 0.7780172413793104 0.029633620689655138 0.036099137931034475
0 0.3521012931034483 0.6084321120689655 0.027119252873563204 0.04121767241379315
0 0.37724497126436785 0.4133890086206896 0.03178879310344823 0.047144396551724144
0 0.6894755747126438 0.58203125 0.02083333333333337 0.038523706896551824
0 0.30226293103448276 0.3213900862068966 0.019037356321839116 0.03448275862068967
0 0.4431573275862069 0.6741648706896551 0.021731321839080442 0.032058189655172376
0 0.45070043103448276 0.62109375 0.024245689655172376 0.054148706896551824
0 0.5060165229885057 0.4053071120689655 0.029274425287356298 0.043911637931034475
0 0.7054597701149425 0.5622306034482758 0.0237068965517242 0.03502155172413801
0 0.3353987068965517 0.24717133620689655 0.02460488505747127 0.03475215517241376
0 0.6201508620689655 0.6512661637931034 0.030172413793103425 0.0466056034482758
0 0.44351652298850575 0.5309806034482758 0.030352011494252873 0.06196120689655171
0 0.5505567528735632 0.9102909482758621 0.01778017241379315 0.04741379310344829
0 0.577496408045977 0.5809536637931034 0.03250718390804597 0.05684267241379315
0 0.5880028735632183 0.7866379310344827 0.029454022988505746 0.04148706896551724
0 0.6413433908045977 0.5237068965517242 0.02765804597701149 0.03879310344827591
0 0.725933908045977 0.9164870689655172 0.024425287356321768 0.06034482758620685
0 0.5506465517241379 0.5639816810344828 0.03412356321839083 0.06330818965517238
0 0.5295438218390804 0.39480064655172414 0.02891522988505746 0.04552801724137934
0 0.25448994252873564 0.20716594827586204 0.021192528735632182 0.03502155172413793
0 0.4734195402298851 0.6252693965517241 0.018678160919540276 0.036099137931034475
0 0.5254130747126438 0.5758351293103449 0.021012931034482762 0.030441810344827624
0 0.45492097701149425 0.38308189655172414 0.026580459770114917 0.03556034482758619
0 0.3644935344827586 0.3275862068965517 0.024245689655172376 0.039331896551724144
0 0.44782686781609193 0.69921875 0.021731321839080497 0.02882543103448265
0 0.6610093390804598 0.8314924568965517 0.021731321839080442 0.04121767241379315
0 0.7130028735632183 0.6057381465517242 0.02298850574712652 0.03475215517241381
0 0.6786099137931034 0.6197467672413793 0.02244971264367812 0.037984913793103425
0 0.6347880747126438 0.8019935344827587 0.023527298850574696 0.03879310344827591
0 0.2905890804597701 0.16769935344827586 0.03412356321839083 0.037446120689655166
0 0.3776939655172414 0.5874191810344828 0.02442528735632188 0.055765086206896575
0 0.5552262931034483 0.6365840517241379 0.025682471264367734 0.036099137931034475
0 0.6627155172413792 0.5728717672413792 0.02442528735632188 0.04714439655172409
0 0.39286997126436785 0.23922413793103448 0.025323275862069006 0.03717672413793102
0 0.3874820402298851 0.5346174568965517 0.031070402298850552 0.0471443965517242
0 0.3754489942528736 0.6399515086206897 0.02783764367816094 0.05307112068965514
0 0.2593390804597701 0.1624461206896552 0.02729885057471268 0.035560344827586216
0 0.5434626436781609 0.45137392241379315 0.0193965517241379 0.056842672413793094
0 0.41954022988505746 0.1875 0.02262931034482757 0.033405172413793094
0 0.5219109195402298 0.4405980603448276 0.029454022988505746 0.04768318965517243
0 0.32112068965517243 0.2769396551724138 0.01867816091954022 0.032866379310344807
0 0.7367097701149425 0.5660021551724138 0.03699712643678166 0.034482758620689724
0 0.43561422413793105 0.6212284482758621 0.027119252873563204 0.04418103448275856
0 0.6716954022988506 0.6561153017241379 0.022629310344827624 0.04067887931034486
0 0.638739224137931 0.7698006465517241 0.0231681034482758 0.034213362068965525
0 0.4336386494252874 0.5693696120689655 0.02496408045977011 0.03690732758620685
0 0.4697377873563219 0.48208512931034486 0.027478448275862044 0.062230603448275856
0 0.7005208333333333 0.5304418103448276 0.023527298850574696 0.030711206896551713
0 0.4026580459770115 0.6958512931034483 0.02981321839080464 0.0625
0 0.29813218390804597 0.2649515086206896 0.024784482758620663 0.035290948275862044
0 0.37176724137931033 0.724542025862069 0.02765804597701149 0.027747844827586188
0 0.49407327586206895 0.45150862068965514 0.032327586206896575 0.045258620689655193
0 0.5831537356321839 0.7047413793103448 0.02011494252873558 0.03286637931034486
0 0.5902478448275862 0.4396551724137931 0.027837643678160884 0.03771551724137934
0 0.6048850574712643 0.7272359913793104 0.02155172413793094 0.040140086206896575
0 0.6388290229885057 0.45123922413793105 0.025143678160919558 0.035021551724137956
0 0.3970007183908046 0.5990032327586207 0.02891522988505746 0.051993534482758674
0 0.5010775862068966 0.5017510775862069 0.03160919540229884 0.05576508620689652
0 0.7226113505747127 0.6654094827586207 0.022090517241379337 0.03340517241379315
0 0.43597341954022983 0.7416487068965517 0.03394396551724138 0.03125
0 0.6889367816091954 0.7071659482758621 0.02298850574712652 0.0350215517241379
0 0.7636494252873564 0.7470366379310345 0.02981321839080464 0.03663793103448276
0 0.42052801724137934 0.5389278017241379 0.019935344827586243 0.03582974137931039
0 0.7045617816091954 0.8289331896551724 0.026939655172413812 0.03825431034482751
0 0.6599317528735632 0.7009698275862069 0.020294540229885083 0.03502155172413801
0 0.36332614942528735 0.2482489224137931 0.02155172413793105 0.034213362068965525
0 0.37104885057471265 0.49878771551724144 0.03591954022988508 0.05360991379310348
0 0.6129669540229885 0.5083512931034483 0.028017241379310276 0.038254310344827624
0 0.49048132183908044 0.5313846982758621 0.026221264367816077 0.040140086206896575
0 0.2657147988505747 0.25 0.02819683908045978 0.0382543103448276
0 0.7407507183908046 0.6951778017241379 0.024245689655172487 0.040140086206896575
0 0.6300287356321839 0.6214978448275862 0.028017241379310387 0.0431034482758621
0 0.40301724137931033 0.33728448275862066 0.03843390804597702 0.044719827586206906
0 0.33836206896551724 0.33405172413793105 0.024784482758620663 0.03394396551724138
0 0.7499102011494252 0.6061422413793103 0.02460488505747127 0.03340517241379304
0 0.29498922413793105 0.12392241379310345 0.02891522988505746 0.04579741379310344
0 0.24542025862068967 0.19760237068965517 0.029992816091954033 0.034213362068965525
0 0.43202227011494254 0.4735991379310345 0.02855603448275862 0.051724137931034475
0 0.7359913793103448 0.8292025862068966 0.025862068965517238 0.0350215517241379
0 0.37239583333333337 0.693426724137931 0.032866379310344807 0.0506465517241379
0 0.7190193965517241 0.7804418103448276 0.022808908045977017 0.03286637931034486
0 0.4064295977011494 0.2044719827586207 0.022988505747126464 0.03178879310344829
0 0.7382363505747127 0.8654364224137931 0.02676005747126442 0.03852370689655171
0 0.6842672413793103 0.8212553879310345 0.026939655172413812 0.041756465517241326
0 0.5702227011494253 0.6744342672413792 0.02083333333333326 0.04067887931034486
0 0.6551724137931034 0.6254040948275862 0.023347701149425304 0.04498922413793105
0 0.5532507183908046 0.8037446120689655 0.021372126436781547 0.03960129310344829
0 0.352191091954023 0.22386853448275862 0.02227011494252873 0.033405172413793094
0 0.4148706896551724 0.6398168103448276 0.029094827586206906 0.06088362068965514
0 0.4718929597701149 0.6791487068965517 0.021731321839080497 0.038254310344827624
0 0.7017780172413792 0.7231950431034483 0.021012931034482762 0.032058189655172376
0 0.4136135057471264 0.4938038793103448 0.026221264367816077 0.05603448275862066
0 0.3475215517241379 0.3732489224137931 0.025502873563218398 0.049838362068965525
0 0.4760237068965517 0.5691002155172413 0.029274425287356354 0.05630387931034486
0 0.3682650862068966 0.28879310344827586 0.026760057471264365 0.03717672413793105
0 0.6776221264367817 0.865301724137931 0.023706896551724088 0.0431034482758621
0 0.36117097701149425 0.5492995689655172 0.030172413793103425 0.050107758620689724
0 0.27568247126436785 0.20972521551724138 0.03089080459770116 0.03636853448275862
0 0.5827047413793103 0.7446120689655172 0.02244971264367812 0.042025862068965525
0 0.5281968390804598 0.5397359913793103 0.028376436781609282 0.04175646551724144
0 0.6582255747126436 0.6672952586206896 0.0193965517241379 0.032327586206896575
0 0.5256824712643678 0.4776400862068966 0.019037356321839116 0.02262931034482757
0 0.7095007183908046 0.8021282327586207 0.017420977011494254 0.0272090517241379
0 0.4318426724137931 0.5924030172413793 0.015625 0.01778017241379315
0 0.4022090517241379 0.5541487068965517 0.013469827586206906 0.040409482758620774
0 0.6703484195402298 0.7632004310344828 0.03573994252873558 0.02963362068965525
0 0.3602729885057471 0.10196659482758622 0.02909482758620685 0.05360991379310344
0 0.5835129310344828 0.5522629310344828 0.028376436781609282 0.0387931034482758
0 0.3948455459770115 0.6509967672413793 0.014547413793103425 0.03313577586206895
0 0.5836925287356323 0.6449353448275863 0.029454022988505746 0.026939655172413812
0 0.703753591954023 0.6461476293103448 0.02460488505747127 0.020204741379310387
0 0.4558189655172414 0.5688308189655172 0.015804597701149392 0.032596982758620774
0 0.4610272988505747 0.7118803879310345 0.017241379310344807 0.0309806034482758
0 0.7510775862068966 0.666082974137931 0.013290229885057459 0.01751077586206895
0 0.42690373563218387 0.6695851293103448 0.016522988505747127 0.03744612068965514
0 0.5912356321839081 0.6031788793103449 0.030890804597701216 0.05657327586206895
0 0.4563577586206896 0.7473060344827587 0.015804597701149448 0.03556034482758619
0 0.4225933908045977 0.28704202586206895 0.02191091954022989 0.03636853448275862
0 0.4156788793103448 0.58203125 0.015625 0.0509159482758621
0 0.7455998563218391 0.8224676724137931 0.035380747126436796 0.05118534482758619
0 0.5668103448275863 0.7644127155172413 0.01867816091954022 0.04121767241379304
0 0.7608656609195402 0.7098599137931034 0.015625 0.04040948275862066
0 0.658135775862069 0.7962015086206896 0.012392241379310276 0.034213362068965525
0 0.5152658045977012 0.47077047413793105 0.01113505747126442 0.018588362068965525
0 0.4289691091954023 0.7078394396551724 0.02209051724137928 0.028825431034482762
0 0.6740301724137931 0.6963900862068966 0.014727011494252928 0.02909482758620685
0 0.4802442528735632 0.24811422413793105 0.015445402298850552 0.051185344827586216
0 0.6127873563218391 0.763604525862069 0.0193965517241379 0.0272090517241379
0 0.5182291666666667 0.5036368534482758 0.008081896551724088 0.03852370689655171
0 0.6888469827586207 0.6717403017241379 0.013110632183908066 0.037984913793103425
0 0.41280531609195403 0.30078125 0.020653735632183923 0.04121767241379315
0 0.5675287356321839 0.5600754310344828 0.006824712643678121 0.0544181034482758
0 0.5965337643678161 0.6907327586206896 0.026400862068965525 0.02532327586206895
0 0.4255567528735632 0.3872575431034483 0.03178879310344829 0.0352909482758621
0 0.7023168103448276 0.5088900862068966 0.02388649425287359 0.025862068965517182
0 0.5661817528735632 0.7121497844827587 0.010596264367816133 0.034213362068965414
0 0.41954022988505746 0.37863685344827586 0.03089080459770116 0.047683189655172376
0 0.6668462643678161 0.4657866379310345 0.01939655172413801 0.03125
0 0.6417923850574713 0.5572467672413793 0.022449712643678232 0.034213362068965525
0 0.40238864942528735 0.38873922413793105 0.02388649425287359 0.05010775862068967
0 0.3994252873563219 0.4284752155172414 0.02191091954022989 0.03259698275862066
0 0.6242816091954022 0.5517241379310345 0.015086206896551713 0.030711206896551713
0 0.3589260057471264 0.4228178879310345 0.021012931034482707 0.04876077586206895
0 0.6749281609195403 0.5823006465517242 0.019755747126436796 0.06061422413793094
0 0.3911637931034483 0.4665948275862069 0.02191091954022989 0.0350215517241379
0 0.7208153735632183 0.5369073275862069 0.014547413793103536 0.028017241379310387
0 0.3983477011494253 0.5014816810344828 0.01867816091954022 0.03690732758620685
0 0.7359015804597702 0.607489224137931 0.01706178160919547 0.0237068965517242
0 0.469378591954023 0.513739224137931 0.02819683908045978 0.038793103448275856
