0 0.6313757183908046 0.7658943965517242 0.02244971264367812 0.04471982758620696
0 0.47835847701149425 0.23935883620689657 0.025682471264367845 0.04876077586206898
0 0.5026939655172413 0.2761314655172414 0.03771551724137934 0.05334051724137934
0 0.7569145114942528 0.46349676724137934 0.03933189655172409 0.06707974137931033
0 0.7508979885057472 0.5786637931034483 0.03771551724137934 0.06573275862068972
0 0.6242816091954023 0.8441540948275863 0.03699712643678166 0.08162715517241381
0 0.7598778735632183 0.6169181034482758 0.03053160919540232 0.04633620689655171
0 0.5686063218390804 0.4385775862068966 0.032327586206896575 0.06896551724137928
0 0.33557830459770116 0.5676185344827587 0.026400862068965525 0.04418103448275856
0 0.5039511494252873 0.15665409482758622 0.02981321839080453 0.041217672413793094
0 0.6320941091954023 0.6559806034482758 0.02388649425287359 0.06573275862068961
0 0.545617816091954 0.8469827586206896 0.025502873563218342 0.030172413793103425
0 0.6120689655172413 0.25404094827586204 0.04310344827586199 0.05711206896551721
0 0.32641882183908044 0.8801185344827587 0.02819683908045978 0.05711206896551724
0 0.30441810344827586 0.6356411637931034 0.030172413793103425 0.05037715517241381
0 0.6059626436781609 0.8755387931034482 0.026221264367816022 0.04256465517241381
0 0.5616020114942528 0.6175915948275862 0.04382183908045978 0.0627693965517242
0 0.6526580459770115 0.69921875 0.03125 0.04498922413793105
0 0.3656609195402299 0.5786637931034482 0.028735632183908066 0.05711206896551724
0 0.6205100574712643 0.9245689655172413 0.04166666666666663 0.05603448275862066
0 0.7221623563218391 0.4987877155172414 0.03412356321839083 0.07785560344827591
0 0.5388829022988506 0.9225484913793103 0.027837643678160884 0.03259698275862066
0 0.3115122126436781 0.14089439655172414 0.029274425287356298 0.042564655172413784
0 0.5788433908045977 0.23181573275862066 0.03591954022988508 0.06061422413793102
0 0.5466056034482758 0.7536368534482758 0.034662356321839005 0.06276939655172409
0 0.6361350574712643 0.4059806034482759 0.03807471264367812 0.054956896551724144
0 0.5747126436781609 0.80078125 0.033764367816091934 0.047683189655172376
0 0.22961566091954022 0.08863146551724138 0.03430316091954022 0.040948275862068964
0 0.6327227011494253 0.7242726293103449 0.03520114942528729 0.046066810344827624
0 0.33845186781609193 0.747979525862069 0.029274425287356298 0.06707974137931028
0 0.7749640804597702 0.49811422413793105 0.03053160919540232 0.06088362068965525
0 0.36440373563218387 0.9085398706896552 0.0369971264367816 0.04929956896551724
0 0.6518498563218391 0.7477101293103448 0.024964080459770055 0.04714439655172409
0 0.38568606321839083 0.7194234913793103 0.03466235632183906 0.05091594827586199
0 0.44198994252873564 0.06546336206896552 0.028017241379310387 0.03879310344827587
0 0.5511853448275862 0.822332974137931 0.03125 0.041756465517241326
0 0.5620510057471264 0.34779094827586204 0.03645833333333337 0.05711206896551724
0 0.3865840517241379 0.65625 0.031070402298850552 0.049568965517241326
0 0.3432112068965517 0.040948275862068964 0.028735632183908066 0.0425646551724138
0 0.36970186781609193 0.6763200431034483 0.027119252873563204 0.04121767241379315
0 0.37051005747126436 0.12998383620689655 0.03125 0.04606681034482757
0 0.5410380747126438 0.4345366379310345 0.022090517241379337 0.03286637931034486
0 0.6875897988505747 0.5611530172413792 0.034662356321839116 0.05226293103448276
0 0.3448275862068966 0.6547683189655172 0.025143678160919503 0.041756465517241326
0 0.39816810344827586 0.6263469827586207 0.023347701149425304 0.03717672413793105
0 0.3240840517241379 0.6539601293103449 0.01885775862068967 0.030441810344827624
0 0.4051724137931034 0.8562769396551724 0.031968390804597735 0.04768318965517249
0 0.686242816091954 0.3836206896551724 0.0387931034482758 0.054956896551724144
0 0.6017420977011494 0.9287446120689655 0.02891522988505746 0.047683189655172376
0 0.5576508620689655 0.87890625 0.024784482758620774 0.0471443965517242
0 0.3547054597701149 0.6939655172413792 0.028376436781609227 0.04364224137931039
0 0.48706896551724144 0.1857489224137931 0.03017241379310348 0.04014008620689655
0 0.6015625 0.5964439655172413 0.037535919540229834 0.05926724137931039
0 0.38362068965517243 0.9500269396551724 0.033045977011494254 0.06815732758620696
0 0.3865840517241379 0.7665678879310345 0.030352011494252873 0.0433728448275863
0 0.41244612068965514 0.3081896551724138 0.04292385057471265 0.05711206896551724
0 0.7503591954022989 0.501885775862069 0.02155172413793105 0.03663793103448282
0 0.23275862068965517 0.20972521551724138 0.027298850574712652 0.04552801724137931
0 0.33090876436781613 0.6175915948275862 0.02568247126436779 0.04498922413793105
0 0.6071300287356323 0.6559806034482758 0.03394396551724144 0.06950431034482751
0 0.5178699712643677 0.3689385775862069 0.03573994252873558 0.0546875
0 0.2989403735632184 0.7312769396551724 0.02604166666666663 0.04121767241379304
0 0.5394216954022988 0.9585129310344828 0.027837643678160995 0.039870689655172376
0 0.5642959770114943 0.15220905172413793 0.0269396551724137 0.042025862068965525
0 0.6088362068965517 0.486260775862069 0.031609195402298784 0.05334051724137934
0 0.5314295977011494 0.7093211206896552 0.03268678160919536 0.04364224137931039
0 0.5286458333333333 0.8794450431034483 0.024245689655172487 0.046066810344827624
0 0.586566091954023 0.6410290948275862 0.0193965517241379 0.0509159482758621
0 0.3671875 0.07745150862068965 0.02676005747126442 0.04445043103448276
0 0.6413433908045978 0.5735452586206897 0.025862068965517238 0.04256465517241381
0 0.24811422413793105 0.6045258620689655 0.023527298850574724 0.0431034482758621
0 0.3630567528735632 0.7933728448275862 0.02855603448275862 0.034482758620689724
0 0.34536637931034486 0.5369073275862069 0.029813218390804586 0.04364224137931039
0 0.638739224137931 0.53125 0.02819683908045978 0.047413793103448176
0 0.4708153735632184 0.4493534482758621 0.03286637931034486 0.07004310344827586
0 0.6073994252873562 0.8041487068965518 0.028017241379310387 0.04148706896551724
0 0.5034123563218391 0.5262661637931034 0.031250000000000056 0.0352909482758621
0 0.29849137931034486 0.7782866379310345 0.029813218390804586 0.0506465517241379
0 0.4460308908045977 0.1919450431034483 0.03538074712643674 0.053071120689655166
0 0.7216235632183908 0.39911099137931033 0.03951149425287359 0.05899784482758619
0 0.6038074712643677 0.7627963362068966 0.03556034482758619 0.05414870689655171
0 0.6642420977011494 0.43938577586206895 0.03430316091954022 0.06842672413793105
0 0.3359375 0.9869342672413793 0.02460488505747127 0.026131465517241326
0 0.39592313218390807 0.5678879310344828 0.030711206896551713 0.06896551724137923
0 0.3168103448275862 0.7807112068965517 0.020833333333333315 0.0506465517241379
0 0.36530172413793105 0.7568696120689655 0.024066091954022983 0.048221982758620774
0 0.6532866379310345 0.2777478448275862 0.03717672413793105 0.0646551724137931
0 0.5412176724137931 0.15827047413793105 0.0314295977011495 0.04498922413793102
0 0.6618175287356323 0.34132543103448276 0.021192528735632155 0.04148706896551724
0 0.5920438218390804 0.32960668103448276 0.031070402298850608 0.053609913793103425
0 0.3125 0.11139547413793104 0.02298850574712641 0.025053879310344834
0 0.5885416666666667 0.39426185344827586 0.042744252873563204 0.059536637931034475
0 0.311871408045977 0.5519935344827587 0.027119252873563204 0.04849137931034486
0 0.5140984195402298 0.8983028017241379 0.019576149425287404 0.04498922413793105
0 0.5030531609195402 0.4185075431034483 0.03663793103448282 0.08054956896551724
0 0.5603448275862069 0.5127963362068966 0.04022988505747127 0.07354525862068961
0 0.5228987068965517 0.4892241379310345 0.034662356321839116 0.07219827586206895
0 0.5703125 0.9163523706896552 0.03286637931034475 0.05307112068965514
0 0.2823275862068966 0.27990301724137934 0.031968390804597735 0.05118534482758624
0 0.7288972701149425 0.6457435344827587 0.03573994252873569 0.05980603448275856
0 0.2823275862068966 0.8139816810344828 0.020114942528735635 0.051454741379310276
0 0.39044540229885055 0.8030711206896552 0.025862068965517238 0.03933189655172409
0 0.6591235632183908 0.5992726293103448 0.03268678160919536 0.05522629310344829
0 0.33369252873563215 0.8162715517241379 0.022270114942528785 0.04256465517241381
0 0.6484375 0.8023976293103449 0.03573994252873569 0.055765086206896575
0 0.686871408045977 0.5105064655172413 0.03573994252873569 0.05441810344827591
0 0.6542744252873562 0.37755926724137934 0.02442528735632188 0.03636853448275862
0 0.3316271551724138 0.9474676724137931 0.030711206896551713 0.05334051724137934
0 0.7109375 0.5999461206896551 0.034662356321839116 0.055495689655172376
0 0.3812859195402299 0.8608566810344828 0.022629310344827624 0.042295258620689724
0 0.5397808908045977 0.19383081896551724 0.028556034482758674 0.030980603448275856
0 0.3361170977011494 0.42174030172413796 0.03753591954022989 0.06007543103448276
0 0.37751436781609193 0.609375 0.02801724137931033 0.04849137931034475
0 0.34590517241379315 0.8265086206896552 0.023706896551724144 0.06465517241379304
0 0.37239583333333337 0.5397359913793103 0.026041666666666685 0.05792025862068961
0 0.31420617816091956 0.8282596982758621 0.0411278735632184 0.05522629310344829
0 0.32525143678160917 0.6905980603448276 0.03376436781609199 0.04714439655172409
0 0.4223239942528736 0.055360991379310345 0.030352011494252873 0.04498922413793103
0 0.6337104885057472 0.48208512931034486 0.02891522988505757 0.07139008620689657
0 0.6206896551724138 0.3052262931034483 0.032327586206896575 0.061422413793103425
0 0.40041307471264365 0.9803340517241379 0.02855603448275862 0.03771551724137934
0 0.28708692528735635 0.6869612068965517 0.029992816091953978 0.045797413793103425
0 0.4390265804597701 0.018723060344827586 0.03430316091954022 0.03744612068965517
0 0.7179418103448276 0.33364762931034486 0.03394396551724144 0.053071120689655193
0 0.7000718390804598 0.4579741379310345 0.0387931034482758 0.0662715517241379
0 0.7997485632183907 0.44665948275862066 0.048850574712643646 0.05387931034482757
0 0.5985093390804598 0.7095905172413793 0.026400862068965525 0.044181034482758674
0 0.6670258620689655 0.521417025862069 0.03053160919540221 0.051454741379310276
0 0.4177442528735632 0.09725215517241378 0.030172413793103425 0.0425646551724138
0 0.3797593390804598 0.44059806034482757 0.04076867816091956 0.07085129310344829
0 0.6861530172413792 0.6101831896551724 0.025682471264367845 0.05495689655172409
0 0.24802442528735633 0.5619612068965518 0.033405172413793094 0.04741379310344829
0 0.5574712643678161 0.9796605603448276 0.03125 0.03744612068965514
0 0.25 0.020070043103448277 0.03484195402298851 0.040140086206896554
0 0.6651400862068966 0.2249461206896552 0.03717672413793105 0.0673491379310345
0 0.524694683908046 0.974676724137931 0.025682471264367734 0.04741379310344829
0 0.4729705459770115 0.15355603448275862 0.02891522988505746 0.044719827586206906
0 0.5255926724137931 0.32960668103448276 0.04112787356321845 0.07139008620689657
0 0.39592313218390807 0.8968211206896551 0.026760057471264365 0.047952586206896575
0 0.6851652298850575 0.3328394396551724 0.04022988505747127 0.04822198275862072
0 0.2810704022988506 0.5545528017241379 0.030531609195402265 0.04498922413793105
0 0.2719109195402299 0.5999461206896552 0.029454022988505746 0.05711206896551724
0 0.5252334770114943 0.6080280172413793 0.04328304597701149 0.0625
0 0.5592672413793103 0.6686422413793103 0.03448275862068961 0.04849137931034486
0 0.5450790229885057 0.7898706896551724 0.028017241379310276 0.024784482758620663
0 0.5757902298850575 0.7591594827586208 0.03125 0.05603448275862066
0 0.31079382183908044 0.9115032327586208 0.03178879310344829 0.04660560344827591
0 0.5798311781609196 0.8678609913793104 0.02676005747126431 0.049838362068965525
0 0.6241020114942528 0.3760775862068966 0.029454022988505746 0.05387931034482757
0 0.6620869252873562 0.4831627155172414 0.030711206896551713 0.0272090517241379
0 0.7244971264367817 0.5474137931034483 0.035201149425287404 0.047952586206896575
0 0.27002514367816094 0.6491109913793103 0.03250718390804597 0.04714439655172409
0 0.5478627873563219 0.39278017241379315 0.029992816091954033 0.05387931034482757
0 0.2964260057471264 0.047548491379310345 0.029633620689655193 0.04768318965517241
0 0.41594827586206895 0.9418103448275863 0.02227011494252873 0.04148706896551724
0 0.37347341954022983 0.8337823275862069 0.02496408045977011 0.03717672413793105
0 0.5292744252873562 0.6590786637931034 0.023706896551724088 0.04067887931034486
0 0.5377155172413793 0.8984375 0.026580459770114917 0.030711206896551824
0 0.5241558908045978 0.41998922413793105 0.02244971264367812 0.05818965517241381
0 0.34985632183908044 0.8952047413793103 0.045258620689655193 0.03933189655172409
0 0.5680675287356322 0.9692887931034483 0.03268678160919536 0.0544181034482758
0 0.41630747126436785 0.9027478448275862 0.013649425287356298 0.04094827586206895
0 0.3169001436781609 0.23693426724137928 0.02855603448275862 0.044450431034482735
0 0.6622665229885057 0.552667025862069 0.019576149425287293 0.040140086206896575
0 0.3983477011494253 0.6753771551724138 0.03089080459770116 0.04471982758620685
0 0.3249820402298851 0.5998114224137931 0.03250718390804602 0.02559267241379304
0 0.22018678160919541 0.2576778017241379 0.030890804597701133 0.05199353448275862
0 0.2820581896551724 0.8758081896551724 0.02783764367816094 0.06734913793103448
0 0.49838362068965514 0.46228448275862066 0.024066091954022928 0.032866379310344807
0 0.35389727011494254 0.619207974137931 0.025682471264367845 0.04445043103448276
0 0.5268498563218391 0.8076508620689655 0.01849856321839083 0.043642241379310276
0 0.3709590517241379 0.9867995689655172 0.030711206896551768 0.026400862068965525
0 0.5122126436781609 0.23545258620689657 0.028017241379310387 0.041487068965517265
0 0.40077227011494254 0.5257273706896552 0.027119252873563204 0.03367456896551724
0 0.28008261494252873 0.7322198275862069 0.01634339080459768 0.04418103448275856
0 0.6220366379310345 0.6950431034482759 0.021372126436781658 0.026400862068965525
0 0.5159841954022988 0.9399245689655172 0.015804597701149503 0.03717672413793105
0 0.3635955459770115 0.8681303879310345 0.021012931034482762 0.0315193965517242
0 0.6382004310344828 0.3406519396551724 0.03214798850574718 0.035290948275862044
0 0.2720007183908046 0.9261853448275863 0.025682471264367845 0.07650862068965514
0 0.2551185344827586 0.3468480603448276 0.04076867816091956 0.040678879310344807
0 0.3116020114942529 0.7225215517241379 0.025143678160919558 0.0662715517241379
0 0.5621408045977012 0.6985452586206897 0.029454022988505746 0.030711206896551713
0 0.5088002873563219 0.8387661637931034 0.013290229885057459 0.0471443965517242
0 0.4990122126436782 0.49137931034482757 0.02460488505747127 0.04633620689655171
0 0.6046156609195402 0.9788523706896552 0.034662356321839116 0.04229525862068961
0 0.5201149425287357 0.849542025862069 0.025143678160919447 0.04822198275862066
0 0.3089978448275862 0.4560883620689655 0.02855603448275862 0.04148706896551724
0 0.5085308908045977 0.6258081896551724 0.020294540229885027 0.03825431034482751
0 0.3553340517241379 0.7229256465517242 0.02640086206896547 0.02559267241379304
0 0.5086206896551724 0.6623114224137931 0.02083333333333337 0.04714439655172409
0 0.280621408045977 0.4820851293103448 0.02819683908045978 0.03744612068965514
0 0.5078125 0.7068965517241379 0.01921695402298851 0.03879310344827591
0 0.2703843390804598 0.5196659482758621 0.029992816091954033 0.04633620689655171
