0 0.5730064655172413 0.6047952586206897 0.02819683908045978 0.04256465517241381
0 0.665319683908046 0.5211476293103449 0.020653735632183867 0.03313577586206895
0 0.3168103448275862 0.20945581896551724 0.022988505747126464 0.037446120689655166
0 0.2937320402298851 0.11786099137931035 0.02424568965517243 0.040678879310344834
0 0.3751795977011494 0.5952316810344828 0.02191091954022989 0.034213362068965525
0 0.49865301724137934 0.4249730603448276 0.02783764367816094 0.04175646551724138
0 0.484375 0.23127693965517243 0.028017241379310387 0.03582974137931036
0 0.40104166666666663 0.47831357758620685 0.02262931034482757 0.047144396551724144
0 0.41900143678160917 0.5088900862068966 0.02478448275862072 0.044181034482758674
0 0.4332794540229885 0.22750538793103448 0.023168103448275912 0.034213362068965525
0 0.34895833333333337 0.24717133620689655 0.01903735632183906 0.03582974137931033
0 0.5556752873563219 0.45447198275862066 0.024066091954022983 0.032866379310344807
0 0.2645474137931034 0.14601293103448276 0.024425287356321823 0.03178879310344829
0 0.3394396551724138 0.38469827586206895 0.020114942528735635 0.045797413793103425
0 0.26733117816091956 0.23046875 0.02424568965517243 0.03313577586206895
0 0.46219468390804597 0.6685075431034483 0.01921695402298851 0.030441810344827624
0 0.6280531609195402 0.5463362068965517 0.02298850574712641 0.04525862068965525
0 0.47279094827586204 0.5498383620689655 0.022808908045977017 0.0350215517241379
0 0.3369252873563218 0.2300646551724138 0.020474137931034475 0.030172413793103453
0 0.5158943965517242 0.4678071120689655 0.019576149425287404 0.05037715517241381
0 0.5510955459770115 0.630926724137931 0.020294540229885083 0.033943965517241326
0 0.6791487068965517 0.7489224137931034 0.021731321839080442 0.03448275862068961
0 0.5803699712643677 0.49191810344827586 0.02460488505747127 0.03448275862068961
0 0.7072557471264368 0.6887122844827587 0.02011494252873569 0.030441810344827513
0 0.5755208333333333 0.7161907327586207 0.02604166666666663 0.036368534482758674
0 0.6174568965517242 0.7318157327586208 0.02011494252873558 0.03475215517241381
0 0.5803699712643678 0.4520474137931034 0.020653735632183867 0.042025862068965525
0 0.375 0.6919450431034483 0.02837643678160917 0.0466056034482758
0 0.3897270114942529 0.6123383620689655 0.025862068965517238 0.04741379310344829
0 0.6909123563218391 0.7058189655172413 0.01867816091954022 0.028017241379310387
0 0.6860632183908046 0.6404903017241379 0.021910919540229945 0.03151939655172409
0 0.5988685344827587 0.47023168103448276 0.023527298850574696 0.03367456896551724
0 0.46012931034482757 0.5068696120689655 0.029454022988505746 0.037984913793103425
0 0.5925826149425287 0.6338900862068966 0.027837643678160884 0.03717672413793105
0 0.3515625 0.3402478448275862 0.021731321839080442 0.035021551724137956
0 0.405621408045977 0.650323275862069 0.0274784482758621 0.05603448275862066
0 0.5555854885057472 0.4955549568965517 0.02676005747126442 0.043911637931034475
0 0.5053879310344828 0.5440463362068966 0.02298850574712641 0.03475215517241381
0 0.5316989942528736 0.46619073275862066 0.02676005747126442 0.0546875
0 0.6275143678160919 0.5827047413793103 0.020474137931034475 0.02909482758620696
0 0.6760955459770115 0.4880118534482759 0.01778017241379315 0.030980603448275856
0 0.3734734195402299 0.2535021551724138 0.022090517241379337 0.033405172413793094
0 0.37778376436781613 0.6423760775862069 0.023886494252873536 0.05522629310344829
0 0.47521551724137934 0.1936961206896552 0.02478448275862072 0.0398706896551724
0 0.3672772988505747 0.4482758620689655 0.029813218390804586 0.038793103448275856
0 0.4108297413793104 0.5389278017241379 0.022449712643678177 0.028286637931034475
0 0.6894755747126438 0.67578125 0.02011494252873558 0.030441810344827624
0 0.6060524425287357 0.5021551724137931 0.024245689655172487 0.038793103448275856
0 0.36269755747126436 0.5223599137931034 0.021372126436781658 0.0431034482758621
0 0.4786278735632184 0.44679418103448276 0.025862068965517238 0.037984913793103425
0 0.4343570402298851 0.5549568965517242 0.02640086206896547 0.05010775862068961
0 0.4286099137931034 0.6150323275862069 0.026041666666666685 0.03771551724137934
0 0.2893318965517241 0.15732758620689655 0.03089080459770116 0.033405172413793094
0 0.6263469827586208 0.4811422413793104 0.019576149425287404 0.02424568965517243
0 0.6595725574712643 0.49245689655172414 0.020294540229884972 0.026939655172413812
0 0.40391522988505746 0.6946390086206897 0.024066091954022983 0.03636853448275856
0 0.647180316091954 0.7210398706896552 0.022090517241379226 0.03259698275862066
0 0.6871408045977011 0.6078933189655172 0.020474137931034475 0.02936422413793105
0 0.6923491379310345 0.5216864224137931 0.03268678160919536 0.029903017241379337
0 0.7271012931034483 0.665948275862069 0.024964080459770166 0.03125
0 0.3473419540229885 0.1015625 0.02442528735632188 0.0382543103448276
0 0.6584051724137931 0.7815193965517242 0.02011494252873558 0.03879310344827591
0 0.5352011494252873 0.5985991379310345 0.021192528735632155 0.02909482758620685
0 0.5795617816091954 0.5247844827586208 0.02155172413793105 0.03286637931034486
0 0.4355244252873563 0.484375 0.02227011494252873 0.032866379310344807
0 0.3583872126436782 0.6244612068965517 0.023527298850574696 0.0393318965517242
0 0.4061602011494253 0.4291487068965517 0.026400862068965525 0.03125
0 0.35820761494252873 0.5634428879310345 0.024245689655172376 0.0390625
0 0.43256106321839083 0.4214709051724138 0.02568247126436779 0.034213362068965525
0 0.5289152298850575 0.5132004310344828 0.026221264367816133 0.039870689655172376
0 0.4432471264367816 0.7238685344827587 0.02227011494252873 0.036099137931034586
0 0.29813218390804597 0.24245689655172414 0.024425287356321823 0.033405172413793066
0 0.3812859195402299 0.5169719827586207 0.02765804597701149 0.061422413793103425
0 0.6600215517241379 0.6516702586206897 0.02083333333333337 0.03178879310344829
0 0.7024066091954023 0.8244881465517242 0.0193965517241379 0.05253232758620696
0 0.4215158045977011 0.45932112068965514 0.03627873563218392 0.04418103448275862
0 0.603448275862069 0.6865571120689655 0.02011494252873569 0.042295258620689724
0 0.5983297413793104 0.6082974137931034 0.02532327586206895 0.04094827586206895
0 0.3488685344827586 0.5154903017241379 0.021731321839080442 0.043911637931034475
0 0.46282327586206895 0.5777209051724138 0.025143678160919558 0.037984913793103425
0 0.38101652298850575 0.55859375 0.027837643678160884 0.03744612068965525
0 0.328125 0.3507543103448276 0.022629310344827624 0.03017241379310348
0 0.6420617816091954 0.6029094827586208 0.021192528735632155 0.03879310344827591
0 0.4949712643678161 0.4727909482758621 0.027298850574712596 0.04633620689655177
0 0.44926364942528735 0.5320581896551724 0.02532327586206895 0.04364224137931039
0 0.6419719827586208 0.7524245689655172 0.01849856321839083 0.03340517241379315
0 0.4382183908045977 0.6916756465517242 0.02873563218390801 0.03205818965517249
0 0.5573814655172413 0.7619881465517241 0.019935344827586188 0.0390625
0 0.725933908045977 0.8048221982758621 0.024425287356321768 0.03313577586206895
0 0.5689655172413793 0.6808997844827587 0.018318965517241326 0.03313577586206906
0 0.6755567528735632 0.5616918103448276 0.020653735632183867 0.03340517241379304
0 0.5527119252873564 0.7015086206896552 0.01921695402298851 0.03448275862068961
0 0.546875 0.4267241379310345 0.03053160919540221 0.030711206896551713
0 0.2534123563218391 0.1736260775862069 0.023706896551724144 0.02667025862068964
0 0.4814116379310345 0.5255926724137931 0.024245689655172376 0.042025862068965525
0 0.3855064655172413 0.37661637931034486 0.03394396551724138 0.040948275862069006
0 0.3229166666666667 0.25363685344827586 0.02155172413793105 0.030441810344827597
0 0.6669360632183907 0.6170528017241379 0.022090517241379337 0.034213362068965525
0 0.619073275862069 0.7047413793103448 0.019755747126436796 0.030711206896551713
0 0.6869612068965517 0.7782866379310345 0.021910919540229834 0.0425646551724137
0 0.7104885057471264 0.5424299568965517 0.020474137931034475 0.02936422413793105
0 0.5269396551724138 0.5614224137931034 0.02909482758620685 0.05603448275862066
0 0.4718929597701149 0.48693426724137934 0.02783764367816094 0.03582974137931033
0 0.6608297413793103 0.7451508620689655 0.021372126436781547 0.036099137931034475
0 0.6726831896551724 0.6949084051724138 0.021012931034482762 0.035829741379310276
0 0.7112966954022988 0.7804418103448276 0.024245689655172487 0.036099137931034475
0 0.724676724137931 0.7125538793103448 0.028735632183908066 0.03556034482758619
0 0.5097880747126436 0.5099676724137931 0.01921695402298851 0.03394396551724138
0 0.5998563218390804 0.43776939655172414 0.021192528735632155 0.030711206896551713
0 0.2755028735632184 0.19558189655172414 0.030172413793103425 0.03178879310344829
0 0.35281968390804597 0.30495689655172414 0.022090517241379337 0.03178879310344829
0 0.7051005747126436 0.6341594827586208 0.024066091954022983 0.03879310344827591
0 0.3983477011494253 0.23841594827586207 0.02262931034482757 0.029633620689655193
0 0.6025502873563218 0.5596713362068966 0.03340517241379304 0.0390625
0 0.6345186781609196 0.6408943965517242 0.018318965517241326 0.02909482758620696
0 0.7075251436781609 0.7462284482758621 0.023168103448275912 0.030711206896551713
0 0.29974856321839083 0.3092672413793104 0.01903735632183906 0.035021551724137956
0 0.6451149425287357 0.6783405172413793 0.02298850574712652 0.0431034482758621
0 0.615301724137931 0.6243265086206897 0.02155172413793105 0.03636853448275856
0 0.6188038793103448 0.4552801724137931 0.022090517241379337 0.032327586206896575
0 0.6381106321839081 0.4643049568965517 0.018318965517241326 0.034213362068965525
0 0.6655890804597702 0.5699084051724137 0.02011494252873558 0.05414870689655171
0 0.6988146551724137 0.5852640086206897 0.023347701149425304 0.03205818965517249
0 0.3838900862068966 0.22157866379310345 0.020294540229885027 0.03044181034482757
0 0.6226652298850575 0.6691810344827587 0.021910919540229834 0.03556034482758619
0 0.44926364942528735 0.6051993534482758 0.018139367816091934 0.03690732758620696
0 0.5960847701149425 0.7195581896551724 0.017600574712643757 0.024784482758620663
0 0.42358117816091956 0.6555765086206897 0.013110632183908011 0.03852370689655171
0 0.5917744252873562 0.6996228448275863 0.013649425287356354 0.019935344827586188
0 0.5531609195402298 0.5218211206896551 0.015804597701149503 0.0118534482758621
0 0.35739942528735635 0.2782866379310345 0.01903735632183906 0.03394396551724138
0 0.5972521551724137 0.6590786637931034 0.023527298850574696 0.028825431034482762
0 0.3156429597701149 0.40436422413793105 0.02711925287356326 0.036099137931034475
0 0.6479885057471264 0.5716594827586207 0.0193965517241379 0.026400862068965525
0 0.4589619252873563 0.6959859913793103 0.01921695402298851 0.027747844827586188
0 0.6668462643678161 0.7137661637931034 0.01939655172413801 0.026670258620689613
0 0.3472521551724138 0.4994612068965517 0.021012931034482762 0.02209051724137928
0 0.5075431034482758 0.5681573275862069 0.017600574712643646 0.020474137931034475
0 0.5680675287356322 0.42551185344827586 0.016882183908045967 0.025053879310344862
0 0.3614403735632184 0.06707974137931035 0.020653735632183867 0.05172413793103448
0 0.546246408045977 0.7385506465517242 0.020294540229885083 0.03960129310344829
0 0.43166307471264365 0.6408943965517242 0.01670258620689652 0.024245689655172487
0 0.37383261494252873 0.7120150862068966 0.02388649425287359 0.03178879310344829
0 0.5550466954022988 0.5639816810344828 0.025682471264367845 0.054148706896551824
0 0.4930854885057472 0.5152209051724138 0.01454741379310348 0.03475215517241376
0 0.6091056034482758 0.42578125 0.01849856321839083 0.01751077586206895
0 0.46488864942528735 0.6384698275862069 0.013829022988505746 0.03663793103448276
0 0.3942169540229885 0.20325969827586207 0.019755747126436796 0.031519396551724144
0 0.33620689655172414 0.2813846982758621 0.019755747126436796 0.037446120689655193
0 0.40104166666666663 0.5234375 0.01221264367816094 0.037715517241379226
0 0.5863864942528736 0.6710668103448276 0.012571839080459779 0.03394396551724144
0 0.3166307471264368 0.3638200431034483 0.02155172413793105 0.043911637931034475
0 0.6107219827586207 0.5936153017241379 0.021731321839080442 0.0272090517241379
0 0.6821120689655172 0.7266971982758621 0.016163793103448176 0.02128232758620685
0 0.5480423850574713 0.8317618534482758 0.0199353448275863 0.05307112068965514
0 0.44665948275862066 0.6500538793103448 0.022270114942528785 0.029633620689655138
0 0.5685165229885057 0.6458782327586208 0.016702586206896575 0.027747844827586188
0 0.5649245689655172 0.5870150862068966 0.02676005747126431 0.05926724137931039
0 0.625 0.4330549568965517 0.021192528735632266 0.02936422413793105
0 0.7142600574712643 0.7355872844827587 0.035201149425287404 0.04337284482758619
0 0.6296695402298851 0.6124730603448276 0.013290229885057459 0.028286637931034475
0 0.31366738505747127 0.26926185344827586 0.01921695402298851 0.028286637931034475
0 0.41531968390804597 0.25148168103448276 0.013829022988505746 0.04121767241379312
0 0.358746408045977 0.4170258620689655 0.02496408045977011 0.032327586206896575
0 0.4071479885057471 0.5530711206896551 0.020474137931034475 0.02155172413793105
0 0.5496587643678161 0.66015625 0.015265804597701105 0.032596982758620774
0 0.41585847701149425 0.5639816810344828 0.013829022988505746 0.014816810344827624
0 0.6749281609195403 0.6616379310344828 0.016163793103448287 0.030711206896551824
0 0.3358477011494253 0.3199084051724138 0.017241379310344807 0.034213362068965525
0 0.4014008620689655 0.4174299568965517 0.029454022988505746 0.04229525862068967
0 0.4379489942528736 0.25794719827586204 0.017780172413793094 0.04014008620689655
0 0.5944683908045978 0.5218211206896551 0.010057471264367845 0.042025862068965525
0 0.6482579022988506 0.6403556034482758 0.01490660919540232 0.02909482758620696
0 0.7084231321839081 0.6580010775862069 0.02604166666666663 0.03313577586206895
0 0.6587643678160919 0.6150323275862069 0.013649425287356354 0.03502155172413801
0 0.3872126436781609 0.4240301724137931 0.017241379310344807 0.0431034482758621
0 0.6092852011494253 0.5330010775862069 0.021372126436781658 0.034213362068965525
0 0.40301724137931033 0.2917564655172413 0.023347701149425304 0.03394396551724138
0 0.5296336206896551 0.6305226293103449 0.007183908045977017 0.02936422413793105
0 0.39556393678160917 0.5717941810344827 0.019576149425287348 0.03367456896551724
0 0.45285560344827586 0.2466325431034483 0.01634339080459768 0.049838362068965525
0 0.3948455459770115 0.3103448275862069 0.022090517241379337 0.046875
0 0.6534662356321839 0.5413523706896551 0.01634339080459768 0.043911637931034475
0 0.7165948275862069 0.6833243534482759 0.01113505747126442 0.0234375
0 0.40804597701149425 0.5940193965517242 0.015445402298850608 0.05118534482758619
0 0.38945761494252873 0.4602640086206896 0.020294540229885083 0.030980603448275856
0 0.46839080459770116 0.24461206896551724 0.01795977011494254 0.05118534482758619
0 0.6954022988505748 0.5510506465517242 0.017600574712643646 0.01966594827586199
0 0.4245689655172414 0.5773168103448276 0.01795977011494254 0.022629310344827513
0 0.6357758620689655 0.7190193965517242 0.008620689655172376 0.030711206896551713
0 0.3591954022988506 0.36907327586206895 0.01903735632183906 0.04256465517241381
0 0.35371767241379315 0.45110452586206895 0.02424568965517243 0.043911637931034475
0 0.6409841954022988 0.5262661637931034 0.014727011494252928 0.02936422413793105
0 0.31788793103448276 0.31101831896551724 0.025143678160919558 0.028286637931034475
0 0.7147090517241379 0.5964439655172413 0.008081896551724088 0.01778017241379304
0 0.2645474137931034 0.1861530172413793 0.029813218390804586 0.023706896551724144
0 0.7080639367816092 0.6130118534482759 0.015625 0.028286637931034475
0 0.42420977011494254 0.5913254310344828 0.01867816091954022 0.014547413793103425
0 0.6344288793103448 0.6916756465517242 0.008800287356321879 0.022898706896551713
0 0.6263469827586207 0.5122575431034483 0.014547413793103425 0.02182112068965525
0 0.6585847701149425 0.4686153017241379 0.019755747126436796 0.02235991379310348
0 0.7220725574712643 0.6344288793103449 0.013110632183907955 0.03125
0 0.6875 0.5431034482758621 0.019755747126436685 0.018857758620689613
