0 0.38029813218390807 0.08688038793103448 0.02460488505747127 0.03367456896551725
0 0.38460847701149425 0.030172413793103446 0.021372126436781658 0.029633620689655173
0 0.5863864942528736 0.13779633620689655 0.02083333333333337 0.04175646551724138
0 0.6136853448275862 0.7473060344827587 0.021910919540229834 0.03825431034482751
0 0.7262033045977012 0.4457165948275862 0.02244971264367812 0.02990301724137928
0 0.5286458333333333 0.08566810344827586 0.019576149425287404 0.0269396551724138
0 0.4520474137931034 0.642510775862069 0.017959770114942486 0.033943965517241326
0 0.5563038793103449 0.2555226293103448 0.024245689655172376 0.03367456896551721
0 0.6295797413793104 0.584051724137931 0.021731321839080442 0.02909482758620685
0 0.42465876436781613 0.4387122844827586 0.023168103448275856 0.03852370689655171
0 0.6779813218390804 0.6437230603448276 0.020474137931034475 0.030980603448275912
0 0.5438218390804598 0.29849137931034486 0.024066091954022983 0.040948275862069006
0 0.6100933908045978 0.7121497844827587 0.02227011494252873 0.034213362068965414
0 0.7019576149425288 0.6457435344827587 0.021012931034482762 0.03125
0 0.6156609195402298 0.6606950431034482 0.01939655172413801 0.028825431034482762
0 0.6752873563218391 0.7126885775862069 0.020474137931034475 0.02720905172413801
0 0.469378591954023 0.14520474137931033 0.021731321839080442 0.0360991379310345
0 0.6499640804597702 0.5666756465517242 0.024784482758620663 0.037984913793103536
0 0.6497844827586207 0.5290948275862069 0.024066091954022983 0.03663793103448276
0 0.4461206896551724 0.1775323275862069 0.02262931034482757 0.042025862068965525
0 0.6278735632183908 0.6271551724137931 0.02011494252873569 0.030711206896551713
0 0.6373024425287357 0.31276939655172414 0.03035201149425293 0.038254310344827624
0 0.48177083333333337 0.634698275862069 0.017780172413793094 0.02963362068965525
0 0.48572198275862066 0.3760775862068966 0.021012931034482707 0.04795258620689652
0 0.4801544540229885 0.32179418103448276 0.025682471264367845 0.04121767241379315
0 0.610632183908046 0.09334590517241378 0.030890804597701216 0.0347521551724138
0 0.5966235632183908 0.6755118534482758 0.02298850574712641 0.040140086206896464
0 0.6356860632183908 0.4304956896551724 0.020294540229885083 0.029094827586206906
0 0.5021551724137931 0.3611260775862069 0.025862068965517238 0.03852370689655171
0 0.6579561781609196 0.6604256465517242 0.02388649425287359 0.03960129310344829
0 0.6483477011494253 0.6147629310344828 0.0193965517241379 0.030711206896551824
0 0.4964978448275862 0.5237068965517242 0.021012931034482818 0.03556034482758619
0 0.6968390804597702 0.4259159482758621 0.02011494252873558 0.033405172413793094
0 0.6654094827586208 0.623114224137931 0.01867816091954022 0.028017241379310276
0 0.6796875 0.7571390086206897 0.024964080459770166 0.03582974137931039
0 0.5555854885057472 0.3341864224137931 0.026400862068965414 0.043911637931034475
0 0.6743893678160919 0.8279903017241379 0.021192528735632155 0.03475215517241381
0 0.4306752873563219 0.5639816810344828 0.02262931034482757 0.029903017241379226
0 0.5041307471264368 0.2510775862068966 0.0330459770114942 0.039331896551724144
0 0.44746767241379315 0.1400862068965517 0.021372126436781602 0.030172413793103453
0 0.43211206896551724 0.4900323275862069 0.029454022988505746 0.04849137931034486
0 0.6928879310344828 0.560614224137931 0.022629310344827624 0.03556034482758619
0 0.6680136494252873 0.5692349137931034 0.019576149425287404 0.03663793103448276
0 0.4944324712643678 0.41769935344827586 0.027298850574712596 0.04229525862068961
0 0.49254669540229884 0.4637661637931034 0.029274425287356354 0.049838362068965525
0 0.724676724137931 0.5638469827586208 0.022629310344827624 0.03448275862068961
0 0.4636314655172414 0.6124730603448276 0.020653735632183867 0.029903017241379337
0 0.6107219827586208 0.13348599137931033 0.029274425287356354 0.039062499999999986
0 0.5041307471264368 0.1507273706896552 0.02191091954022989 0.04283405172413793
0 0.6509518678160919 0.7404364224137931 0.023527298850574696 0.02936422413793105
0 0.580010775862069 0.32664331896551724 0.025682471264367845 0.03636853448275862
0 0.38433908045977017 0.18507543103448276 0.02191091954022989 0.03125
0 0.6986350574712643 0.48612607758620685 0.03053160919540232 0.041217672413793094
0 0.5249640804597702 0.05778556034482759 0.02155172413793094 0.029364224137931036
0 0.6504130747126436 0.7718211206896552 0.026400862068965525 0.03394396551724144
0 0.5112248563218391 0.28717672413793105 0.02604166666666663 0.032866379310344807
0 0.4802442528735632 0.11476293103448276 0.02227011494252873 0.03125
0 0.5368175287356322 0.19342672413793105 0.03125 0.042564655172413784
0 0.4172054597701149 0.49932650862068967 0.022270114942528785 0.04660560344827591
0 0.6735811781609196 0.7916217672413792 0.02388649425287359 0.03960129310344829
0 0.4057112068965517 0.05616918103448276 0.019755747126436796 0.030980603448275863
0 0.4629130747126437 0.6791487068965518 0.017420977011494254 0.030711206896551713
0 0.6686422413793103 0.36745689655172414 0.026221264367816022 0.05010775862068961
0 0.7217133620689655 0.6431842672413792 0.021012931034482762 0.03852370689655171
0 0.5859375 0.5258620689655172 0.028196839080459668 0.03286637931034475
0 0.6076688218390804 0.5967133620689655 0.023527298850574696 0.0350215517241379
0 0.6547234195402298 0.6978717672413793 0.018857758620689613 0.02936422413793105
0 0.4655172413793104 0.6483028017241379 0.01903735632183906 0.030441810344827624
0 0.46210488505747127 0.4877424568965517 0.021192528735632155 0.037984913793103425
0 0.6273347701149425 0.5066002155172413 0.03125 0.04714439655172409
0 0.6899245689655172 0.6142241379310345 0.020653735632183867 0.03286637931034475
0 0.7109375 0.6091056034482759 0.02101293103448265 0.03125
0 0.4817708333333333 0.2482489224137931 0.02532327586206895 0.0390625
0 0.6147629310344828 0.5576508620689655 0.02155172413793105 0.0387931034482758
0 0.4181034482758621 0.2299299568965517 0.02262931034482757 0.03259698275862069
0 0.6469109195402298 0.8217941810344828 0.02298850574712652 0.043911637931034475
0 0.5893498563218391 0.5099676724137931 0.025682471264367845 0.031250000000000056
0 0.6341594827586207 0.6619073275862069 0.0193965517241379 0.030172413793103536
0 0.7059985632183907 0.6744342672413792 0.025862068965517238 0.028825431034482762
0 0.7249461206896552 0.5202047413793103 0.02244971264367812 0.03286637931034486
0 0.5431034482758621 0.41945043103448276 0.020474137931034475 0.02855603448275862
0 0.4276221264367816 0.021955818965517238 0.020474137931034475 0.032596982758620684
0 0.40768678160919536 0.09563577586206896 0.023706896551724144 0.03232758620689655
0 0.3962823275862069 0.2931034482758621 0.021012931034482762 0.03017241379310348
0 0.4686602011494253 0.5708512931034483 0.01921695402298851 0.036099137931034475
0 0.6065912356321839 0.6341594827586208 0.021731321839080442 0.03771551724137934
0 0.6124281609195402 0.35304418103448276 0.03053160919540221 0.04822198275862066
0 0.4532147988505747 0.44665948275862066 0.02424568965517243 0.05010775862068967
0 0.5584590517241379 0.3900862068965517 0.02460488505747127 0.054418103448275856
0 0.5765086206896552 0.4810075431034483 0.017600574712643646 0.03044181034482757
0 0.6779813218390804 0.4128502155172414 0.025143678160919558 0.04445043103448276
0 0.5993175287356323 0.55859375 0.01867816091954022 0.03313577586206895
0 0.6299389367816092 0.3910290948275862 0.021731321839080442 0.03798491379310348
0 0.46542744252873564 0.3038793103448276 0.030711206896551713 0.03825431034482757
0 0.6375718390804598 0.7221174568965517 0.026221264367816133 0.029903017241379226
0 0.4801544540229885 0.6697198275862069 0.021731321839080442 0.03286637931034486
0 0.4527658045977011 0.5445851293103448 0.020833333333333315 0.03744612068965514
0 0.44692887931034486 0.015490301724137932 0.019935344827586243 0.030441810344827586
0 0.4207974137931034 0.36085668103448276 0.033045977011494254 0.03690732758620685
0 0.6908225574712643 0.375 0.024245689655172487 0.036099137931034475
0 0.634698275862069 0.6924838362068966 0.020474137931034475 0.02936422413793105
0 0.4595007183908046 0.3498114224137931 0.036099137931034475 0.04337284482758619
0 0.5070941091954023 0.3204471982758621 0.03214798850574718 0.04014008620689652
0 0.7377873563218391 0.6038523706896551 0.022629310344827624 0.037984913793103425
0 0.5176005747126436 0.41150323275862066 0.0193965517241379 0.03475215517241376
0 0.6703484195402298 0.6885775862068966 0.01921695402298851 0.036099137931034475
0 0.5843211206896552 0.560614224137931 0.01778017241379304 0.033943965517241326
0 0.4677622126436782 0.3985721982758621 0.021012931034482762 0.03582974137931033
0 0.5913254310344828 0.3702855603448276 0.026400862068965525 0.05145474137931033
0 0.4431573275862069 0.3019935344827586 0.021012931034482762 0.032327586206896575
0 0.7044719827586208 0.5262661637931034 0.019576149425287404 0.0352909482758621
0 0.4805136494252874 0.5981950431034483 0.017780172413793094 0.028286637931034475
0 0.5880926724137931 0.6038523706896552 0.022090517241379337 0.03690732758620696
0 0.5260416666666666 0.33957435344827586 0.024066091954022983 0.053609913793103425
0 0.608746408045977 0.4566271551724138 0.03142959770114939 0.05549568965517243
0 0.6977370689655172 0.70703125 0.02011494252873569 0.029903017241379226
0 0.5530711206896551 0.10075431034482758 0.02388649425287359 0.032866379310344834
0 0.6403556034482758 0.3510237068965517 0.02532327586206906 0.04148706896551724
0 0.42932830459770116 0.5352909482758621 0.020294540229885083 0.026400862068965525
0 0.41127873563218387 0.2704741379310345 0.02119252873563221 0.03448275862068967
0 0.4259159482758621 0.12365301724137931 0.020653735632183923 0.03502155172413794
0 0.4484554597701149 0.4129849137931034 0.023706896551724144 0.03771551724137928
0 0.5511853448275863 0.2330280172413793 0.025862068965517238 0.02801724137931033
0 0.4886853448275862 0.5618265086206897 0.019396551724137956 0.029903017241379337
0 0.6494252873563218 0.4055765086206896 0.028017241379310387 0.041217672413793094
0 0.5783943965517242 0.6481681034482758 0.023527298850574696 0.03556034482758619
0 0.5923132183908046 0.4112338362068966 0.02298850574712652 0.02990301724137928
0 0.673132183908046 0.46632543103448276 0.02298850574712641 0.03394396551724138
0 0.6110811781609196 0.39480064655172414 0.022449712643678232 0.03582974137931039
0 0.5087104885057471 0.08149245689655173 0.021372126436781602 0.034752155172413784
0 0.7460488505747127 0.5424299568965517 0.030890804597701105 0.0352909482758621
0 0.6797772988505747 0.5286907327586207 0.032327586206896575 0.03690732758620685
0 0.4330100574712644 0.39426185344827586 0.02191091954022989 0.0428340517241379
0 0.5706716954022988 0.29054418103448276 0.03394396551724144 0.04067887931034486
0 0.5827047413793104 0.2626616379310345 0.02532327586206895 0.03717672413793102
0 0.5385237068965517 0.3597790948275862 0.021731321839080442 0.028825431034482762
0 0.7257543103448276 0.48949353448275856 0.020474137931034475 0.027478448275862044
0 0.6639727011494253 0.5014816810344828 0.02765804597701149 0.0315193965517242
0 0.4521372126436781 0.04727909482758621 0.020653735632183923 0.030441810344827583
0 0.578753591954023 0.3778286637931034 0.016702586206896575 0.05360991379310348
0 0.6188038793103448 0.3426724137931034 0.02604166666666663 0.042025862068965525
0 0.5388829022988506 0.05064655172413793 0.02244971264367812 0.028017241379310352
0 0.6493354885057472 0.3620689655172413 0.023527298850574696 0.04956896551724138
0 0.6493354885057472 0.30711206896551724 0.023527298850574696 0.04956896551724138
0 0.5688757183908046 0.1271551724137931 0.020653735632183978 0.04579741379310345
0 0.545617816091954 0.13348599137931036 0.019755747126436796 0.04121767241379311
0 0.5404094827586207 0.3825431034482759 0.01795977011494254 0.023706896551724144
0 0.5233477011494253 0.36961206896551724 0.015445402298850608 0.017241379310344862
0 0.5241558908045977 0.11301185344827586 0.021372126436781658 0.0234375
0 0.5121228448275863 0.38133081896551724 0.021012931034482762 0.023976293103448287
0 0.5228987068965517 0.1431842672413793 0.020294540229885083 0.034213362068965525
0 0.5352011494252873 0.3973599137931034 0.025143678160919447 0.03825431034482757
0 0.3922413793103448 0.15005387931034483 0.025862068965517238 0.03448275862068967
0 0.4708153735632184 0.43440193965517243 0.015625 0.03475215517241381
0 0.4098419540229885 0.15921336206896552 0.01831896551724138 0.033405172413793094
0 0.5320581896551724 0.24420797413793105 0.01778017241379304 0.0476831896551724
0 0.4452227011494253 0.5029633620689655 0.02478448275862072 0.0549568965517242
0 0.4806034482758621 0.5063308189655172 0.015804597701149448 0.031519396551724144
0 0.5224497126436782 0.26953125 0.01867816091954022 0.00996767241379315
0 0.4401939655172414 0.2937769396551724 0.02981321839080464 0.030980603448275856
0 0.47009698275862066 0.533135775862069 0.020294540229885027 0.03663793103448276
0 0.4422593390804598 0.595770474137931 0.017061781609195414 0.046066810344827624
0 0.45141882183908044 0.6033135775862069 0.020294540229885027 0.025053879310344862
0 0.5705818965517242 0.41271551724137934 0.014727011494252928 0.017780172413793094
0 0.5877334770114943 0.4267241379310345 0.022090517241379226 0.03556034482758619
0 0.5820761494252873 0.4463900862068966 0.026580459770115028 0.025323275862069006
0 0.5942887931034483 0.47077047413793105 0.014727011494252817 0.037446120689655193
0 0.6161099137931034 0.48316271551724144 0.03142959770114939 0.03798491379310348
0 0.7017780172413793 0.7429956896551724 0.02388649425287359 0.046875
0 0.7165050287356323 0.6997575431034483 0.017420977011494254 0.026670258620689724
0 0.6892959770114943 0.6858836206896552 0.018318965517241326 0.028017241379310387
0 0.6837284482758621 0.662042025862069 0.024066091954022983 0.020743534482758674
0 0.6487068965517242 0.6437230603448276 0.01939655172413801 0.028286637931034475
0 0.6800466954022988 0.595635775862069 0.019576149425287404 0.030711206896551713
0 0.6629849137931034 0.5980603448275862 0.01634339080459768 0.0231681034482758
0 0.7071659482758621 0.5631734913793104 0.02388649425287359 0.043911637931034475
0 0.6966594827586208 0.5848599137931034 0.02227011494252873 0.022090517241379337
0 0.7196479885057472 0.5945581896551724 0.021192528735632155 0.03340517241379304
0 0.634698275862069 0.5476831896551724 0.01724137931034475 0.05926724137931039
0 0.618444683908046 0.521417025862069 0.01778017241379315 0.035829741379310276
0 0.6980064655172413 0.45851293103448276 0.021372126436781547 0.03771551724137934
0 0.7118354885057472 0.43911637931034486 0.011673850574712596 0.03394396551724138
0 0.7359913793103449 0.4800646551724138 0.022629310344827624 0.03125
0 0.7157866379310345 0.4686153017241379 0.015265804597701216 0.023976293103448232
0 0.6760057471264368 0.4364224137931034 0.022629310344827624 0.02855603448275862
0 0.6536458333333333 0.4368265086206896 0.022090517241379337 0.025592672413793094
0 0.5113146551724138 0.4484105603448276 0.012212643678160884 0.03582974137931033
0 0.617816091954023 0.6862877155172413 0.01724137931034475 0.02559267241379304
0 0.625628591954023 0.7213092672413793 0.010237068965517238 0.0390625
0 0.6830100574712643 0.7466325431034483 0.02442528735632188 0.041756465517241326
