0 0.48473419540229884 0.6955818965517242 0.024784482758620663 0.029633620689655138
0 0.4796156609195402 0.6658135775862069 0.01921695402298851 0.03151939655172409
0 0.4317528735632184 0.5665409482758621 0.02442528735632188 0.029633620689655138
0 0.6357758620689655 0.72265625 0.018318965517241326 0.0315193965517242
0 0.578125 0.23329741379310345 0.025143678160919558 0.030711206896551713
0 0.38532686781609193 0.09765625 0.022808908045977017 0.034752155172413784
0 0.6582255747126438 0.43601831896551724 0.023347701149425304 0.0390625
0 0.4448635057471264 0.7149784482758621 0.01831896551724138 0.032327586206896575
0 0.47485632183908044 0.7342403017241379 0.020833333333333315 0.04175646551724144
0 0.6371228448275862 0.8172144396551724 0.020653735632183867 0.03205818965517249
0 0.4495330459770115 0.6869612068965517 0.016882183908045967 0.026400862068965525
0 0.5512751436781609 0.4613415948275862 0.018139367816091934 0.034213362068965525
0 0.6694504310344828 0.40167025862068967 0.0231681034482758 0.03178879310344829
0 0.5088002873563219 0.34523168103448276 0.025143678160919614 0.04175646551724138
0 0.4603987068965517 0.46457435344827586 0.022090517241379337 0.04229525862068961
0 0.6538254310344828 0.6536907327586207 0.018139367816091934 0.028286637931034475
0 0.46417025862068967 0.6430495689655172 0.017420977011494254 0.026400862068965525
0 0.45492097701149425 0.22898706896551724 0.019037356321839116 0.02855603448275862
0 0.4568965517241379 0.5141433189655172 0.019396551724137956 0.037446120689655193
0 0.46417025862068967 0.5587284482758621 0.017420977011494254 0.02909482758620685
0 0.4069683908045977 0.13685344827586207 0.01831896551724138 0.02855603448275862
0 0.5171515804597702 0.31438577586206895 0.021372126436781547 0.029094827586206906
0 0.6329022988505747 0.3329741379310345 0.028017241379310276 0.03394396551724138
0 0.4779992816091954 0.5775862068965517 0.017420977011494254 0.0274784482758621
0 0.5872844827586207 0.4207974137931034 0.02155172413793105 0.03017241379310348
0 0.5780352011494253 0.29431573275862066 0.022808908045977017 0.02667025862068967
0 0.6048850574712643 0.7551185344827587 0.021910919540229945 0.026400862068965414
0 0.6096443965517242 0.46848060344827586 0.018857758620689613 0.03448275862068961
0 0.4375 0.6462823275862069 0.017241379310344862 0.02747844827586199
0 0.4487248563218391 0.654229525862069 0.017780172413793094 0.027747844827586188
0 0.5713900862068966 0.6072198275862069 0.017420977011494254 0.030172413793103536
0 0.5940193965517242 0.3754040948275862 0.022090517241379337 0.04768318965517243
0 0.4520474137931034 0.6198814655172413 0.01903735632183906 0.03125
0 0.5290948275862069 0.2850215517241379 0.02011494252873558 0.03448275862068967
0 0.5263110632183907 0.4236260775862069 0.022090517241379337 0.03744612068965514
0 0.4991918103448276 0.4730603448275862 0.02640086206896558 0.043103448275862044
0 0.42304238505747127 0.13577586206896552 0.017420977011494254 0.027478448275862058
0 0.4574353448275862 0.42901400862068967 0.019755747126436796 0.03259698275862066
0 0.5676185344827587 0.7130926724137931 0.021012931034482762 0.03933189655172409
0 0.4796156609195402 0.5462015086206896 0.019935344827586188 0.034213362068965525
0 0.5278376436781609 0.3650323275862069 0.020474137931034475 0.045797413793103425
0 0.6589439655172413 0.7743803879310345 0.02083333333333337 0.034213362068965525
0 0.642510775862069 0.4827586206896552 0.021372126436781658 0.030711206896551713
0 0.587823275862069 0.6025053879310345 0.02011494252873569 0.035829741379310276
0 0.6810344827586207 0.6810344827586208 0.020474137931034475 0.03178879310344829
0 0.4411817528735632 0.3556034482758621 0.021731321839080442 0.029633620689655193
0 0.5965337643678161 0.6709321120689655 0.017420977011494254 0.028825431034482762
0 0.6852550287356322 0.6072198275862069 0.018139367816091934 0.028017241379310387
0 0.6338900862068966 0.4265894396551724 0.023527298850574696 0.03636853448275862
0 0.6134159482758621 0.6904633620689655 0.01849856321839083 0.030711206896551713
0 0.5445402298850575 0.2764008620689655 0.024066091954022983 0.030711206896551713
0 0.6203304597701149 0.7311422413793103 0.017600574712643646 0.030711206896551713
0 0.5546875 0.5084859913793104 0.018498563218390718 0.030980603448275856
0 0.5228987068965517 0.21363146551724138 0.01921695402298851 0.027478448275862072
0 0.5043103448275862 0.16123383620689655 0.01903735632183906 0.025592672413793094
0 0.6423311781609196 0.5123922413793103 0.020653735632183867 0.029633620689655138
0 0.5807291666666667 0.7815193965517242 0.019935344827586188 0.03502155172413801
0 0.4722521551724138 0.6077586206896552 0.019935344827586243 0.028017241379310387
0 0.6057830459770115 0.40261314655172414 0.02155172413793105 0.0428340517241379
0 0.3657507183908046 0.28488685344827586 0.015625 0.023976293103448287
0 0.6614583333333334 0.5910560344827587 0.02298850574712641 0.03825431034482751
0 0.4823096264367816 0.29121767241379315 0.022808908045977017 0.03394396551724138
0 0.4723419540229885 0.41945043103448276 0.020474137931034475 0.03394396551724138
0 0.4892241379310345 0.17658943965517243 0.020114942528735635 0.029364224137931022
0 0.4333692528735632 0.5064655172413793 0.026939655172413812 0.042025862068965525
0 0.6022808908045978 0.7279094827586207 0.017420977011494254 0.026400862068965525
0 0.5693247126436782 0.3160021551724138 0.027298850574712596 0.03448275862068967
0 0.5289152298850575 0.4528556034482759 0.02227011494252873 0.02855603448275862
0 0.4484554597701149 0.4797952586206896 0.021551724137930994 0.035021551724137956
0 0.41567887931034486 0.5868803879310345 0.021731321839080497 0.0277478448275863
0 0.5977909482758621 0.62890625 0.021372126436781658 0.02882543103448265
0 0.5036817528735632 0.2966056034482759 0.030352011494252817 0.033405172413793094
0 0.6982758620689655 0.642645474137931 0.021192528735632266 0.03367456896551724
0 0.6593031609195402 0.47885237068965514 0.0193965517241379 0.02990301724137928
0 0.4370510057471264 0.6802262931034483 0.019216954022988453 0.03340517241379315
0 0.4365122126436782 0.22279094827586207 0.018139367816091934 0.026939655172413812
0 0.6317349137931034 0.36907327586206895 0.021012931034482762 0.03987068965517243
0 0.3629669540229885 0.17335668103448276 0.021192528735632155 0.028286637931034475
0 0.616558908045977 0.7719558189655172 0.019037356321839116 0.024515086206896575
0 0.5466954022988506 0.32448814655172414 0.022629310344827624 0.03475215517241381
0 0.5708512931034483 0.4587823275862069 0.022449712643678232 0.0350215517241379
0 0.4331896551724138 0.2587553879310345 0.02119252873563221 0.0390625
0 0.6566091954022988 0.7435344827586207 0.01939655172413801 0.02532327586206895
0 0.6376616379310345 0.7466325431034483 0.018857758620689724 0.024515086206896575
0 0.5920438218390804 0.32341056034482757 0.019576149425287293 0.03475215517241381
0 0.3662895114942529 0.25969827586206895 0.01778017241379315 0.02478448275862072
0 0.4255567528735632 0.1635237068965517 0.01921695402298851 0.027478448275862072
0 0.5062859195402298 0.38442887931034486 0.02442528735632188 0.033405172413793094
0 0.4840158045977011 0.3542564655172414 0.024425287356321823 0.0350215517241379
0 0.6421515804597702 0.7862338362068966 0.021731321839080553 0.032058189655172376
0 0.5769576149425287 0.5090247844827587 0.019576149425287293 0.036907327586206906
0 0.6296695402298851 0.6633890086206897 0.016163793103448287 0.026131465517241437
0 0.554058908045977 0.2894665948275862 0.019755747126436685 0.02936422413793105
0 0.44145114942528735 0.533135775862069 0.0193965517241379 0.03178879310344829
0 0.5802801724137931 0.6419719827586208 0.019755747126436796 0.029633620689655138
0 0.6614583333333334 0.5518588362068966 0.030172413793103425 0.0309806034482758
0 0.6628951149425287 0.6827855603448276 0.020474137931034475 0.029903017241379337
0 0.5794719827586208 0.34738685344827586 0.022090517241379337 0.03367456896551724
0 0.5320581896551724 0.24299568965517243 0.025682471264367845 0.03502155172413793
0 0.5636673850574713 0.48639547413793105 0.02388649425287359 0.028286637931034475
0 0.41954022988505746 0.517510775862069 0.02298850574712641 0.04418103448275862
0 0.5790229885057472 0.3879310344827586 0.02011494252873558 0.04256465517241381
0 0.5421156609195403 0.3787715517241379 0.021012931034482762 0.025323275862069006
0 0.6134159482758621 0.658135775862069 0.01849856321839083 0.0274784482758621
0 0.6320043103448276 0.5862068965517242 0.02298850574712641 0.03771551724137934
0 0.6364942528735632 0.8473868534482758 0.02011494252873569 0.030441810344827513
0 0.5785739942528736 0.6755118534482758 0.018857758620689613 0.03367456896551724
0 0.6516702586206897 0.3937230603448276 0.024245689655172487 0.040678879310344807
0 0.4666846264367816 0.3442887931034483 0.02604166666666663 0.032327586206896575
0 0.6405352011494252 0.6430495689655172 0.01849856321839083 0.028017241379310276
0 0.5906070402298851 0.5235721982758621 0.021012931034482762 0.032058189655172376
0 0.5867456896551724 0.6993534482758621 0.019037356321839005 0.026939655172413812
0 0.4373204022988506 0.5985991379310345 0.02191091954022989 0.030711206896551713
0 0.6016522988505748 0.7028556034482758 0.016163793103448287 0.028556034482758563
0 0.48042385057471265 0.24892241379310343 0.0193965517241379 0.03609913793103445
0 0.46794181034482757 0.6733566810344827 0.018139367816091934 0.028825431034482762
0 0.46291307471264365 0.7033943965517242 0.01885775862068967 0.030711206896551713
0 0.6431393678160919 0.6780711206896551 0.01795977011494254 0.0274784482758621
0 0.6135057471264367 0.36193426724137934 0.029454022988505746 0.040678879310344807
0 0.6716954022988506 0.6505926724137931 0.01795977011494254 0.028556034482758563
0 0.593121408045977 0.48033405172413796 0.0274784482758621 0.04256465517241381
0 0.4643498563218391 0.3797144396551724 0.02855603448275862 0.036907327586206906
0 0.4139727011494253 0.41958512931034486 0.03089080459770116 0.033135775862069006
0 0.5035919540229885 0.18898168103448276 0.019037356321839116 0.02667025862068967
0 0.45195761494252873 0.5813577586206896 0.01634339080459768 0.032327586206896575
0 0.6349676724137931 0.5522629310344828 0.02244971264367812 0.03286637931034475
0 0.6260775862068966 0.6951778017241379 0.020474137931034475 0.030980603448275912
0 0.6808548850574713 0.5066002155172414 0.02011494252873569 0.027209051724137956
0 0.3579382183908046 0.20703125 0.02155172413793105 0.03205818965517243
0 0.5008081896551724 0.43292025862068967 0.023168103448275912 0.03717672413793105
0 0.3884698275862069 0.3661099137931034 0.01867816091954022 0.03178879310344823
0 0.6161099137931034 0.5735452586206897 0.020653735632183867 0.04310344827586199
0 0.6838182471264367 0.5688308189655172 0.019935344827586188 0.0277478448275863
0 0.577496408045977 0.7497306034482758 0.019576149425287293 0.030172413793103536
0 0.48679956896551724 0.4027478448275862 0.019935344827586188 0.03556034482758624
0 0.5579202586206897 0.3546605603448276 0.023527298850574696 0.03798491379310348
0 0.6091056034482758 0.5393318965517242 0.02532327586206906 0.03663793103448276
0 0.6840876436781609 0.5426993534482758 0.017241379310344862 0.022359913793103536
0 0.5600754310344828 0.4027478448275862 0.022449712643678232 0.04633620689655171
0 0.7019576149425288 0.5891702586206896 0.02819683908045978 0.030172413793103425
0 0.6207794540229885 0.4854525862068966 0.01778017241379315 0.03017241379310348
0 0.5413074712643678 0.4001885775862069 0.01795977011494254 0.023976293103448287
0 0.46255387931034486 0.20676185344827586 0.01885775862068967 0.02936422413793105
0 0.5120330459770115 0.4108297413793104 0.015445402298850608 0.023706896551724144
0 0.4019396551724138 0.07516163793103448 0.01795977011494254 0.049568965517241374
0 0.4745869252873563 0.4552801724137931 0.013829022988505746 0.036099137931034475
0 0.48401580459770116 0.4465247844827586 0.010057471264367845 0.03313577586206895
0 0.4133441091954023 0.10560344827586207 0.017420977011494254 0.03987068965517243
0 0.5261314655172413 0.3939924568965517 0.013469827586206962 0.018049568965517238
0 0.5158045977011494 0.15934806034482757 0.014367816091954033 0.025053879310344834
0 0.49595905172413796 0.23679956896551724 0.01849856321839083 0.026939655172413812
0 0.540319683908046 0.3550646551724138 0.01490660919540221 0.02532327586206895
0 0.4510596264367816 0.09509698275862069 0.018139367816091934 0.04956896551724138
0 0.4828484195402299 0.4814116379310345 0.022808908045977017 0.030711206896551713
0 0.4695581896551724 0.5047144396551724 0.014188218390804586 0.0428340517241379
0 0.5125718390804598 0.2421875 0.010057471264367734 0.024784482758620663
0 0.6062320402298851 0.4387122844827586 0.01490660919540232 0.025053879310344862
0 0.47009698275862066 0.0851293103448276 0.019935344827586243 0.04471982758620689
0 0.36485272988505746 0.07960668103448276 0.023168103448275856 0.03852370689655172
0 0.6312859195402298 0.39816810344827586 0.02011494252873558 0.02532327586206895
0 0.5765984195402298 0.20325969827586207 0.03214798850574707 0.034213362068965525
0 0.555316091954023 0.2361260775862069 0.019755747126436685 0.03259698275862069
0 0.3626077586206896 0.11341594827586207 0.026221264367816077 0.0355603448275862
0 0.6179956896551724 0.4148706896551724 0.020474137931034475 0.035021551724137956
0 0.3468929597701149 0.1324084051724138 0.030352011494252873 0.027209051724137928
0 0.4533045977011494 0.3952047413793104 0.017600574712643702 0.029094827586206906
0 0.6208692528735632 0.4443696120689655 0.015804597701149392 0.028825431034482762
0 0.4431573275862069 0.3872575431034483 0.013829022988505746 0.03259698275862066
0 0.6352370689655172 0.44719827586206895 0.017600574712643757 0.012931034482758619
0 0.3429418103448276 0.10748922413793104 0.014188218390804586 0.022629310344827597
0 0.6646012931034483 0.5297683189655172 0.029274425287356243 0.0352909482758621
0 0.34195402298850575 0.09226831896551724 0.021910919540229834 0.01697198275862069
0 0.4413613505747126 0.40476831896551724 0.021372126436781602 0.02936422413793105
0 0.38254310344827586 0.18170797413793105 0.013649425287356354 0.019127155172413784
0 0.6626257183908046 0.5049838362068966 0.021372126436781547 0.025053879310344807
0 0.4093929597701149 0.4024784482758621 0.031070402298850552 0.02478448275862072
0 0.3677262931034483 0.40072737068965514 0.021731321839080442 0.03475215517241376
0 0.39035560344827586 0.2087823275862069 0.021012931034482762 0.027478448275862072
0 0.6892959770114943 0.5336745689655172 0.018678160919540332 0.024245689655172376
0 0.40436422413793105 0.23518318965517243 0.017780172413793094 0.026939655172413784
0 0.4214260057471264 0.4775053879310345 0.020653735632183923 0.029903017241379337
0 0.5689655172413793 0.5257273706896552 0.018318965517241326 0.021821120689655138
0 0.38478807471264365 0.26737607758620685 0.01598419540229884 0.03044181034482757
0 0.5522629310344828 0.540948275862069 0.00969827586206895 0.028556034482758674
0 0.42932830459770116 0.4535290948275862 0.014547413793103425 0.021282327586206906
0 0.4214260057471264 0.4521821120689655 0.01598419540229884 0.03852370689655171
0 0.39673132183908044 0.3297413793103448 0.020114942528735635 0.025862068965517238
0 0.569683908045977 0.5398706896551724 0.017600574712643757 0.0274784482758621
0 0.5646551724137931 0.5494342672413792 0.015086206896551713 0.021821120689655138
0 0.3832614942528736 0.29822198275862066 0.012571839080459724 0.016163793103448232
0 0.3652119252873563 0.33822737068965514 0.026400862068965525 0.025592672413793094
0 0.5774066091954023 0.5696390086206897 0.016522988505747183 0.029903017241379337
0 0.5589080459770115 0.5631734913793104 0.019755747126436685 0.022359913793103425
0 0.3822737068965517 0.30886314655172414 0.02388649425287359 0.02936422413793105
0 0.5607938218390804 0.5808189655172413 0.021372126436781658 0.029633620689655138
0 0.6079382183908046 0.595770474137931 0.019755747126436796 0.0315193965517242
0 0.5633081896551724 0.6473599137931034 0.022808908045977017 0.038254310344827624
0 0.6161099137931034 0.6243265086206897 0.013110632183908066 0.03151939655172409
0 0.6316451149425288 0.6159752155172413 0.01867816091954022 0.030441810344827513
0 0.6492456896551724 0.5724676724137931 0.017241379310344862 0.015086206896551713
0 0.6311063218390804 0.4653825431034483 0.017600574712643646 0.024515086206896575
0 0.6690912356321839 0.6089709051724138 0.021731321839080442 0.042295258620689724
0 0.6558908045977012 0.6255387931034482 0.019037356321839005 0.025862068965517238
0 0.6466415229885057 0.6997575431034483 0.02388649425287359 0.02128232758620685
0 0.6522988505747126 0.7215786637931034 0.01795977011494254 0.028286637931034475
0 0.665319683908046 0.7174030172413793 0.021731321839080442 0.0274784482758621
0 0.5862068965517241 0.724676724137931 0.016882183908045967 0.026400862068965525
0 0.5620510057471264 0.6791487068965517 0.015625 0.026400862068965525
0 0.5633081896551724 0.7513469827586207 0.011673850574712596 0.03717672413793105
0 0.5914152298850575 0.7564655172413792 0.009339080459770166 0.04040948275862066
0 0.6730423850574712 0.7412446120689655 0.013829022988505746 0.028286637931034475
0 0.6197018678160919 0.8005118534482758 0.021012931034482762 0.028825431034482762
0 0.6082974137931034 0.8032058189655172 0.011494252873563204 0.034213362068965525
0 0.6133261494252874 0.8446928879310345 0.024066091954022983 0.0471443965517242
0 0.6146731321839081 0.7645474137931034 0.024964080459770166 0.03448275862068961
0 0.4797054597701149 0.7707435344827587 0.018678160919540276 0.03771551724137934
0 0.4942528735632184 0.7241379310344828 0.00897988505747127 0.024245689655172376
0 0.41693606321839083 0.6138200431034483 0.019576149425287348 0.029903017241379226
0 0.42528735632183906 0.6412984913793104 0.014367816091954033 0.04498922413793105
0 0.4744971264367816 0.6337553879310345 0.02155172413793105 0.032058189655172376
0 0.4920079022988506 0.6297144396551724 0.01526580459770116 0.037984913793103425
0 0.49030172413793105 0.5930765086206897 0.014727011494252873 0.02559267241379304
0 0.4690193965517241 0.5855334051724138 0.01526580459770116 0.024515086206896575
0 0.4931752873563219 0.5696390086206896 0.01221264367816094 0.0234375
0 0.4109195402298851 0.5577855603448276 0.022270114942528785 0.029903017241379337
0 0.4918283045977011 0.5249191810344828 0.011673850574712652 0.02182112068965525
