0 0.5123922413793103 0.6515355603448276 0.026939655172413812 0.03744612068965514
0 0.8316271551724138 0.7152478448275863 0.026400862068965525 0.04148706896551724
0 0.6293103448275863 0.44921875 0.03053160919540232 0.049838362068965525
0 0.7077945402298851 0.6072198275862069 0.02765804597701149 0.04094827586206895
0 0.6147629310344828 0.8290678879310345 0.02909482758620685 0.037984913793103425
0 0.3015445402298851 0.2413793103448276 0.03232758620689652 0.04418103448275862
0 0.8553340517241379 0.7450161637931034 0.03969109195402298 0.04552801724137934
0 0.4533943965517241 0.46726831896551724 0.03214798850574713 0.0686961206896552
0 0.631555316091954 0.7063577586206897 0.022449712643678232 0.04741379310344829
0 0.7490122126436781 0.5758351293103448 0.022808908045977017 0.03582974137931039
0 0.7552083333333333 0.7077047413793103 0.02909482758620696 0.05495689655172409
0 0.8072916666666667 0.5424299568965518 0.021192528735632155 0.03475215517241381
0 0.4728807471264368 0.4090786637931034 0.033045977011494254 0.049838362068965525
0 0.6166487068965518 0.6279633620689655 0.027119252873563204 0.04148706896551724
0 0.5906968390804598 0.5238415948275862 0.032327586206896575 0.06707974137931028
0 0.8576688218390804 0.6892510775862069 0.0350215517241379 0.04175646551724144
0 0.7162356321839081 0.4136584051724138 0.021192528735632155 0.03636853448275862
0 0.5351113505747127 0.4579741379310345 0.02244971264367812 0.04256465517241381
0 0.7029454022988506 0.4300915948275862 0.025502873563218453 0.03960129310344829
0 0.32614942528735635 0.14924568965517243 0.040948275862069006 0.04471982758620688
0 0.3838900862068966 0.7132273706896552 0.03178879310344823 0.07085129310344829
0 0.4410919540229885 0.6236530172413792 0.03484195402298851 0.06788793103448276
0 0.6609195402298851 0.681707974137931 0.023706896551724088 0.0390625
0 0.8283943965517242 0.6769935344827587 0.02891522988505757 0.03771551724137934
0 0.6563397988505748 0.43170797413793105 0.023527298850574696 0.05522629310344829
0 0.8345007183908046 0.8826778017241379 0.024245689655172487 0.0665409482758621
0 0.5347521551724137 0.15557650862068967 0.029633620689655138 0.056303879310344834
0 0.4099317528735632 0.2261584051724138 0.026760057471264365 0.043372844827586216
0 0.5010775862068966 0.3902209051724138 0.03663793103448271 0.059536637931034475
0 0.7449712643678161 0.615301724137931 0.024784482758620663 0.047952586206896575
0 0.845007183908046 0.6481681034482758 0.02011494252873569 0.03340517241379304
0 0.8116918103448276 0.8258351293103448 0.02891522988505746 0.05630387931034486
0 0.8228268678160919 0.6414331896551724 0.026400862068965525 0.0431034482758621
0 0.7245869252873564 0.748114224137931 0.02388649425287359 0.03663793103448276
0 0.6003951149425287 0.4143318965517241 0.03915229885057481 0.038793103448275856
0 0.5415768678160919 0.4092133620689655 0.02532327586206895 0.06788793103448276
0 0.6599317528735632 0.4820851293103448 0.029992816091954033 0.04714439655172409
0 0.4787176724137931 0.3605872844827586 0.03142959770114939 0.05037715517241381
0 0.7269216954022988 0.7033943965517242 0.02604166666666663 0.04525862068965514
0 0.5909662356321839 0.5701778017241379 0.03035201149425293 0.04445043103448276
0 0.7202765804597702 0.4692887931034483 0.024964080459770055 0.03663793103448276
0 0.6903735632183907 0.4911099137931035 0.029454022988505746 0.04741379310344829
0 0.5052083333333334 0.6900592672413792 0.027658045977011547 0.04229525862068961
0 0.3720366379310345 0.21686422413793105 0.02496408045977011 0.0360991379310345
0 0.6364942528735632 0.6658135775862069 0.026580459770114917 0.05037715517241381
0 0.6342492816091954 0.40598060344827586 0.027837643678160995 0.03556034482758619
0 0.7833153735632183 0.7485183189655172 0.02891522988505746 0.03690732758620685
0 0.40292744252873564 0.6939655172413792 0.02532327586206895 0.06411637931034486
0 0.2961566091954023 0.14129849137931036 0.026580459770114973 0.03636853448275863
0 0.6483477011494253 0.9141971982758621 0.02765804597701149 0.0509159482758621
0 0.48635057471264365 0.20325969827586207 0.027658045977011436 0.04445043103448276
0 0.6257183908045977 0.5021551724137931 0.0193965517241379 0.04741379310344829
0 0.42106681034482757 0.18857758620689657 0.02460488505747127 0.04310344827586207
0 0.7592492816091954 0.7632004310344827 0.026400862068965525 0.04148706896551724
0 0.3661997126436781 0.5568426724137931 0.03412356321839077 0.05495689655172409
0 0.8080100574712643 0.7021821120689655 0.025143678160919447 0.03960129310344829
0 0.8001975574712643 0.6161099137931034 0.026400862068965414 0.04148706896551724
0 0.37176724137931033 0.38927801724137934 0.03556034482758619 0.05980603448275862
0 0.7718211206896552 0.5696390086206897 0.02460488505747127 0.06761853448275856
0 0.48186063218390807 0.5431034482758621 0.031968390804597735 0.05334051724137934
0 0.3858656609195402 0.3006465517241379 0.04651580459770116 0.049030172413793094
0 0.4063397988505747 0.5172413793103449 0.030352011494252873 0.053879310344827624
0 0.4032866379310345 0.03488685344827586 0.02460488505747127 0.06330818965517242
0 0.7089619252873562 0.6518049568965517 0.025682471264367845 0.03744612068965525
0 0.7784662356321839 0.7918911637931034 0.027119252873563204 0.053609913793103425
0 0.758441091954023 0.4756196120689655 0.024066091954022983 0.034213362068965525
0 0.7684985632183908 0.6697198275862069 0.025502873563218342 0.04256465517241381
0 0.4240301724137931 0.3510237068965517 0.029454022988505746 0.047952586206896575
0 0.33001077586206895 0.10466056034482758 0.03394396551724138 0.056303879310344834
0 0.34617456896551724 0.19814116379310345 0.029633620689655138 0.046605603448275856
0 0.40131106321839083 0.4067887931034483 0.035739942528735635 0.06842672413793105
0 0.5287356321839081 0.2249461206896552 0.023347701149425304 0.03771551724137931
0 0.8611709770114943 0.8566810344827587 0.03125 0.045797413793103536
0 0.3523706896551724 0.3562769396551724 0.029813218390804586 0.037446120689655193
0 0.508441091954023 0.4649784482758621 0.022629310344827624 0.05118534482758624
0 0.8355783045977012 0.7863685344827587 0.029633620689655138 0.03933189655172409
0 0.43507543103448276 0.1674299568965517 0.022808908045977017 0.04498922413793102
0 0.7383261494252874 0.6632543103448276 0.02155172413793105 0.03825431034482751
0 0.5597162356321839 0.4603987068965517 0.034662356321839005 0.05280172413793105
0 0.6461027298850575 0.6306573275862069 0.025682471264367734 0.029633620689655138
0 0.4402837643678161 0.20891702586206898 0.027119252873563204 0.0390625
0 0.665319683908046 0.5158943965517242 0.0231681034482758 0.03663793103448276
0 0.5933908045977012 0.45123922413793105 0.03053160919540232 0.054956896551724144
0 0.6758261494252873 0.7685883620689655 0.032327586206896464 0.040409482758620774
0 0.7858297413793104 0.6818426724137931 0.022808908045977017 0.03717672413793105
0 0.6984554597701149 0.5738146551724138 0.025862068965517238 0.03340517241379315
0 0.6473599137931034 0.7560614224137931 0.024245689655172376 0.04337284482758619
0 0.5087104885057472 0.21390086206896552 0.023168103448275912 0.042564655172413784
0 0.7033045977011494 0.7258890086206897 0.02442528735632188 0.06007543103448276
0 0.38900862068965514 0.23706896551724138 0.02119252873563221 0.04256465517241381
0 0.4327406609195402 0.5032327586206896 0.030352011494252873 0.06357758620689652
0 0.7264727011494253 0.7794989224137931 0.025143678160919558 0.04445043103448276
0 0.5460668103448276 0.19841056034482757 0.03430316091954022 0.04552801724137931
0 0.4829382183908046 0.49784482758620685 0.028735632183908066 0.040948275862068895
0 0.8274066091954023 0.5393318965517242 0.03125 0.04148706896551724
0 0.3947557471264368 0.3558728448275862 0.029094827586206906 0.054956896551724144
0 0.767510775862069 0.5109105603448276 0.026400862068965525 0.04337284482758619
0 0.6343390804597702 0.5868803879310345 0.023347701149425304 0.06869612068965525
0 0.681573275862069 0.4520474137931034 0.03268678160919536 0.044719827586206906
0 0.48266882183908044 0.4559536637931034 0.030711206896551713 0.052532327586206906
0 0.6863326149425288 0.5447198275862069 0.04148706896551724 0.04956896551724144
0 0.3494073275862069 0.31425107758620685 0.029274425287356354 0.04175646551724138
0 0.7780172413793103 0.8358028017241379 0.024784482758620663 0.0509159482758621
0 0.8411458333333334 0.8277209051724138 0.02891522988505746 0.0471443965517242
0 0.3907147988505747 0.49407327586206895 0.03214798850574713 0.06196120689655177
0 0.7004310344827587 0.7689924568965518 0.023347701149425304 0.03852370689655171
0 0.591864224137931 0.3957435344827586 0.02891522988505746 0.04364224137931039
0 0.45447198275862066 0.5187230603448276 0.021012931034482707 0.03744612068965514
0 0.38487787356321834 0.6254040948275862 0.033405172413793094 0.06923491379310343
0 0.665948275862069 0.7265625 0.02837643678160917 0.047952586206896575
0 0.7201867816091954 0.5382543103448276 0.026580459770115028 0.05603448275862066
0 0.8001077586206896 0.6546336206896551 0.026580459770114917 0.04094827586206895
0 0.6098239942528736 0.4834321120689655 0.029992816091954033 0.057920258620689724
0 0.8017241379310345 0.5063308189655172 0.040589080459770166 0.037984913793103425
0 0.6211386494252873 0.8868534482758621 0.028556034482758563 0.05441810344827591
0 0.453125 0.5564385775862069 0.024784482758620663 0.03636853448275856
0 0.755926724137931 0.8056303879310345 0.02227011494252873 0.049838362068965525
0 0.8101652298850575 0.5812230603448276 0.031609195402298784 0.043911637931034475
0 0.7763110632183907 0.6293103448275862 0.02460488505747127 0.0431034482758621
0 0.3681752873563218 0.7367995689655172 0.02765804597701149 0.07112068965517238
0 0.4364224137931034 0.4178340517241379 0.03987068965517243 0.05387931034482757
0 0.30971623563218387 0.1947737068965517 0.03681752873563221 0.04094827586206898
0 0.7328484195402298 0.4485452586206896 0.02460488505747127 0.044719827586206906
0 0.41693606321839083 0.4488146551724138 0.03214798850574713 0.05280172413793105
0 0.5625897988505747 0.4071928879310345 0.030352011494252817 0.07085129310344829
0 0.3558728448275862 0.6081627155172413 0.02855603448275862 0.04768318965517249
0 0.8009159482758621 0.7939116379310345 0.02819683908045978 0.0511853448275863
0 0.6507722701149425 0.5910560344827587 0.0350215517241379 0.05334051724137934
0 0.5229885057471264 0.36328125 0.025143678160919558 0.041756465517241326
0 0.5545079022988506 0.5125269396551724 0.03035201149425293 0.05414870689655171
0 0.787805316091954 0.7250808189655172 0.024964080459770166 0.048221982758620774
0 0.7808908045977012 0.5577855603448276 0.025862068965517238 0.04498922413793105
0 0.5236170977011494 0.5063308189655172 0.02532327586206895 0.049838362068965525
0 0.6411637931034483 0.8025323275862069 0.025143678160919558 0.05334051724137934
0 0.7816091954022988 0.4735991379310345 0.024784482758620663 0.039331896551724144
0 0.3515625 0.39709051724137934 0.02532327586206895 0.04633620689655177
0 0.6604705459770115 0.8287984913793104 0.024245689655172376 0.0546875
0 0.8111530172413793 0.7397629310344828 0.024964080459770166 0.03717672413793105
0 0.3549748563218391 0.24757543103448276 0.026760057471264365 0.0431034482758621
0 0.6323635057471264 0.7425915948275863 0.033764367816091934 0.05037715517241381
0 0.7965158045977012 0.5348868534482758 0.025502873563218453 0.028825431034482762
0 0.6928879310344828 0.6849407327586208 0.0269396551724137 0.04714439655172409
0 0.3873922413793104 0.07273706896551724 0.03089080459770116 0.05172413793103449
0 0.6746587643678161 0.6163793103448276 0.034662356321839005 0.07165948275862066
0 0.6779813218390804 0.4112338362068966 0.02765804597701149 0.03852370689655177
0 0.5191271551724138 0.4255118534482759 0.021372126436781658 0.047144396551724144
0 0.36153017241379315 0.48235452586206895 0.03520114942528735 0.0649245689655173
0 0.7531429597701149 0.5356950431034482 0.022090517241379337 0.05037715517241381
0 0.7257543103448276 0.5889008620689655 0.026939655172413812 0.0511853448275863
0 0.6977370689655172 0.4058459051724138 0.017600574712643757 0.02074353448275862
0 0.8041487068965518 0.7662984913793104 0.017420977011494254 0.034213362068965525
0 0.8260596264367817 0.6181303879310345 0.02604166666666663 0.04067887931034475
0 0.6954920977011494 0.5281519396551724 0.02676005747126442 0.04876077586206895
0 0.37877155172413796 0.3399784482758621 0.024066091954022983 0.03556034482758624
0 0.6850754310344828 0.7085129310344828 0.018139367816091934 0.042025862068965525
0 0.757183908045977 0.7311422413793103 0.03735632183908044 0.03178879310344829
0 0.3555136494252874 0.2755926724137931 0.02496408045977011 0.032327586206896575
0 0.5761494252873564 0.4727909482758621 0.019037356321839116 0.02801724137931033
0 0.4259159482758621 0.5491648706896551 0.03214798850574713 0.04876077586206895
0 0.38622485632183906 0.40045797413793105 0.017420977011494254 0.035290948275862044
0 0.414691091954023 0.4933997844827586 0.0118534482758621 0.03960129310344829
0 0.3351293103448276 0.25215517241379315 0.022988505747126464 0.03987068965517243
0 0.6753771551724138 0.6520743534482758 0.04076867816091956 0.029903017241379337
0 0.8441091954022988 0.7743803879310345 0.03987068965517249 0.0509159482758621
0 0.6951329022988506 0.7447467672413793 0.021012931034482762 0.030441810344827624
0 0.5102370689655172 0.38442887931034486 0.0294540229885058 0.05118534482758624
0 0.6047952586206897 0.5843211206896552 0.024245689655172487 0.03879310344827591
0 0.6610093390804598 0.7819234913793104 0.015265804597701216 0.028286637931034475
0 0.2886135057471264 0.17982219827586207 0.027658045977011547 0.03044181034482757
0 0.5159841954022989 0.7121497844827587 0.02155172413793105 0.03744612068965514
0 0.5010775862068966 0.4265894396551724 0.02191091954022989 0.02074353448275862
0 0.8288433908045977 0.7411099137931034 0.012212643678160884 0.01778017241379315
0 0.8336027298850575 0.6077586206896551 0.015625 0.0274784482758621
0 0.7330280172413792 0.6287715517241379 0.023527298850574696 0.030711206896551713
0 0.39197198275862066 0.45325969827586204 0.020653735632183923 0.028825431034482762
0 0.45752514367816094 0.5716594827586208 0.02891522988505746 0.029633620689655138
0 0.7391343390804598 0.5235721982758621 0.018498563218390718 0.04175646551724144
0 0.501257183908046 0.7238685344827587 0.02298850574712641 0.03987068965517249
0 0.6769037356321839 0.6729525862068966 0.03448275862068961 0.012931034482758674
0 0.6196120689655172 0.5810883620689655 0.011494252873563315 0.034482758620689724
0 0.29858117816091956 0.19221443965517243 0.03250718390804597 0.03798491379310345
0 0.7366199712643677 0.7315463362068966 0.017420977011494254 0.0352909482758621
0 0.7393139367816092 0.5536099137931034 0.01346982758620685 0.03125
0 0.7236889367816092 0.6478987068965517 0.02532327586206895 0.0393318965517242
0 0.6090158045977012 0.6178609913793103 0.023347701149425304 0.04822198275862066
0 0.501257183908046 0.5125269396551724 0.018318965517241326 0.053071120689655193
0 0.5005387931034483 0.76171875 0.018678160919540165 0.04067887931034475
0 0.8420438218390804 0.7085129310344828 0.016702586206896575 0.0269396551724137
0 0.7452406609195402 0.7627963362068966 0.010955459770114917 0.03690732758620685
0 0.7772988505747126 0.5936153017241379 0.024066091954022983 0.03259698275862066
0 0.7585308908045978 0.45070043103448276 0.023527298850574696 0.026400862068965525
0 0.5060165229885057 0.8041487068965517 0.00592672413793105 0.037715517241379226
0 0.8594647988505747 0.7242726293103448 0.019576149425287293 0.03475215517241381
0 0.7235991379310345 0.6759159482758621 0.013649425287356243 0.021012931034482762
0 0.7653556034482758 0.6263469827586207 0.013110632183907955 0.044181034482758674
0 0.7535919540229885 0.6627155172413792 0.018678160919540332 0.03448275862068961
