0 0.4384877873563218 0.5053879310344828 0.02460488505747127 0.03771551724137928
0 0.6602011494252873 0.44854525862068967 0.019037356321839005 0.03771551724137934
0 0.41927083333333337 0.6891163793103448 0.023168103448275856 0.03556034482758619
0 0.5580100574712643 0.48424030172413796 0.025502873563218453 0.04445043103448276
0 0.5489403735632183 0.5246497844827587 0.021372126436781547 0.04229525862068961
0 0.6355962643678161 0.7032596982758621 0.01867816091954022 0.0352909482758621
0 0.5802801724137931 0.3620689655172414 0.026221264367816022 0.03879310344827591
0 0.4953304597701149 0.4810075431034483 0.026221264367816077 0.036907327586206906
0 0.639367816091954 0.5406788793103448 0.0237068965517242 0.03663793103448276
0 0.5748024425287357 0.3984375 0.02604166666666663 0.036099137931034475
0 0.5114044540229885 0.6726831896551724 0.021012931034482762 0.04849137931034486
0 0.6944145114942528 0.7231950431034483 0.021372126436781547 0.029903017241379226
0 0.43767959770114945 0.6830549568965518 0.020474137931034475 0.03852370689655171
0 0.4630028735632184 0.5048491379310345 0.02298850574712641 0.0350215517241379
0 0.4797054597701149 0.6037176724137931 0.02406609195402304 0.03771551724137934
0 0.5028735632183908 0.7552532327586208 0.020833333333333315 0.03744612068965514
0 0.5250538793103449 0.4571659482758621 0.020653735632183867 0.037176724137930994
0 0.5969827586206897 0.4894935344827587 0.023706896551724088 0.03394396551724138
0 0.6296695402298851 0.8201778017241379 0.026221264367816133 0.0428340517241379
0 0.40508261494252873 0.7081088362068966 0.018857758620689613 0.043911637931034475
0 0.6094647988505748 0.9779094827586207 0.030711206896551713 0.0431034482758621
0 0.5785739942528736 0.5639816810344827 0.022808908045977017 0.04445043103448276
0 0.694683908045977 0.6912715517241379 0.02227011494252873 0.02909482758620685
0 0.6264367816091954 0.41473599137931033 0.02227011494252873 0.0390625
0 0.45905172413793105 0.6586745689655172 0.02262931034482757 0.037715517241379226
0 0.5766882183908046 0.638739224137931 0.024066091954022983 0.044181034482758674
0 0.4779992816091954 0.6359105603448276 0.02891522988505746 0.03313577586206895
0 0.7029454022988506 0.6280980603448276 0.02011494252873558 0.03151939655172409
0 0.6120689655172413 0.8640894396551724 0.02765804597701149 0.04229525862068961
0 0.46596623563218387 0.42712823275862066 0.02209051724137928 0.03636853448275862
0 0.5008979885057472 0.8899515086206897 0.026580459770114973 0.04552801724137934
0 0.43301005747126436 0.47467672413793105 0.02442528735632188 0.03178879310344829
0 0.4730603448275862 0.7320851293103448 0.02873563218390801 0.04175646551724144
0 0.6890265804597702 0.4146012931034483 0.023168103448275912 0.0350215517241379
0 0.4911997126436781 0.39655172413793105 0.02262931034482757 0.035021551724137956
0 0.6751077586206896 0.3989762931034483 0.025143678160919558 0.03556034482758619
0 0.47844827586206895 0.7804418103448276 0.024425287356321823 0.03879310344827591
0 0.4384877873563219 0.5317887931034483 0.020294540229885027 0.024784482758620774
0 0.7247665229885057 0.6864224137931034 0.021372126436781658 0.02909482758620685
0 0.6042564655172413 0.3860452586206896 0.02388649425287348 0.03394396551724138
0 0.5080818965517242 0.8344558189655173 0.02442528735632188 0.04445043103448276
0 0.5581896551724138 0.43036099137931033 0.024066091954022983 0.03475215517241381
0 0.5054777298850575 0.5134698275862069 0.02352729885057475 0.03771551724137934
0 0.6514008620689655 0.7033943965517242 0.023347701149425193 0.03448275862068961
0 0.4482758620689655 0.7568696120689655 0.03556034482758619 0.057920258620689724
0 0.460308908045977 0.47063577586206895 0.025862068965517238 0.03556034482758619
0 0.6824712643678161 0.45514547413793105 0.02442528735632188 0.040140086206896575
0 0.47844827586206895 0.5558997844827587 0.025143678160919558 0.04768318965517249
0 0.6449353448275863 0.8855064655172413 0.03196839080459768 0.04364224137931039
0 0.6638829022988506 0.5360991379310345 0.02460488505747127 0.03663793103448276
0 0.7408405172413793 0.5608836206896551 0.020474137931034475 0.03125
0 0.3855064655172414 0.5106411637931034 0.02532327586206895 0.03313577586206895
0 0.5517241379310345 0.40476831896551724 0.021192528735632266 0.027747844827586188
0 0.6044360632183907 0.6796875 0.021012931034482762 0.0393318965517242
0 0.6118893678160919 0.9044989224137931 0.022629310344827624 0.03636853448275856
0 0.42708333333333337 0.5425646551724138 0.02119252873563221 0.036099137931034475
0 0.4838362068965517 0.4307650862068966 0.025502873563218398 0.033405172413793094
0 0.6416127873563218 0.36651400862068967 0.029633620689655138 0.03313577586206895
0 0.46228448275862066 0.5391971982758621 0.021551724137930994 0.03582974137931039
0 0.6005747126436781 0.9407327586206897 0.020474137931034475 0.04148706896551724
0 0.48554238505747127 0.6834590517241379 0.026760057471264365 0.04418103448275856
0 0.41073994252873564 0.6619073275862069 0.02442528735632188 0.03556034482758619
0 0.3348599137931034 0.8751346982758621 0.019576149425287348 0.03636853448275856
0 0.5338541666666667 0.41998922413793105 0.024245689655172487 0.03771551724137928
0 0.3904454022988506 0.6613685344827587 0.02478448275862072 0.03771551724137934
0 0.6070402298850575 0.8212553879310345 0.026221264367816133 0.045528017241379226
0 0.6759159482758621 0.6984105603448276 0.019576149425287404 0.030441810344827513
0 0.3817349137931034 0.6802262931034483 0.019576149425287348 0.034482758620689724
0 0.4025682471264368 0.5257273706896551 0.023168103448275856 0.030441810344827624
0 0.4226831896551724 0.7257543103448276 0.029274425287356298 0.03825431034482751
0 0.5101472701149425 0.4147359913793104 0.02388649425287359 0.040678879310344807
0 0.5197557471264368 0.6105872844827587 0.025502873563218342 0.03367456896551724
0 0.6080280172413792 0.5367726293103448 0.023168103448275912 0.03960129310344829
0 0.5308010057471264 0.5029633620689655 0.024964080459770166 0.05118534482758624
0 0.3758081896551724 0.6845366379310345 0.027478448275862044 0.04148706896551724
0 0.6050646551724138 0.4653825431034483 0.025502873563218342 0.03636853448275862
0 0.5044001436781609 0.7921605603448276 0.02496408045977011 0.040140086206896575
0 0.5422054597701149 0.4597252155172414 0.023347701149425304 0.03744612068965514
0 0.5178699712643678 0.38065732758620685 0.024245689655172376 0.033405172413793094
0 0.4929058908045977 0.5934806034482758 0.022449712643678177 0.03448275862068961
0 0.5864762931034483 0.44504310344827586 0.03214798850574718 0.036099137931034475
0 0.5632183908045977 0.3480603448275862 0.02155172413793105 0.04094827586206895
0 0.45707614942528735 0.59765625 0.022629310344827624 0.054148706896551824
0 0.5019755747126438 0.6267510775862069 0.021910919540229945 0.037984913793103536
0 0.4536637931034483 0.6966594827586207 0.02262931034482757 0.038254310344827624
0 0.6649604885057472 0.6333512931034483 0.02891522988505757 0.03340517241379315
0 0.6277837643678161 0.6741648706896552 0.020294540229885083 0.03367456896551724
0 0.5193965517241379 0.5769127155172413 0.023706896551724088 0.03690732758620696
0 0.6006645114942528 0.6275592672413793 0.025682471264367845 0.03690732758620685
0 0.5412176724137931 0.5949622844827587 0.02388649425287348 0.04606681034482751
0 0.6787895114942528 0.509698275862069 0.027837643678160995 0.039331896551724144
0 0.6923491379310345 0.32394935344827586 0.023347701149425193 0.037984913793103425
0 0.5453484195402298 0.3767510775862069 0.02747844827586199 0.03313577586206895
0 0.6677442528735632 0.6663523706896552 0.031609195402298784 0.03690732758620696
0 0.7228807471264368 0.6554418103448276 0.03268678160919536 0.03879310344827591
0 0.6355962643678161 0.9830280172413793 0.02227011494252873 0.033943965517241326
0 0.48320761494252873 0.5092941810344828 0.020653735632183867 0.030980603448275856
0 0.6261673850574713 0.9403286637931034 0.026400862068965525 0.041756465517241326
0 0.7367995689655172 0.6283674568965517 0.03286637931034475 0.032058189655172376
0 0.4480064655172414 0.6206896551724138 0.021731321839080442 0.043642241379310276
0 0.6382004310344828 0.8525053879310345 0.0231681034482758 0.0277478448275863
0 0.5669899425287357 0.6551724137931034 0.020474137931034586 0.04256465517241381
0 0.40481321839080464 0.5584590517241379 0.023706896551724144 0.0350215517241379
0 0.4957794540229885 0.6655441810344828 0.02388649425287359 0.04498922413793105
0 0.6402658045977012 0.6519396551724138 0.023347701149425304 0.03717672413793105
0 0.5947377873563219 0.5960398706896552 0.026400862068965525 0.028825431034482762
0 0.6345186781609196 0.7932381465517242 0.03053160919540232 0.03259698275862066
0 0.5734554597701149 0.4617456896551724 0.027298850574712596 0.027478448275862044
0 0.6204202586206897 0.619073275862069 0.020653735632183978 0.04525862068965525
0 0.7233297413793104 0.720770474137931 0.018139367816091934 0.04337284482758619
0 0.5569324712643678 0.6178609913793103 0.028735632183908066 0.03744612068965514
0 0.5561242816091954 0.5518588362068966 0.026400862068965525 0.03744612068965514
0 0.4467492816091954 0.43911637931034486 0.022090517241379337 0.035021551724137956
0 0.6423311781609196 0.4001885775862069 0.026400862068965525 0.03475215517241381
0 0.6214080459770115 0.5113146551724138 0.02765804597701149 0.035021551724137956
0 0.6061422413793103 0.42039331896551724 0.027298850574712596 0.034213362068965525
0 0.6291307471264368 0.4744073275862069 0.021192528735632266 0.032327586206896575
0 0.6603807471264368 0.5924030172413792 0.022629310344827624 0.04633620689655171
0 0.4803340517241379 0.8269127155172413 0.026041666666666685 0.05199353448275856
0 0.6751077586206896 0.5666756465517242 0.024066091954022983 0.03259698275862066
0 0.5201149425287357 0.46349676724137934 0.021192528735632155 0.04014008620689652
0 0.44728807471264365 0.40167025862068967 0.02855603448275862 0.03663793103448276
0 0.6493354885057472 0.8302801724137931 0.01634339080459768 0.03448275862068961
0 0.4259159482758621 0.4488146551724138 0.020294540229885027 0.02801724137931033
0 0.5051185344827587 0.5542834051724138 0.02783764367816094 0.043911637931034475
0 0.7015086206896552 0.3592403017241379 0.02909482758620696 0.035290948275862044
0 0.48877514367816094 0.7451508620689655 0.017420977011494254 0.044181034482758674
0 0.3957435344827586 0.6356411637931034 0.02244971264367812 0.0234375
0 0.7516163793103448 0.5303071120689655 0.03053160919540232 0.032058189655172376
0 0.6364044540229885 0.5808189655172413 0.024245689655172376 0.04418103448275856
0 0.49811422413793105 0.44692887931034486 0.024964080459770166 0.033405172413793094
0 0.5112248563218391 0.7139008620689655 0.030352011494252873 0.037715517241379226
0 0.6954022988505747 0.6625808189655172 0.0237068965517242 0.0352909482758621
0 0.5572916666666667 0.5792025862068966 0.023347701149425304 0.02909482758620685
0 0.5891702586206896 0.5277478448275862 0.02532327586206895 0.038254310344827624
0 0.6001257183908046 0.35695043103448276 0.020653735632183978 0.025862068965517238
0 0.6204202586206897 0.36085668103448276 0.01849856321839083 0.0272090517241379
0 0.4786278735632184 0.3953394396551724 0.008620689655172376 0.021282327586206906
0 0.47153376436781613 0.3988415948275862 0.011673850574712652 0.02451508620689652
0 0.38101652298850575 0.5428340517241379 0.014547413793103425 0.023168103448275912
0 0.5376257183908046 0.5494342672413793 0.012751436781609171 0.043911637931034475
0 0.5649245689655172 0.5154903017241379 0.016702586206896575 0.02128232758620685
0 0.5808189655172413 0.49057112068965514 0.017600574712643646 0.02855603448275862
0 0.6214978448275862 0.45056573275862066 0.018857758620689724 0.04014008620689652
0 0.6714260057471264 0.49865301724137934 0.03969109195402298 0.03017241379310348
0 0.5243354885057472 0.5303071120689655 0.020653735632183978 0.020204741379310276
0 0.5466954022988506 0.6382004310344828 0.01795977011494254 0.016163793103448176
0 0.5448096264367817 0.6500538793103448 0.022808908045977017 0.04148706896551724
0 0.5203843390804597 0.6422413793103448 0.013829022988505746 0.04525862068965514
0 0.3898168103448276 0.5607489224137931 0.012392241379310331 0.034213362068965525
0 0.5972521551724137 0.6539601293103449 0.021012931034482762 0.024515086206896575
0 0.6176364942528736 0.6507273706896551 0.02837643678160917 0.0234375
0 0.6390086206896551 0.6223060344827587 0.0193965517241379 0.023168103448275912
0 0.6052442528735632 0.5790678879310345 0.02155172413793105 0.03367456896551724
0 0.5940193965517242 0.5616918103448276 0.011314655172413812 0.032327586206896575
0 0.47889727011494254 0.47898706896551724 0.015625 0.036099137931034475
