0 0.6690014367816092 0.5185883620689655 0.02981321839080464 0.05280172413793105
0 0.5013469827586207 0.6636584051724138 0.024245689655172376 0.0352909482758621
0 0.3794001436781609 0.9338631465517242 0.023168103448275856 0.05792025862068961
0 0.43202227011494254 0.050511853448275856 0.023527298850574696 0.03151939655172414
0 0.33477011494252873 0.02303340517241379 0.02442528735632188 0.03421336206896552
0 0.41127873563218387 0.44787176724137934 0.029094827586206906 0.05576508620689652
0 0.26320043103448276 0.1740301724137931 0.023168103448275856 0.03448275862068964
0 0.3357579022988506 0.5844558189655172 0.023168103448275856 0.04498922413793105
0 0.3714978448275862 0.5658674568965517 0.023168103448275856 0.036368534482758674
0 0.4913793103448276 0.5759698275862069 0.026580459770114973 0.04094827586206895
0 0.5654633620689655 0.5483566810344828 0.02388649425287359 0.038523706896551824
0 0.3089080459770115 0.5662715517241379 0.020114942528735635 0.03286637931034486
0 0.45025143678160917 0.3523706896551724 0.024066091954022983 0.03987068965517243
0 0.48832614942528735 0.6280980603448276 0.02298850574712641 0.04229525862068961
0 0.3855064655172414 0.10129310344827586 0.023527298850574696 0.03609913793103449
0 0.3464439655172414 0.45070043103448276 0.022629310344827624 0.039870689655172376
0 0.5910560344827587 0.5335398706896551 0.025862068965517238 0.0390625
0 0.4929058908045977 0.15463362068965517 0.021372126436781602 0.033405172413793094
0 0.5808189655172413 0.3654364224137931 0.02442528735632188 0.0352909482758621
0 0.3485093390804598 0.7844827586206897 0.02460488505747127 0.029633620689655138
0 0.5187679597701149 0.39870689655172414 0.030352011494252817 0.042025862068965525
0 0.4927262931034483 0.32112068965517243 0.02711925287356315 0.036099137931034475
0 0.38074712643678166 0.6705280172413793 0.02801724137931033 0.03125
0 0.3701508620689655 0.6042564655172413 0.023347701149425304 0.03340517241379304
0 0.2893318965517241 0.49973060344827586 0.025502873563218398 0.03663793103448276
0 0.5583692528735633 0.4614762931034483 0.026939655172413812 0.039331896551724144
0 0.5134698275862069 0.1507273706896552 0.02083333333333337 0.0320581896551724
0 0.3399784482758621 0.11974676724137931 0.020833333333333315 0.029364224137931036
0 0.5122126436781609 0.5013469827586207 0.026580459770114917 0.05657327586206895
0 0.6188936781609196 0.5387931034482758 0.026939655172413812 0.04310344827586199
0 0.3670977011494253 0.4424838362068966 0.019755747126436796 0.04552801724137928
0 0.5334051724137931 0.3564116379310345 0.024066091954022983 0.03448275862068967
0 0.53125 0.4847790948275862 0.02298850574712641 0.056842672413793094
0 0.5216415229885057 0.4563577586206896 0.020653735632183867 0.03448275862068967
0 0.5267600574712643 0.6415678879310345 0.026939655172413812 0.037984913793103425
0 0.5245150862068966 0.2917564655172414 0.02676005747126431 0.04040948275862066
0 0.553430316091954 0.6755118534482758 0.025682471264367734 0.03852370689655171
0 0.3125897988505747 0.6430495689655172 0.02855603448275862 0.040409482758620774
0 0.5219109195402298 0.7483836206896552 0.021192528735632155 0.03178879310344829
0 0.36476293103448276 0.8663793103448276 0.02191091954022989 0.03717672413793105
0 0.45815373563218387 0.4370959051724138 0.029813218390804586 0.052532327586206906
0 0.32848419540229884 0.6297144396551724 0.0193965517241379 0.03367456896551724
0 0.27514367816091956 0.42766702586206895 0.02801724137931033 0.03205818965517243
0 0.3741918103448276 0.3203125 0.029274425287356298 0.04040948275862066
0 0.46749281609195403 0.20581896551724138 0.021192528735632155 0.03771551724137931
0 0.36970186781609193 0.6988146551724137 0.019935344827586243 0.030711206896551713
0 0.44863505747126436 0.019800646551724137 0.028735632183908066 0.035829741379310345
0 0.5048491379310345 0.6023706896551724 0.02765804597701149 0.03556034482758619
0 0.2782866379310345 0.5979256465517242 0.01849856321839083 0.02936422413793094
0 0.5560344827586208 0.41971982758620685 0.029454022988505746 0.044719827586206906
0 0.6252693965517241 0.46066810344827586 0.029992816091954033 0.04256465517241381
0 0.6062320402298851 0.5004040948275862 0.0274784482758621 0.047683189655172376
0 0.5992277298850575 0.4426185344827586 0.029274425287356243 0.04364224137931039
0 0.5494791666666666 0.6325431034482758 0.021731321839080442 0.03448275862068961
0 0.3385416666666667 0.8199084051724138 0.025862068965517238 0.03690732758620685
0 0.6171875 0.37257543103448276 0.02532327586206895 0.03663793103448276
0 0.36889367816091956 0.7648168103448276 0.02191091954022989 0.03178879310344829
0 0.6012033045977012 0.40086206896551724 0.027119252873563204 0.03771551724137934
0 0.3161817528735632 0.4948814655172414 0.02460488505747127 0.03663793103448276
0 0.47799928160919536 0.3600484913793104 0.03394396551724138 0.04175646551724138
0 0.6298491379310345 0.6076239224137931 0.025862068965517238 0.04768318965517249
0 0.4457614942528736 0.39830280172413796 0.03160919540229884 0.04929956896551724
0 0.4254669540229885 0.3671875 0.023706896551724088 0.03286637931034486
0 0.3302801724137931 0.5401400862068966 0.025143678160919558 0.0350215517241379
0 0.4411817528735632 0.32785560344827586 0.027119252873563204 0.03663793103448276
0 0.27900502873563215 0.5460668103448276 0.021012931034482707 0.03340517241379304
0 0.2741558908045977 0.46403556034482757 0.021012931034482762 0.03313577586206895
0 0.4991020114942528 0.7339709051724138 0.025143678160919503 0.036368534482758674
0 0.3452765804597701 0.7008351293103448 0.0274784482758621 0.03475215517241381
0 0.29085847701149425 0.5662715517241379 0.019935344827586188 0.032327586206896575
0 0.4425287356321839 0.29094827586206895 0.025143678160919558 0.03987068965517243
0 0.5575610632183907 0.3506196120689655 0.025682471264367845 0.029903017241379337
0 0.4204382183908046 0.3349946120689655 0.024066091954022983 0.0428340517241379
0 0.33773347701149425 0.48504849137931033 0.018139367816091934 0.02936422413793105
0 0.4875179597701149 0.48855064655172414 0.02855603448275862 0.05307112068965514
0 0.5008081896551724 0.4461206896551724 0.027478448275862044 0.04418103448275862
0 0.5356501436781609 0.7067618534482758 0.028556034482758563 0.053609913793103536
0 0.2874461206896552 0.6714709051724138 0.02460488505747127 0.046066810344827624
0 0.5073635057471264 0.6395474137931034 0.025862068965517293 0.04040948275862066
0 0.3548850574712644 0.6462823275862069 0.020114942528735635 0.02909482758620696
0 0.3030711206896552 0.4286099137931034 0.022808908045977017 0.032866379310344807
0 0.26382902298850575 0.5808189655172413 0.023347701149425304 0.032327586206896464
0 0.5581896551724138 0.24474676724137928 0.034482758620689724 0.0342133620689655
0 0.5792025862068966 0.568292025862069 0.021910919540229834 0.036368534482758674
0 0.30136494252873564 0.5323275862068966 0.02298850574712641 0.03556034482758619
0 0.6851652298850575 0.5032327586206897 0.030172413793103425 0.04148706896551724
0 0.47117456896551724 0.1507273706896552 0.021731321839080442 0.03259698275862069
0 0.5805495689655172 0.32987607758620685 0.02532327586206895 0.036907327586206906
0 0.5196659482758621 0.6830549568965518 0.03178879310344829 0.04337284482758619
0 0.3855962643678161 0.7381465517241379 0.023347701149425304 0.03125
0 0.3705998563218391 0.3977640086206896 0.029633620689655193 0.036907327586206906
0 0.5496587643678161 0.31492456896551724 0.03430316091954022 0.04148706896551724
0 0.3784123563218391 0.5210129310344828 0.02191091954022989 0.0355603448275863
0 0.3159123563218391 0.7621228448275863 0.02262931034482757 0.03556034482758619
0 0.30352011494252873 0.6946390086206897 0.022629310344827624 0.03475215517241381
0 0.3601831896551724 0.6706627155172413 0.019576149425287348 0.030441810344827513
0 0.5945581896551724 0.29929956896551724 0.027119252873563204 0.04418103448275862
0 0.5236170977011494 0.578125 0.022090517241379337 0.046336206896551824
0 0.43776939655172414 0.4620150862068966 0.02244971264367812 0.045258620689655193
0 0.4989224137931034 0.5439116379310345 0.023706896551724144 0.0355603448275863
0 0.32632902298850575 0.4303609913793104 0.02155172413793105 0.03205818965517243
0 0.6398168103448276 0.5076778017241379 0.028556034482758563 0.05576508620689652
0 0.24443247126436782 0.5554956896551724 0.023706896551724144 0.030172413793103425
0 0.2583512931034483 0.6198814655172413 0.028915229885057486 0.04094827586206906
0 0.6458333333333334 0.5680226293103448 0.026580459770114917 0.04552801724137934
0 0.38775143678160917 0.47683189655172414 0.025502873563218398 0.03448275862068961
0 0.38604525862068967 0.0629040948275862 0.022808908045977017 0.03421336206896552
0 0.47440732758620685 0.40759698275862066 0.026041666666666685 0.038793103448275856
0 0.38056752873563215 0.8719019396551724 0.020833333333333315 0.029903017241379337
0 0.6276939655172413 0.41769935344827586 0.02837643678160917 0.04498922413793105
0 0.3095366379310345 0.2075700431034483 0.02496408045977011 0.03636853448275862
0 0.5564834770114943 0.5083512931034483 0.026400862068965525 0.04633620689655166
0 0.31806752873563215 0.7253502155172413 0.022988505747126464 0.03690732758620696
0 0.3510237068965517 0.5443157327586208 0.017420977011494254 0.030980603448275912
0 0.48635057471264365 0.7811153017241379 0.02334770114942525 0.03367456896551724
0 0.49182830459770116 0.7062230603448276 0.020653735632183978 0.03744612068965514
0 0.3564116379310345 0.9152747844827587 0.033225574712643646 0.03960129310344829
0 0.2886135057471264 0.6279633620689655 0.022988505747126464 0.038254310344827624
0 0.5083512931034483 0.35021551724137934 0.02783764367816094 0.04202586206896547
0 0.38469827586206895 0.4411368534482759 0.026939655172413812 0.05199353448275862
0 0.3876616379310345 0.7854256465517242 0.01921695402298851 0.030441810344827513
0 0.5726472701149425 0.4469288793103448 0.021012931034482762 0.030711206896551713
0 0.35695043103448276 0.736395474137931 0.024245689655172376 0.041756465517241326
0 0.47817887931034486 0.1763200431034483 0.02352729885057475 0.030980603448275884
0 0.5822557471264368 0.4880118534482759 0.026580459770114917 0.054687500000000056
0 0.6035380747126438 0.35237068965517243 0.02460488505747127 0.03663793103448276
0 0.26688218390804597 0.49286099137931033 0.020474137931034475 0.029903017241379337
0 0.5683369252873564 0.7156519396551724 0.02891522988505746 0.04714439655172409
0 0.6089260057471264 0.5802801724137931 0.026400862068965525 0.03717672413793105
0 0.3874820402298851 0.7052801724137931 0.021012931034482762 0.036099137931034475
0 0.4735093390804598 0.32165948275862066 0.020653735632183923 0.039331896551724144
0 0.42438936781609193 0.07664331896551724 0.02334770114942525 0.035290948275862065
0 0.5422952586206897 0.5832435344827587 0.0314295977011495 0.04741379310344829
0 0.44791666666666663 0.17578125 0.028376436781609227 0.041217672413793094
0 0.3045079022988506 0.6025053879310345 0.026760057471264365 0.03690732758620685
0 0.5246048850574713 0.5350215517241379 0.026221264367816133 0.038254310344827624
0 0.5810883620689655 0.41931573275862066 0.022449712643678232 0.03205818965517243
0 0.24604885057471265 0.19935344827586207 0.027298850574712624 0.032866379310344807
0 0.594378591954023 0.560614224137931 0.027119252873563315 0.014547413793103425
0 0.6572377873563218 0.5494342672413792 0.020653735632183978 0.023976293103448287
0 0.2999281609195402 0.7125538793103448 0.01831896551724138 0.012931034482758563
0 0.2860093390804598 0.03542564655172414 0.03789511494252873 0.03259698275862069
0 0.31860632183908044 0.5626346982758621 0.01831896551724138 0.04929956896551724
0 0.31842672413793105 0.6099137931034482 0.015445402298850552 0.04256465517241381
0 0.5959051724137931 0.5855334051724137 0.015086206896551713 0.029903017241379337
0 0.3511135057471264 0.5677532327586207 0.017600574712643702 0.018588362068965525
0 0.27846623563218387 0.14089439655172414 0.023886494252873536 0.0355603448275862
0 0.5544181034482758 0.38052262931034486 0.03987068965517249 0.03798491379310348
0 0.39655172413793105 0.5662715517241379 0.012571839080459779 0.028017241379310387
0 0.3426724137931034 0.08997844827586207 0.02334770114942525 0.03178879310344827
0 0.5866558908045978 0.390625 0.021012931034482762 0.024784482758620663
0 0.6561602011494253 0.5915948275862069 0.021372126436781658 0.025862068965517238
0 0.5182291666666667 0.4294181034482759 0.02244971264367812 0.01831896551724138
0 0.36943247126436785 0.0251885775862069 0.021551724137930994 0.0369073275862069
0 0.47377873563218387 0.5141433189655172 0.02191091954022989 0.03690732758620685
0 0.3638649425287356 0.5309806034482758 0.01831896551724138 0.032327586206896464
0 0.4479166666666667 0.06021012931034483 0.023347701149425304 0.030441810344827583
0 0.5370869252873564 0.43224676724137934 0.014547413793103425 0.033135775862069006
0 0.3274066091954023 0.5146821120689655 0.017600574712643702 0.0234375
0 0.3829920977011494 0.5378502155172413 0.019935344827586243 0.027747844827586188
0 0.5388829022988506 0.4050377155172414 0.015625 0.015355603448275912
0 0.3395294540229885 0.18682650862068967 0.018139367816091934 0.028286637931034503
0 0.4651580459770115 0.7755926724137931 0.012212643678160884 0.032327586206896464
0 0.47476652298850575 0.4535290948275862 0.02460488505747127 0.04929956896551724
0 0.31905531609195403 0.33445581896551724 0.022090517241379337 0.024515086206896575
0 0.4677622126436782 0.8002424568965517 0.015625 0.037984913793103425
0 0.4923670977011494 0.4093480603448276 0.01454741379310348 0.030980603448275856
0 0.5332255747126438 0.14560883620689655 0.024784482758620663 0.03044181034482757
0 0.483746408045977 0.8204471982758621 0.021012931034482762 0.04822198275862066
0 0.49470186781609193 0.4012661637931034 0.021372126436781602 0.04606681034482757
0 0.5140984195402298 0.17551185344827586 0.019935344827586188 0.021821120689655166
0 0.49425287356321834 0.2109375 0.01903735632183906 0.04364224137931033
0 0.5234375 0.794854525862069 0.021372126436781658 0.04876077586206895
0 0.5011673850574713 0.37567349137931033 0.01382902298850569 0.022359913793103425
0 0.49604885057471265 0.771551724137931 0.024784482758620663 0.03663793103448276
0 0.5445402298850575 0.26926185344827586 0.023347701149425304 0.04498922413793105
0 0.3609015804597701 0.3572198275862069 0.035380747126436796 0.04094827586206895
0 0.4721623563218391 0.7613146551724138 0.022988505747126464 0.03340517241379315
0 0.3657507183908046 0.38469827586206895 0.02819683908045978 0.061422413793103425
0 0.4755747126436781 0.7359913793103448 0.023706896551724144 0.028556034482758563
0 0.2853807471264368 0.37702047413793105 0.024784482758620663 0.04552801724137928
0 0.5407686781609196 0.7540409482758621 0.0193965517241379 0.0350215517241379
0 0.5086206896551724 0.7032596982758621 0.015804597701149392 0.034213362068965525
0 0.26068606321839083 0.44342672413793105 0.012751436781609227 0.026400862068965525
0 0.569055316091954 0.6248653017241379 0.01490660919540221 0.03367456896551724
0 0.29301364942528735 0.46120689655172414 0.022090517241379337 0.04364224137931039
0 0.5568426724137931 0.6022359913793103 0.019576149425287404 0.027747844827586188
0 0.2647270114942529 0.5313846982758621 0.02227011494252873 0.046066810344827624
0 0.2520653735632184 0.5118534482758621 0.01849856321839083 0.032327586206896575
0 0.4715337643678161 0.599542025862069 0.020294540229885083 0.030441810344827624
0 0.48679956896551724 0.6632543103448276 0.014188218390804641 0.025862068965517238
0 0.34545617816091956 0.5146821120689655 0.01598419540229884 0.028825431034482762
0 0.48356681034482757 0.6837284482758621 0.019935344827586188 0.023168103448275912
0 0.33054956896551724 0.46740301724137934 0.01921695402298851 0.01885775862068967
0 0.3479705459770115 0.41945043103448276 0.01490660919540232 0.024245689655172376
0 0.46713362068965514 0.5466056034482758 0.012931034482758619 0.03448275862068961
0 0.47799928160919536 0.5639816810344828 0.014188218390804586 0.0466056034482758
0 0.35542385057471265 0.5965786637931034 0.016163793103448287 0.03852370689655171
0 0.34904813218390807 0.6177262931034483 0.019576149425287348 0.028017241379310276
0 0.38505747126436785 0.6272898706896552 0.007902298850574752 0.022898706896551713
0 0.3708692528735632 0.6298491379310345 0.019396551724137956 0.02909482758620685
0 0.3361170977011494 0.6460129310344828 0.014188218390804586 0.033943965517241326
0 0.3156429597701149 0.6795528017241379 0.020653735632183923 0.03313577586206895
0 0.27729885057471265 0.7105334051724137 0.019037356321839116 0.05414870689655171
0 0.33414152298850575 0.6912715517241379 0.02855603448275862 0.025862068965517238
0 0.38864942528735635 0.7610452586206897 0.01831896551724138 0.018318965517241437
0 0.3661099137931034 0.8006465517241379 0.025323275862069006 0.04364224137931039
0 0.3812859195402299 0.8158674568965517 0.024066091954022983 0.028286637931034475
0 0.38568606321839083 0.8432112068965517 0.01526580459770116 0.024245689655172376
0 0.3708692528735632 0.8341864224137931 0.017241379310344807 0.022359913793103536
0 0.35730962643678166 0.8313577586206897 0.012392241379310331 0.01778017241379304
0 0.32992097701149425 0.7825969827586207 0.012571839080459779 0.0350215517241379
0 0.34698275862068967 0.7610452586206896 0.02298850574712641 0.026400862068965525
0 0.3270474137931034 0.7825969827586208 0.01903735632183906 0.05926724137931039
0 0.38900862068965514 0.9059806034482758 0.01149425287356326 0.03663793103448276
