0 0.6991738505747127 0.4100215517241379 0.023706896551724088 0.030711206896551768
0 0.7198275862068966 0.5769127155172413 0.03520114942528729 0.05792025862068961
0 0.3194145114942529 0.2626616379310345 0.023168103448275912 0.03717672413793102
0 0.7147090517241379 0.3131734913793104 0.031070402298850608 0.046605603448275856
0 0.6904633620689655 0.5126616379310345 0.03250718390804597 0.057650862068965525
0 0.4563577586206896 0.3364762931034483 0.03160919540229884 0.04256465517241381
0 0.382183908045977 0.4613415948275862 0.02227011494252873 0.03798491379310348
0 0.40759698275862066 0.7543103448275863 0.02568247126436779 0.05118534482758619
0 0.3160919540229885 0.33728448275862066 0.03125 0.037176724137930994
0 0.30998563218390807 0.5614224137931034 0.025502873563218398 0.039870689655172376
0 0.7279992816091954 0.6596174568965517 0.024964080459770055 0.028286637931034475
0 0.5428340517241379 0.2817887931034483 0.031070402298850608 0.0431034482758621
0 0.5936602011494253 0.38308189655172414 0.033943965517241326 0.04741379310344829
0 0.6748383620689655 0.3894127155172414 0.0425646551724137 0.04552801724137934
0 0.525323275862069 0.5048491379310345 0.025862068965517238 0.045258620689655193
0 0.30441810344827586 0.7487877155172413 0.024784482758620663 0.03475215517241381
0 0.4220545977011494 0.3863146551724138 0.03232758620689652 0.049030172413793094
0 0.6329920977011494 0.39264547413793105 0.038254310344827624 0.04822198275862072
0 0.34904813218390807 0.2576778017241379 0.02568247126436779 0.040678879310344807
0 0.3597341954022989 0.8018588362068966 0.024425287356321823 0.03690732758620685
0 0.36188936781609193 0.8348599137931034 0.02191091954022989 0.03125
0 0.5303520114942528 0.46349676724137934 0.03268678160919547 0.041217672413793094
0 0.5735452586206897 0.6652747844827587 0.029633620689655138 0.03960129310344829
0 0.3634159482758621 0.4839709051724138 0.029274425287356298 0.04876077586206895
0 0.34518678160919536 0.3484644396551724 0.027298850574712652 0.037446120689655193
0 0.31779813218390807 0.9049030172413792 0.035739942528735635 0.03933189655172409
0 0.28681752873563215 0.5 0.024425287356321823 0.03448275862068967
0 0.6877693965517242 0.5691002155172413 0.029274425287356354 0.04768318965517249
0 0.5496587643678161 0.1734913793103448 0.029274425287356354 0.035560344827586216
0 0.2802622126436782 0.6473599137931034 0.026400862068965525 0.05657327586206895
0 0.37464080459770116 0.11287715517241378 0.02837643678160917 0.04202586206896551
0 0.32165948275862066 0.4943426724137931 0.023706896551724144 0.03663793103448276
0 0.5495689655172413 0.13267780172413793 0.03053160919540232 0.041217672413793094
0 0.3442887931034483 0.8165409482758621 0.020114942528735635 0.028556034482758563
0 0.6879489942528736 0.6255387931034483 0.029992816091954033 0.04471982758620685
0 0.537805316091954 0.5794719827586208 0.02963362068965525 0.05226293103448276
0 0.4143318965517241 0.5730064655172413 0.027298850574712652 0.046875
0 0.6288613505747127 0.5717941810344828 0.02747844827586199 0.042295258620689724
0 0.27999281609195403 0.4222790948275862 0.026580459770114917 0.046605603448275856
0 0.3838002873563219 0.4951508620689655 0.019396551724137956 0.03340517241379315
0 0.5151760057471264 0.28717672413793105 0.027837643678160884 0.050646551724137956
0 0.3133081896551724 0.37702047413793105 0.026760057471264365 0.0390625
0 0.37320402298850575 0.5913254310344828 0.021192528735632155 0.033943965517241326
0 0.6672952586206897 0.3135775862068966 0.033225574712643646 0.05010775862068967
0 0.7387751436781609 0.40315193965517243 0.03035201149425293 0.03852370689655171
0 0.7578125 0.6026400862068966 0.025682471264367734 0.032327586206896575
0 0.4809626436781609 0.38914331896551724 0.031968390804597735 0.0546875
0 0.4334590517241379 0.7747844827586208 0.02496408045977011 0.03448275862068961
0 0.38829022988505746 0.5691002155172413 0.025502873563218398 0.034213362068965414
0 0.37113864942528735 0.3588362068965517 0.02604166666666663 0.03771551724137934
0 0.5523527298850575 0.6555765086206896 0.027837643678160884 0.04498922413793105
0 0.4375897988505747 0.32219827586206895 0.03250718390804597 0.05280172413793105
0 0.26742097701149425 0.34967672413793105 0.029454022988505746 0.036099137931034475
0 0.3239044540229885 0.4222790948275862 0.02604166666666663 0.040678879310344807
0 0.6365840517241379 0.4948814655172414 0.02891522988505746 0.04364224137931039
0 0.38891882183908044 0.6469558189655172 0.035739942528735635 0.04067887931034475
0 0.3359375 0.8551993534482758 0.029274425287356354 0.04067887931034486
0 0.6446659482758621 0.6027747844827587 0.02819683908045978 0.04660560344827591
0 0.6141343390804598 0.5396012931034483 0.01921695402298851 0.036099137931034475
0 0.4129849137931034 0.814520474137931 0.02352729885057475 0.053609913793103425
0 0.6668462643678161 0.43184267241379315 0.033764367816091934 0.049030172413793094
0 0.5572916666666667 0.5210129310344828 0.03340517241379304 0.033943965517241326
0 0.4305854885057471 0.02680495689655172 0.02244971264367812 0.035290948275862065
0 0.3019935344827586 0.5251885775862069 0.019935344827586188 0.029903017241379337
0 0.2939116379310345 0.4445043103448276 0.024245689655172376 0.04795258620689652
0 0.4256465517241379 0.5327316810344828 0.025502873563218398 0.037984913793103425
0 0.6992636494252873 0.6670258620689655 0.028556034482758563 0.049568965517241326
0 0.40777658045977017 0.8600484913793103 0.02496408045977011 0.04121767241379304
0 0.7470366379310345 0.45554956896551724 0.03322557471264376 0.046875
0 0.5805495689655172 0.5949622844827587 0.02604166666666674 0.055765086206896464
0 0.7147988505747126 0.47023168103448276 0.03125 0.047683189655172376
0 0.6448455459770115 0.28125 0.034662356321839116 0.05118534482758619
0 0.43597341954022983 0.48841594827586204 0.021372126436781602 0.03556034482758619
0 0.33836206896551724 0.9350754310344828 0.026221264367816133 0.06465517241379315
0 0.3152837643678161 0.057920258620689655 0.02819683908045978 0.036099137931034475
0 0.6860632183908046 0.4657866379310345 0.02298850574712652 0.036099137931034475
0 0.5964439655172413 0.6663523706896551 0.015804597701149503 0.034213362068965525
0 0.6714260057471264 0.58984375 0.02532327586206895 0.032596982758620774
0 0.36997126436781613 0.6703933189655172 0.024425287356321823 0.0352909482758621
0 0.5624102011494253 0.4679418103448276 0.0350215517241379 0.054956896551724144
0 0.3247126436781609 0.7277747844827587 0.022988505747126464 0.029903017241379337
0 0.6052442528735632 0.7125538793103449 0.030890804597701216 0.0431034482758621
0 0.6676544540229885 0.5558997844827587 0.02388649425287359 0.03744612068965514
0 0.2641882183908046 0.39426185344827586 0.029813218390804613 0.05307112068965514
0 0.3926903735632184 0.6862877155172413 0.027119252873563204 0.03582974137931039
0 0.6434087643678161 0.3533135775862069 0.029992816091954033 0.0352909482758621
0 0.35353807471264365 0.42941810344827586 0.034303160919540276 0.042025862068965525
0 0.3602729885057471 0.9117726293103448 0.02765804597701149 0.05630387931034486
0 0.45896192528735635 0.3824084051724138 0.030711206896551768 0.05145474137931033
0 0.4318426724137931 0.7438038793103448 0.025682471264367845 0.030711206896551713
0 0.4005926724137931 0.6041217672413793 0.029274425287356354 0.041756465517241326
0 0.4097521551724138 0.43547952586206895 0.029274425287356298 0.040140086206896575
0 0.6403556034482758 0.5270743534482758 0.029633620689655138 0.05253232758620696
0 0.35362787356321834 0.7444773706896551 0.027298850574712652 0.037984913793103425
0 0.3753591954022989 0.7738415948275862 0.024425287356321823 0.034213362068965525
0 0.3283045977011494 0.7575431034482758 0.026221264367816077 0.03286637931034486
0 0.5809087643678161 0.14655172413793105 0.02676005747126442 0.035560344827586216
0 0.6373922413793103 0.4383081896551724 0.02011494252873558 0.039331896551724144
0 0.3994252873563219 0.4016702586206896 0.020833333333333315 0.038793103448275856
0 0.3935883620689655 0.3584321120689655 0.021372126436781602 0.03313577586206895
0 0.3603627873563218 0.6372575431034483 0.022808908045977017 0.036368534482758674
0 0.5804597701149425 0.11395474137931033 0.028017241379310276 0.03663793103448275
0 0.7582614942528736 0.5587284482758621 0.033045977011494254 0.05657327586206895
0 0.5763290229885057 0.7392241379310345 0.032327586206896575 0.06519396551724133
0 0.35389727011494254 0.8655711206896552 0.02532327586206895 0.03556034482758619
0 0.6117995689655172 0.4380387931034483 0.03250718390804597 0.049030172413793094
0 0.6227550287356323 0.3371497844827586 0.030711206896551713 0.04660560344827591
0 0.30073635057471265 0.6092403017241379 0.026400862068965525 0.05522629310344829
0 0.43525502873563215 0.8044181034482758 0.028915229885057514 0.03286637931034486
0 0.3329741379310345 0.4616109913793104 0.025143678160919558 0.036907327586206906
0 0.33845186781609193 0.5021551724137931 0.019935344827586243 0.03394396551724138
0 0.5554956896551724 0.44558189655172414 0.03699712643678155 0.03556034482758619
0 0.3317169540229885 0.5903825431034482 0.030890804597701105 0.05522629310344829
0 0.4717133620689655 0.026804956896551727 0.027119252873563204 0.04175646551724138
0 0.3823635057471264 0.7209051724137931 0.030531609195402265 0.03825431034482751
0 0.3467133620689655 0.7817887931034483 0.027837643678160884 0.0393318965517242
0 0.7382363505747127 0.5008081896551724 0.03861350574712652 0.045258620689655193
0 0.37526939655172414 0.026131465517241378 0.02388649425287359 0.03987068965517241
0 0.289691091954023 0.07906788793103448 0.03412356321839083 0.037984913793103446
0 0.5114044540229885 0.4057112068965517 0.0332255747126437 0.0646551724137931
0 0.6717852011494252 0.3538523706896552 0.025682471264367845 0.028286637931034475
0 0.2860093390804598 0.7205010775862069 0.025682471264367845 0.03636853448275856
0 0.3779633620689655 0.8883351293103448 0.027119252873563204 0.05738146551724144
0 0.5582794540229885 0.7079741379310345 0.03717672413793105 0.04633620689655171
0 0.6979166666666667 0.34577047413793105 0.029454022988505746 0.049838362068965525
0 0.41729525862068967 0.6648706896551724 0.02532327586206895 0.03825431034482751
0 0.728448275862069 0.6254040948275862 0.03125 0.0471443965517242
0 0.4083153735632184 0.47790948275862066 0.024245689655172376 0.04364224137931033
0 0.5906070402298851 0.4787176724137931 0.03250718390804597 0.05711206896551724
0 0.5839619252873564 0.29094827586206895 0.0274784482758621 0.042025862068965525
0 0.2928340517241379 0.6804956896551724 0.027478448275862044 0.03987068965517249
0 0.6144935344827587 0.7630657327586207 0.03250718390804608 0.0546875
0 0.3301903735632184 0.5412176724137931 0.029633620689655138 0.045797413793103536
0 0.45905172413793105 0.2571390086206896 0.03089080459770116 0.050915948275862044
0 0.38820043103448276 0.8355334051724137 0.02855603448275862 0.04445043103448276
0 0.7224317528735632 0.4268588362068966 0.028556034482758674 0.03960129310344823
0 0.6682830459770115 0.5188577586206897 0.022629310344827624 0.03987068965517249
0 0.7221623563218391 0.37567349137931033 0.02765804597701149 0.040140086206896575
0 0.4760237068965517 0.43116918103448276 0.0350215517241379 0.04067887931034486
0 0.5435524425287357 0.36530172413793105 0.035380747126436796 0.054956896551724144
0 0.6069504310344828 0.6084321120689655 0.03322557471264376 0.04876077586206895
0 0.7120150862068966 0.5367726293103448 0.03250718390804597 0.05307112068965514
0 0.6662176724137931 0.6255387931034483 0.021372126436781547 0.039870689655172376
0 0.5552262931034483 0.5483566810344828 0.0274784482758621 0.041756465517241326
0 0.3900862068965517 0.80078125 0.026939655172413812 0.03690732758620685
0 0.593121408045977 0.5192618534482758 0.02891522988505746 0.030441810344827513
0 0.4216056034482759 0.6225754310344828 0.023168103448275856 0.0425646551724137
0 0.662176724137931 0.47629310344827586 0.02981321839080464 0.04525862068965514
0 0.5359195402298851 0.7455549568965517 0.026580459770114917 0.0428340517241379
0 0.5891702586206897 0.3351293103448276 0.03573994252873558 0.045258620689655193
0 0.5881824712643677 0.5492995689655173 0.03196839080459768 0.04148706896551724
0 0.6953125 0.4379040948275862 0.02460488505747116 0.03205818965517243
0 0.43561422413793105 0.6782058189655172 0.02460488505747127 0.0433728448275863
0 0.3793103448275862 0.42416487068965514 0.019396551724137956 0.03582974137931033
0 0.3800287356321839 0.38415948275862066 0.024066091954022983 0.03125
0 0.3386314655172414 0.025457974137931032 0.02460488505747127 0.03636853448275862
0 0.7925646551724138 0.5701778017241379 0.03699712643678166 0.0509159482758621
0 0.2897808908045977 0.7611799568965517 0.018498563218390773 0.040140086206896575
0 0.4187320402298851 0.7144396551724138 0.022449712643678177 0.034482758620689724
0 0.5888110632183908 0.6382004310344828 0.021731321839080442 0.031788793103448176
0 0.29705459770114945 0.28650323275862066 0.025862068965517238 0.04014008620689652
0 0.3485991379310345 0.7062230603448276 0.030172413793103425 0.04552801724137934
0 0.35793821839080464 0.5343480603448276 0.024425287356321823 0.053609913793103425
0 0.2628412356321839 0.46726831896551724 0.03753591954022986 0.03636853448275862
0 0.3126795977011494 0.79296875 0.03017241379310348 0.041756465517241326
0 0.5538793103448276 0.31559806034482757 0.031609195402298895 0.043911637931034475
0 0.3900862068965517 0.53125 0.026580459770114917 0.042025862068965525
0 0.5646551724137931 0.4067887931034483 0.035201149425287404 0.05926724137931033
0 0.5506465517241379 0.61328125 0.03196839080459768 0.037984913793103425
0 0.6084770114942528 0.29849137931034486 0.027658045977011603 0.03987068965517243
0 0.34159482758620685 0.6643318965517242 0.03160919540229884 0.03879310344827591
0 0.2744252873563219 0.5404094827586207 0.03412356321839077 0.038254310344827624
0 0.3041487068965517 0.40396012931034486 0.02532327586206895 0.035290948275862044
0 0.43220186781609193 0.29067887931034486 0.039331896551724144 0.039331896551724144
0 0.36054238505747127 0.4532596982758621 0.023527298850574696 0.02451508620689652
0 0.4071479885057471 0.5036368534482758 0.01795977011494254 0.02451508620689652
0 0.40301724137931033 0.7133620689655172 0.014367816091954033 0.03340517241379315
0 0.30998563218390807 0.47117456896551724 0.020833333333333315 0.0431034482758621
0 0.6035380747126438 0.1619073275862069 0.019576149425287404 0.023168103448275856
0 0.32165948275862066 0.14304956896551724 0.03520114942528735 0.0425646551724138
0 0.5380747126436782 0.4148706896551724 0.01867816091954022 0.039331896551724144
0 0.6144037356321839 0.49609375 0.022629310344827513 0.04229525862068967
0 0.5889008620689655 0.4248383620689655 0.014008620689655249 0.02532327586206895
0 0.6115301724137931 0.6336206896551724 0.021910919540229945 0.020474137931034475
0 0.28789511494252873 0.5707165948275862 0.01867816091954022 0.03690732758620685
0 0.33028017241379315 0.681707974137931 0.020833333333333315 0.027747844827586188
0 0.44989224137931033 0.4022090517241379 0.02155172413793105 0.035021551724137956
0 0.3315373563218391 0.3794450431034483 0.01831896551724138 0.05414870689655171
0 0.3828125 0.7475754310344828 0.02891522988505746 0.0269396551724137
0 0.531878591954023 0.78515625 0.010955459770114917 0.03313577586206895
0 0.6489762931034482 0.4559536637931034 0.019935344827586188 0.033135775862069006
0 0.33099856321839083 0.8112877155172413 0.012931034482758619 0.016971982758620663
0 0.3863146551724138 0.8911637931034483 0.02191091954022989 0.06573275862068972
0 0.3977191091954023 0.4928609913793104 0.010237068965517238 0.030980603448275856
0 0.3641343390804598 0.4001885775862069 0.022808908045977017 0.019127155172413812
0 0.7056393678160919 0.6033135775862069 0.02155172413793105 0.02936422413793105
0 0.5144576149425287 0.3203125 0.036458333333333315 0.033943965517241326
0 0.5268498563218391 0.5619612068965517 0.019935344827586188 0.04525862068965525
0 0.4088541666666667 0.5303071120689655 0.012033045977011492 0.035829741379310276
0 0.5372665229885057 0.7898706896551724 0.01706178160919536 0.051724137931034475
0 0.43552442528735635 0.7028556034482758 0.022988505747126464 0.01939655172413801
0 0.4136135057471264 0.09590517241379311 0.024425287356321823 0.03771551724137931
0 0.42376077586206895 0.8314924568965517 0.021372126436781602 0.02559267241379315
0 0.5025143678160919 0.4459859913793104 0.0193965517241379 0.030980603448275856
0 0.31896551724137934 0.814520474137931 0.017600574712643702 0.022359913793103425
0 0.5317887931034483 0.3438846982758621 0.03125 0.036907327586206906
0 0.6536458333333333 0.5670797413793103 0.015984195402298895 0.02909482758620696
0 0.3558728448275862 0.576104525862069 0.019576149425287348 0.029903017241379337
0 0.2885237068965517 0.47467672413793105 0.02532327586206895 0.026400862068965525
0 0.6135057471264368 0.47346443965517243 0.01795977011494254 0.018049568965517238
0 0.7394037356321839 0.5862068965517242 0.013290229885057459 0.032327586206896464
0 0.3183369252873563 0.6889816810344828 0.015625 0.0196659482758621
0 0.35183189655172414 0.3993803879310345 0.019037356321839116 0.024515086206896575
0 0.40885416666666663 0.36476293103448276 0.018498563218390773 0.036099137931034475
0 0.4256465517241379 0.8479256465517241 0.021551724137930994 0.018588362068965525
0 0.4364224137931034 0.5282866379310345 0.027298850574712652 0.039870689655172376
0 0.6031788793103449 0.12863685344827586 0.018139367816091934 0.041217672413793094
0 0.41666666666666663 0.33135775862068967 0.010416666666666685 0.04094827586206895
0 0.3302801724137931 0.7056842672413793 0.013649425287356354 0.020743534482758674
0 0.44764727011494254 0.7549838362068966 0.012033045977011492 0.029903017241379337
0 0.36934267241379315 0.5544181034482758 0.020653735632183923 0.05010775862068961
0 0.6145833333333333 0.13186961206896552 0.017241379310344862 0.03852370689655173
0 0.3170797413793104 0.625 0.01598419540229884 0.046875
0 0.43947557471264365 0.7223868534482758 0.013649425287356298 0.02128232758620696
0 0.3754489942528736 0.5207435344827587 0.016343390804597735 0.024784482758620663
0 0.4521372126436781 0.7897359913793103 0.012392241379310331 0.03636853448275856
0 0.31501436781609193 0.7164601293103449 0.022988505747126464 0.030441810344827624
0 0.2828663793103448 0.6047952586206897 0.01795977011494254 0.04040948275862066
0 0.41531968390804597 0.6897898706896552 0.019576149425287348 0.018049568965517238
0 0.44665948275862066 0.8203125 0.017959770114942486 0.0387931034482758
0 0.6324533045977012 0.13267780172413793 0.022090517241379337 0.041217672413793094
0 0.3562320402298851 0.6101831896551724 0.020294540229885027 0.026400862068965525
0 0.406878591954023 0.014008620689655173 0.026400862068965525 0.028017241379310345
0 0.3832614942528736 0.6209590517241379 0.02262931034482757 0.018857758620689613
0 0.5304418103448276 0.006330818965517241 0.031070402298850608 0.012661637931034482
0 0.5422952586206897 0.010910560344827586 0.027837643678160995 0.021821120689655173
0 0.3239044540229885 0.6493803879310345 0.036817528735632155 0.0347521551724137
0 0.5131106321839081 0.022764008620689658 0.02298850574712641 0.031519396551724144
0 0.5625897988505748 0.2222521551724138 0.025682471264367845 0.03771551724137931
0 0.5791127873563219 0.19463900862068967 0.026400862068965525 0.05414870689655174
