0 0.2958872126436782 0.8844288793103449 0.02460488505747127 0.0350215517241379
0 0.4989224137931034 0.33795797413793105 0.01903735632183906 0.03259698275862072
0 0.39457614942528735 0.3077855603448276 0.025143678160919558 0.036907327586206906
0 0.4198096264367816 0.8279903017241379 0.02244971264367812 0.030441810344827624
0 0.36844468390804597 0.9788523706896552 0.02783764367816094 0.04067887931034486
0 0.5863864942528736 0.45932112068965514 0.02298850574712641 0.03987068965517243
0 0.3765265804597701 0.8958782327586207 0.031070402298850608 0.040140086206896575
0 0.34096623563218387 0.8481950431034483 0.02568247126436779 0.046066810344827624
0 0.2977729885057471 0.841864224137931 0.027298850574712596 0.053879310344827624
0 0.5939295977011494 0.6274245689655172 0.021910919540229945 0.03286637931034475
0 0.3302801724137931 0.3410560344827586 0.023347701149425304 0.03556034482758619
0 0.5429238505747127 0.4368265086206896 0.023706896551724088 0.042834051724137956
0 0.4797952586206896 0.4481411637931034 0.021372126436781602 0.03960129310344823
0 0.4422593390804598 0.4102909482758621 0.02460488505747127 0.045258620689655193
0 0.6804058908045978 0.26144935344827586 0.023527298850574696 0.027747844827586188
0 0.6085668103448276 0.10264008620689655 0.027119252873563204 0.037176724137931036
0 0.2979525862068966 0.46241918103448276 0.02478448275862072 0.03636853448275862
0 0.5225395114942528 0.19410021551724138 0.025682471264367845 0.022898706896551713
0 0.4020294540229885 0.6166487068965517 0.02819683908045978 0.042025862068965525
0 0.6897449712643677 0.23289331896551724 0.027119252873563204 0.03259698275862069
0 0.3651221264367816 0.9353448275862069 0.028735632183908066 0.045797413793103536
0 0.3250718390804598 0.7225215517241379 0.029454022988505746 0.03717672413793105
0 0.5491199712643677 0.7765355603448276 0.02676005747126442 0.04498922413793105
0 0.5078125 0.2901400862068966 0.024604885057471215 0.042025862068965525
0 0.3861350574712644 0.9366918103448276 0.020114942528735635 0.04040948275862066
0 0.6533764367816092 0.4765625 0.02298850574712641 0.02909482758620685
0 0.36260775862068967 0.45945581896551724 0.024066091954022983 0.03475215517241381
0 0.3826329022988506 0.4061153017241379 0.022449712643678177 0.03421336206896547
0 0.33728448275862066 0.30307112068965514 0.03125 0.03771551724137928
0 0.5903376436781609 0.7055495689655172 0.03053160919540232 0.0431034482758621
0 0.6293103448275862 0.47467672413793105 0.02155172413793105 0.030711206896551713
0 0.43202227011494254 0.3133081896551724 0.021731321839080442 0.03987068965517243
0 0.42420977011494254 0.6955818965517242 0.028735632183908066 0.05280172413793094
0 0.2934626436781609 0.7828663793103449 0.022988505747126464 0.038254310344827624
0 0.3441989942528736 0.7781519396551724 0.02568247126436779 0.06223060344827591
0 0.3390804597701149 0.6850754310344827 0.025143678160919503 0.04148706896551724
0 0.4533045977011494 0.29620150862068967 0.026580459770114973 0.0390625
0 0.3081896551724138 0.4814116379310345 0.022988505747126464 0.04471982758620685
0 0.5630387931034483 0.3797144396551724 0.027298850574712707 0.03636853448275862
0 0.30307112068965514 0.4158135775862069 0.02209051724137928 0.028286637931034475
0 0.31860632183908044 0.5386584051724137 0.027298850574712652 0.029903017241379337
0 0.6497844827586207 0.45070043103448276 0.03268678160919536 0.03394396551724138
0 0.4313038793103448 0.3706896551724138 0.02460488505747127 0.036099137931034475
0 0.382183908045977 0.5783943965517241 0.023347701149425304 0.036099137931034475
0 0.5027837643678161 0.20810883620689655 0.023168103448275856 0.03582974137931033
0 0.35605244252873564 0.4275323275862069 0.023527298850574696 0.03771551724137934
0 0.3857758620689655 0.8060344827586207 0.026221264367816077 0.02909482758620685
0 0.4609375 0.3754040948275862 0.03142959770114939 0.03798491379310348
0 0.296875 0.986260775862069 0.030890804597701105 0.026939655172413812
0 0.4401041666666667 0.5339439655172413 0.01921695402298851 0.04364224137931039
0 0.3249820402298851 0.5831088362068966 0.025323275862069006 0.03852370689655171
0 0.5719288793103448 0.6338900862068966 0.02819683908045978 0.04256465517241381
0 0.3969109195402299 0.43103448275862066 0.023347701149425304 0.03771551724137928
0 0.3559626436781609 0.736260775862069 0.027298850574712652 0.04471982758620685
0 0.5823455459770115 0.33741918103448276 0.028556034482758674 0.03744612068965514
0 0.3556932471264368 0.8050915948275862 0.021731321839080442 0.040140086206896575
0 0.3452765804597701 0.9599946120689655 0.02460488505747127 0.0390625
0 0.5473239942528736 0.8312230603448276 0.0274784482758621 0.06061422413793105
0 0.49362428160919536 0.49636314655172414 0.026041666666666685 0.05307112068965514
0 0.38047772988505746 0.3776939655172413 0.02496408045977011 0.03394396551724138
0 0.5551364942528736 0.4947467672413793 0.023706896551724088 0.03852370689655171
0 0.4533045977011494 0.4502963362068966 0.023706896551724144 0.035290948275862044
0 0.5744432471264368 0.41823814655172414 0.02388649425287359 0.03259698275862066
0 0.39655172413793105 0.5192618534482758 0.02119252873563221 0.027747844827586188
0 0.6041666666666667 0.1988146551724138 0.023347701149425304 0.03771551724137931
0 0.6003951149425287 0.6755118534482758 0.022629310344827624 0.04498922413793094
0 0.41181752873563215 0.9655172413793104 0.02191091954022989 0.046875
0 0.5660919540229885 0.4482758620689655 0.022629310344827624 0.04256465517241381
0 0.3521012931034483 0.3386314655172414 0.022090517241379337 0.0350215517241379
0 0.4578843390804598 0.25633081896551724 0.025682471264367845 0.04121767241379312
0 0.3405172413793104 0.5979256465517242 0.023706896551724144 0.03636853448275856
0 0.47467672413793105 0.24205280172413793 0.026221264367816077 0.031519396551724144
0 0.3104346264367816 0.9598599137931034 0.02460488505747127 0.038254310344827624
0 0.5801005747126438 0.7630657327586208 0.026939655172413812 0.04445043103448276
0 0.4495330459770115 0.4854525862068966 0.02083333333333337 0.03178879310344823
0 0.4577945402298851 0.34455818965517243 0.025143678160919503 0.026939655172413812
0 0.5507363505747127 0.6496497844827587 0.025682471264367845 0.040140086206896464
0 0.44351652298850575 0.23235452586206895 0.023527298850574696 0.03852370689655171
0 0.45186781609195403 0.9368265086206897 0.023347701149425304 0.06007543103448276
0 0.38838002873563215 0.4765625 0.023886494252873536 0.051724137931034475
0 0.3827227011494253 0.6398168103448276 0.02478448275862072 0.04471982758620696
0 0.38317169540229884 0.5412176724137931 0.022090517241379337 0.042025862068965525
0 0.610003591954023 0.5405441810344827 0.023527298850574807 0.04929956896551724
0 0.43301005747126436 0.4927262931034483 0.020474137931034475 0.03125
0 0.5651041666666667 0.8149245689655172 0.02676005747126442 0.0431034482758621
0 0.4812320402298851 0.3376885775862069 0.02424568965517243 0.025053879310344862
0 0.42061781609195403 0.5394665948275863 0.024425287356321823 0.04929956896551724
0 0.37176724137931033 0.7037984913793103 0.02837643678160917 0.04175646551724144
0 0.5670797413793103 0.8931842672413793 0.028556034482758563 0.049838362068965525
0 0.4718929597701149 0.4831627155172414 0.021372126436781602 0.030441810344827624
0 0.5812679597701149 0.51953125 0.030711206896551713 0.043911637931034475
0 0.5248742816091954 0.22157866379310345 0.02891522988505746 0.03636853448275862
0 0.48608117816091956 0.2702047413793104 0.02496408045977011 0.03394396551724138
0 0.4055316091954023 0.7462284482758621 0.026221264367816077 0.05441810344827591
0 0.5863864942528736 0.6604256465517242 0.025862068965517238 0.03744612068965514
0 0.3328843390804598 0.44005926724137934 0.027119252873563204 0.05145474137931033
0 0.37095905172413796 0.3169450431034483 0.022808908045977017 0.0390625
0 0.5357399425287357 0.46349676724137934 0.02227011494252873 0.03852370689655177
0 0.3124102011494253 0.5711206896551724 0.02855603448275862 0.03987068965517249
0 0.40400502873563215 0.8698814655172413 0.02568247126436779 0.05603448275862066
0 0.5178699712643677 0.48235452586206895 0.025682471264367845 0.041756465517241326
0 0.3954741379310345 0.9793911637931034 0.02442528735632188 0.03744612068965514
0 0.3265984195402299 0.40369073275862066 0.024245689655172376 0.035290948275862044
0 0.43947557471264365 0.8503502155172413 0.02262931034482757 0.03690732758620696
0 0.5057471264367817 0.4090786637931034 0.022988505747126464 0.040678879310344807
0 0.5946479885057472 0.07287176724137931 0.02298850574712652 0.03582974137931035
0 0.2887931034482759 0.4345366379310345 0.033405172413793094 0.032327586206896575
0 0.4203484195402299 0.3991109913793104 0.02460488505747127 0.04175646551724138
0 0.48670977011494254 0.3056303879310345 0.027298850574712707 0.036907327586206906
0 0.44773706896551724 0.6375269396551724 0.020474137931034475 0.04175646551724144
0 0.35398706896551724 0.6310614224137931 0.03196839080459768 0.0390625
0 0.3871228448275862 0.34577047413793105 0.023886494252873536 0.03852370689655171
0 0.6426005747126436 0.4090786637931034 0.02765804597701149 0.044989224137930994
0 0.43866738505747127 0.6077586206896551 0.022090517241379337 0.038254310344827624
0 0.5589080459770115 0.6896551724137931 0.024425287356321768 0.04471982758620696
0 0.313128591954023 0.7671066810344828 0.03286637931034486 0.0471443965517242
0 0.32112068965517243 0.8595096982758621 0.026939655172413812 0.05792025862068961
0 0.4146012931034483 0.6534213362068966 0.022449712643678177 0.036368534482758674
0 0.6060524425287357 0.5246497844827587 0.021372126436781547 0.03475215517241381
0 0.5307112068965517 0.6726831896551724 0.01795977011494254 0.03663793103448276
0 0.5391522988505748 0.39601293103448276 0.024784482758620663 0.04148706896551724
0 0.4209770114942529 0.296875 0.024784482758620663 0.03286637931034486
0 0.5219109195402298 0.2578125 0.04166666666666663 0.03717672413793105
0 0.5832435344827587 0.23572198275862072 0.02747844827586199 0.04579741379310345
0 0.5801005747126438 0.31452047413793105 0.03412356321839083 0.03367456896551724
0 0.41855244252873564 0.4307650862068966 0.021372126436781658 0.029633620689655193
0 0.34339080459770116 0.90234375 0.025143678160919558 0.037984913793103425
0 0.4133441091954023 0.9224137931034483 0.029633620689655193 0.043642241379310276
0 0.5901580459770115 0.8107489224137931 0.024784482758620774 0.04121767241379304
0 0.3203125 0.9225484913793103 0.0274784482758621 0.03960129310344829
0 0.5861170977011494 0.8560075431034482 0.027837643678160884 0.04929956896551724
0 0.40122126436781613 0.669854525862069 0.019396551724137956 0.0390625
0 0.484375 0.41554418103448276 0.023706896551724088 0.03475215517241381
0 0.4859015804597701 0.36557112068965514 0.027837643678160884 0.03987068965517243
0 0.5623204022988506 0.7346443965517242 0.02442528735632188 0.03556034482758619
0 0.5703125 0.544854525862069 0.020653735632183867 0.028825431034482762
0 0.587823275862069 0.14816810344827586 0.025502873563218342 0.03717672413793105
0 0.3636853448275862 0.3527747844827586 0.020474137931034475 0.03259698275862066
0 0.35192169540229884 0.39089439655172414 0.027119252873563204 0.038254310344827624
0 0.5297234195402298 0.33230064655172414 0.023168103448275912 0.03582974137931039
0 0.3582974137931034 0.5763739224137931 0.02262931034482757 0.03744612068965514
0 0.4203484195402299 0.8001077586206897 0.02819683908045978 0.03502155172413801
0 0.41208692528735635 0.46497844827586204 0.030352011494252873 0.04148706896551724
0 0.41118893678160917 0.34900323275862066 0.02460488505747127 0.03582974137931033
0 0.4385775862068966 0.8939924568965517 0.02191091954022989 0.047683189655172376
0 0.4063397988505747 0.38833512931034486 0.02496408045977011 0.041217672413793094
0 0.4524066091954023 0.7428609913793103 0.01975574712643674 0.04606681034482751
0 0.5388829022988506 0.7390894396551724 0.020653735632183867 0.04229525862068961
0 0.3624281609195402 0.8685344827586207 0.025862068965517238 0.045797413793103425
0 0.3720366379310345 0.4951508620689655 0.021012931034482762 0.03556034482758624
0 0.37760416666666663 0.7742456896551724 0.03142959770114945 0.05495689655172409
0 0.6352370689655172 0.5001346982758621 0.028017241379310276 0.03475215517241376
0 0.3260596264367816 0.8103448275862069 0.02532327586206895 0.04471982758620696
0 0.5139188218390804 0.3776939655172414 0.02460488505747127 0.03717672413793105
0 0.3872126436781609 0.6829202586206897 0.03376436781609199 0.04418103448275856
0 0.6048850574712643 0.16015625 0.020474137931034586 0.03582974137931033
0 0.4419001436781609 0.5705818965517242 0.02783764367816094 0.03556034482758619
0 0.6450251436781609 0.15598060344827586 0.02388649425287359 0.03232758620689655
0 0.5792923850574713 0.599542025862069 0.0274784482758621 0.036368534482758674
0 0.4214260057471264 0.609375 0.020653735632183923 0.053879310344827624
0 0.27792744252873564 0.8436153017241379 0.022090517241379337 0.037984913793103425
0 0.6099137931034482 0.49366918103448276 0.019755747126436796 0.030980603448275856
0 0.3832614942528736 0.8397090517241379 0.025502873563218398 0.04148706896551724
0 0.6769935344827587 0.2952586206896552 0.03035201149425293 0.051724137931034475
0 0.6405352011494253 0.24703663793103448 0.03250718390804597 0.03340517241379312
0 0.626885775862069 0.15948275862068967 0.021372126436781658 0.04956896551724135
0 0.5402298850574713 0.23626077586206895 0.013649425287356243 0.022629310344827597
0 0.5076329022988506 0.2338362068965517 0.023168103448275856 0.01778017241379312
0 0.5275682471264368 0.2912176724137931 0.009877873563218342 0.030172413793103425
0 0.5193965517241379 0.2921605603448276 0.0118534482758621 0.037446120689655193
0 0.539691091954023 0.31478987068965514 0.024784482758620774 0.042834051724137956
0 0.5154454022988506 0.3213900862068966 0.021910919540229945 0.02801724137931033
0 0.4679418103448276 0.40625 0.019576149425287348 0.0274784482758621
0 0.45536997126436785 0.41608297413793105 0.013469827586206906 0.03582974137931033
0 0.49559985632183906 0.4344019396551724 0.018857758620689613 0.02074353448275862
0 0.5123922413793104 0.4482758620689655 0.034841954022988564 0.026400862068965525
0 0.5164331896551724 0.4290140086206896 0.02604166666666663 0.031519396551724144
0 0.5260416666666667 0.4051724137931034 0.017600574712643646 0.025323275862069006
0 0.5484913793103449 0.5157596982758621 0.020474137931034475 0.03636853448275856
0 0.5924030172413793 0.5521282327586207 0.01921695402298851 0.02936422413793105
0 0.6246408045977012 0.5320581896551724 0.017600574712643646 0.042025862068965525
0 0.640625 0.5246497844827587 0.022629310344827624 0.029903017241379337
0 0.5807291666666667 0.4964978448275862 0.024245689655172487 0.0193965517241379
0 0.41603807471264365 0.5523976293103449 0.030711206896551768 0.04498922413793105
0 0.4407327586206896 0.44450431034482757 0.02119252873563221 0.026939655172413812
0 0.46273347701149425 0.46484375 0.01921695402298851 0.028825431034482762
0 0.3777837643678161 0.4300915948275862 0.021012931034482762 0.03259698275862072
0 0.34581537356321834 0.3627424568965517 0.026760057471264365 0.0352909482758621
0 0.32848419540229884 0.3744612068965517 0.02155172413793105 0.026400862068965525
0 0.3818247126436781 0.7283135775862069 0.023706896551724144 0.029903017241379337
0 0.4375897988505747 0.6900592672413793 0.020294540229885027 0.049838362068965525
0 0.44010416666666663 0.7427262931034483 0.013110632183908011 0.02532327586206895
0 0.4067887931034483 0.7786907327586207 0.023706896551724144 0.030441810344827624
0 0.4373204022988506 0.7859644396551724 0.02191091954022989 0.029903017241379337
0 0.3010955459770115 0.9089439655172413 0.026400862068965525 0.04471982758620696
0 0.32947198275862066 0.9760237068965517 0.031070402298850552 0.047952586206896575
0 0.42771192528735635 0.9776400862068966 0.02496408045977011 0.04471982758620685
0 0.43193247126436785 0.9334590517241379 0.019396551724137956 0.04256465517241381
0 0.46336206896551724 0.9544719827586208 0.014008620689655138 0.05818965517241381
0 0.4207974137931034 0.880792025862069 0.02191091954022989 0.0466056034482758
0 0.3609913793103448 0.8327047413793104 0.01795977011494254 0.02532327586206895
0 0.3427622126436781 0.8802532327586207 0.017780172413793094 0.0234375
0 0.4025682471264368 0.8234105603448276 0.020653735632183923 0.03852370689655171
0 0.39673132183908044 0.7218480603448276 0.01867816091954022 0.03582974137931039
0 0.3701508620689655 0.6019665948275862 0.017241379310344862 0.028286637931034475
0 0.3963721264367816 0.5497036637931034 0.014367816091954033 0.032058189655172376
0 0.40068247126436785 0.5738146551724138 0.01903735632183906 0.051724137931034475
0 0.42986709770114945 0.4621497844827586 0.021012931034482762 0.0390625
0 0.587194683908046 0.7474407327586207 0.02460488505747127 0.0546875
0 0.5845905172413793 0.36637931034482757 0.01795977011494254 0.03717672413793105
0 0.5728268678160919 0.3713631465517241 0.021731321839080442 0.05738146551724138
0 0.5199353448275862 0.35789331896551724 0.03520114942528729 0.016971982758620663
0 0.5255926724137931 0.3754040948275862 0.020653735632183978 0.025053879310344807
