0 0.4109195402298851 0.33432112068965514 0.02406609195402304 0.03448275862068967
0 0.42852011494252873 0.3762122844827586 0.02191091954022989 0.0428340517241379
0 0.3727550287356322 0.4537984913793104 0.01921695402298851 0.03636853448275862
0 0.35650143678160917 0.47077047413793105 0.025143678160919503 0.035290948275862044
0 0.30792025862068967 0.5697737068965517 0.023527298850574696 0.037715517241379226
0 0.39197198275862066 0.595770474137931 0.021372126436781602 0.03475215517241381
0 0.4276221264367816 0.5783943965517242 0.022629310344827624 0.03448275862068961
0 0.5172413793103448 0.5090247844827587 0.024784482758620663 0.03475215517241381
0 0.45842313218390807 0.4950161637931034 0.02460488505747127 0.03636853448275862
0 0.4389367816091954 0.4209321120689655 0.025143678160919558 0.03636853448275862
0 0.4878771551724138 0.43494073275862066 0.02424568965517243 0.03475215517241376
0 0.46336206896551724 0.42578125 0.022629310344827624 0.036368534482758674
0 0.44333692528735635 0.3471174568965517 0.025323275862069006 0.03367456896551724
0 0.4353448275862069 0.3120959051724138 0.026939655172413812 0.03960129310344829
0 0.4609375 0.3737877155172414 0.026400862068965525 0.03475215517241381
0 0.5040409482758621 0.4141971982758621 0.021372126436781658 0.03636853448275862
0 0.5414870689655173 0.4801993534482759 0.025862068965517238 0.03636853448275862
0 0.3862248563218391 0.5622306034482758 0.029633620689655193 0.03717672413793094
0 0.3614403735632184 0.5758351293103448 0.022090517241379337 0.03960129310344829
0 0.37742456896551724 0.6200161637931034 0.0274784482758621 0.03690732758620685
0 0.3759877873563218 0.6790140086206897 0.02460488505747127 0.04121767241379304
0 0.5021551724137931 0.6574622844827587 0.022988505747126464 0.037984913793103536
0 0.5164331896551724 0.6237877155172413 0.024245689655172487 0.03636853448275856
0 0.5343031609195402 0.6422413793103449 0.024784482758620774 0.032327586206896575
0 0.5364583333333333 0.603582974137931 0.022629310344827513 0.028825431034482762
0 0.5158045977011494 0.5874191810344828 0.02083333333333337 0.03313577586206895
0 0.4482758620689655 0.560614224137931 0.02298850574712641 0.03556034482758619
0 0.47413793103448276 0.5272090517241379 0.01867816091954022 0.03125
0 0.46695402298850575 0.45959051724137934 0.013290229885057459 0.03125
0 0.44773706896551724 0.4599946120689655 0.02981321839080464 0.030441810344827624
0 0.4057112068965517 0.45501077586206895 0.024784482758620663 0.03717672413793105
0 0.4177442528735632 0.41217672413793105 0.024784482758620663 0.04040948275862072
0 0.5866558908045977 0.6182650862068966 0.02532327586206895 0.03717672413793105
0 0.5776760057471264 0.6922144396551724 0.021372126436781658 0.04121767241379304
0 0.4443247126436781 0.39695581896551724 0.02478448275862072 0.030980603448275856
0 0.3995150862068966 0.40234375 0.015625 0.020204741379310387
0 0.5243354885057472 0.7238685344827587 0.021731321839080553 0.042025862068965414
0 0.41945043103448276 0.2957974137931034 0.012751436781609171 0.026400862068965525
0 0.39448635057471265 0.46632543103448276 0.021012931034482762 0.032327586206896575
0 0.41172772988505746 0.49851831896551724 0.02460488505747127 0.030441810344827624
0 0.533135775862069 0.5053879310344828 0.01634339080459768 0.029633620689655193
0 0.40804597701149425 0.5313846982758621 0.024066091954022983 0.03475215517241381
0 0.41118893678160917 0.5654633620689655 0.021012931034482762 0.030172413793103425
0 0.4185524425287356 0.5895743534482758 0.023168103448275856 0.03852370689655171
0 0.3310883620689655 0.5886314655172413 0.02532327586206895 0.036099137931034586
0 0.2983117816091954 0.6313308189655172 0.02227011494252873 0.03690732758620685
0 0.31896551724137934 0.6676993534482758 0.02406609195402304 0.05037715517241381
0 0.34339080459770116 0.6456088362068966 0.026580459770114917 0.04229525862068961
0 0.3672772988505747 0.6340247844827587 0.023706896551724144 0.03690732758620696
0 0.37275502873563215 0.7140355603448276 0.019576149425287348 0.03259698275862066
0 0.40463362068965514 0.6919450431034482 0.020833333333333315 0.03852370689655171
0 0.4151400862068966 0.611395474137931 0.022808908045977017 0.036368534482758674
0 0.4811422413793104 0.5743534482758621 0.01831896551724138 0.032327586206896575
0 0.5109554597701149 0.5704471982758621 0.025862068965517293 0.0272090517241379
0 0.5369073275862069 0.6806303879310345 0.018857758620689613 0.0390625
0 0.5536099137931034 0.6966594827586208 0.020653735632183867 0.03556034482758619
0 0.5593570402298851 0.6635237068965517 0.021372126436781658 0.03717672413793105
0 0.5880028735632183 0.6368534482758621 0.023347701149425304 0.016702586206896575
