0 0.5422054597701149 0.4735991379310345 0.024784482758620663 0.042025862068965525
0 0.5182291666666666 0.47117456896551724 0.026400862068965525 0.038793103448275856
0 0.47153376436781613 0.47077047413793105 0.027478448275862044 0.04606681034482757
0 0.336566091954023 0.46282327586206895 0.028017241379310387 0.038793103448275856
0 0.30747126436781613 0.4599946120689655 0.023706896551724144 0.037984913793103425
0 0.27119252873563215 0.45514547413793105 0.029094827586206906 0.03960129310344829
0 0.2901400862068966 0.4810075431034483 0.027478448275862044 0.053609913793103425
0 0.34770114942528735 0.5284213362068966 0.026939655172413812 0.04121767241379315
0 0.3530890804597701 0.48679956896551724 0.030172413793103425 0.03556034482758624
0 0.3989762931034483 0.5404094827586208 0.02532327586206895 0.03879310344827591
0 0.38882902298850575 0.513604525862069 0.025862068965517238 0.037984913793103425
0 0.3957435344827586 0.4683459051724138 0.029633620689655138 0.04606681034482757
0 0.40176005747126436 0.41150323275862066 0.028735632183908066 0.041217672413793094
0 0.3828125 0.4224137931034483 0.03358477011494254 0.042025862068965525
0 0.3742816091954023 0.33917025862068967 0.03089080459770116 0.042025862068965525
0 0.4463002873563218 0.40813577586206895 0.03196839080459768 0.05118534482758619
0 0.5028735632183908 0.39655172413793105 0.024066091954022983 0.043103448275862044
0 0.5492995689655172 0.3859105603448276 0.022449712643678232 0.041217672413793094
0 0.5685165229885057 0.47117456896551724 0.025682471264367734 0.04364224137931039
0 0.5352909482758621 0.3211206896551724 0.02532327586206895 0.038793103448275856
0 0.48697916666666663 0.28515625 0.02855603448275862 0.0428340517241379
0 0.4560883620689655 0.29108297413793105 0.029633620689655138 0.041217672413793094
0 0.5056573275862069 0.31829202586206895 0.025323275862068895 0.03960129310344829
0 0.5603448275862069 0.28313577586206895 0.02909482758620696 0.03717672413793105
0 0.5782147988505747 0.25754310344827586 0.02963362068965525 0.04040948275862066
0 0.5825251436781609 0.20231681034482757 0.0274784482758621 0.0420258620689655
0 0.6042564655172413 0.1701239224137931 0.02244971264367812 0.028825431034482762
0 0.6064116379310345 0.2035290948275862 0.021372126436781658 0.03798491379310345
0 0.5985093390804598 0.2427262931034483 0.022090517241379226 0.04040948275862069
0 0.6006645114942528 0.2811153017241379 0.015265804597701105 0.031519396551724144
0 0.587823275862069 0.3131734913793104 0.02909482758620685 0.03636853448275862
0 0.5426544540229885 0.4327855603448276 0.022449712643678232 0.042834051724137956
0 0.48661997126436785 0.4501616379310345 0.020294540229885027 0.026400862068965525
0 0.6572377873563218 0.6452047413793104 0.028556034482758563 0.042025862068965525
0 0.6265265804597702 0.5988685344827587 0.030711206896551713 0.03717672413793094
0 0.6066810344827587 0.6228448275862069 0.019755747126436796 0.04040948275862066
0 0.5718390804597702 0.6124730603448276 0.024784482758620663 0.04606681034482751
0 0.5270294540229885 0.6158405172413792 0.02963362068965525 0.03933189655172409
0 0.5258620689655172 0.2583512931034483 0.016163793103448176 0.0274784482758621
0 0.5428340517241379 0.2561961206896552 0.01490660919540232 0.029633620689655166
0 0.5336745689655172 0.2881196120689655 0.028556034482758674 0.030980603448275856
0 0.4953304597701149 0.36260775862068967 0.025143678160919503 0.03556034482758619
0 0.5368175287356323 0.3503502155172414 0.024784482758620663 0.03259698275862066
0 0.5718390804597702 0.33351293103448276 0.017241379310344862 0.02855603448275862
0 0.5861170977011494 0.35870150862068967 0.021372126436781547 0.04445043103448276
0 0.599676724137931 0.3508890086206896 0.0118534482758621 0.042834051724137956
0 0.5640265804597702 0.35183189655172414 0.020653735632183978 0.03556034482758619
0 0.4968570402298851 0.43130387931034486 0.028915229885057514 0.027478448275862044
0 0.516882183908046 0.5001346982758621 0.022629310344827624 0.02613146551724138
0 0.4644396551724138 0.5009428879310345 0.022988505747126464 0.025592672413793094
0 0.3884698275862069 0.3872575431034483 0.02298850574712641 0.03313577586206895
0 0.38002873563218387 0.3790409482758621 0.024425287356321823 0.03825431034482757
0 0.4207974137931034 0.39197198275862066 0.017959770114942486 0.03556034482758624
0 0.44854525862068967 0.560479525862069 0.027119252873563204 0.04067887931034475
0 0.3705998563218391 0.45460668103448276 0.01454741379310348 0.0234375
0 0.4902119252873563 0.48693426724137934 0.02244971264367812 0.03798491379310348
0 0.6376616379310345 0.6469558189655172 0.022808908045977017 0.047683189655172376
0 0.5440014367816092 0.6930226293103449 0.021910919540229834 0.040140086206896575
0 0.5570222701149425 0.654364224137931 0.021012931034482762 0.03717672413793105
0 0.5733656609195402 0.6838631465517242 0.025682471264367734 0.04229525862068961
0 0.5826149425287356 0.7039331896551724 0.024066091954022983 0.030711206896551713
0 0.5678879310344828 0.5373114224137931 0.0237068965517242 0.03313577586206895
0 0.5388829022988506 0.5491648706896552 0.02891522988505746 0.04175646551724144
0 0.5828843390804598 0.4459859913793104 0.0231681034482758 0.04175646551724138
0 0.5546875 0.4044989224137931 0.027837643678160884 0.037984913793103425
0 0.42744252873563215 0.4625538793103448 0.01975574712643674 0.04633620689655171
0 0.5535201149425287 0.5141433189655172 0.02011494252873569 0.020204741379310276
