0 0.5816271551724138 0.6505926724137931 0.026400862068965525 0.04471982758620696
0 0.44279813218390807 0.3441540948275862 0.02352729885057475 0.03852370689655171
0 0.5435524425287357 0.6783405172413793 0.020653735632183978 0.042025862068965525
0 0.41657686781609193 0.4537984913793104 0.02568247126436779 0.040678879310344807
0 0.36485272988505746 0.517510775862069 0.02424568965517243 0.04148706896551729
0 0.48051364942528735 0.20608836206896552 0.027119252873563204 0.04094827586206898
0 0.33315373563218387 0.5211476293103449 0.026221264367816077 0.046605603448275856
0 0.3516522988505747 0.34065193965517243 0.028735632183908066 0.04498922413793105
0 0.2995689655172414 0.5387931034482758 0.02909482758620685 0.05441810344827591
0 0.39188218390804597 0.53515625 0.026939655172413812 0.036368534482758674
0 0.40490301724137934 0.3393049568965517 0.030352011494252873 0.04768318965517243
0 0.2505387931034483 0.6220366379310345 0.025862068965517238 0.040409482758620774
0 0.3423132183908046 0.46551724137931033 0.026580459770114917 0.03663793103448276
0 0.561242816091954 0.42416487068965514 0.02909482758620685 0.042834051724137956
0 0.42025862068965514 0.5072737068965517 0.023706896551724144 0.04633620689655177
0 0.4588721264367816 0.36907327586206895 0.025862068965517238 0.04148706896551724
0 0.4267241379310345 0.31330818965517243 0.026939655172413812 0.04094827586206895
0 0.4853627873563219 0.3824084051724138 0.02496408045977011 0.04337284482758624
0 0.37697557471264365 0.32044719827586204 0.028376436781609227 0.04445043103448276
0 0.4737787356321839 0.3077855603448276 0.016163793103448287 0.021821120689655193
0 0.5164331896551724 0.33337823275862066 0.026400862068965525 0.0390625
0 0.41954022988505746 0.3523706896551724 0.02191091954022989 0.035021551724137956
0 0.4453125 0.17335668103448276 0.027837643678160884 0.043911637931034475
0 0.533135775862069 0.4457165948275862 0.029274425287356243 0.04445043103448276
0 0.4968570402298851 0.24838362068965517 0.030352011494252873 0.04364224137931033
0 0.3651221264367816 0.5804148706896552 0.03053160919540232 0.05037715517241381
0 0.5935704022988506 0.6111260775862069 0.024066091954022983 0.04283405172413801
0 0.47997485632183906 0.43440193965517243 0.02891522988505746 0.04445043103448276
0 0.45923132183908044 0.1305226293103448 0.020474137931034475 0.04014008620689655
0 0.5673491379310345 0.5286907327586208 0.029454022988505746 0.04445043103448276
0 0.4765625 0.16204202586206895 0.029274425287356354 0.04121767241379312
0 0.28457255747126436 0.48208512931034486 0.025682471264367845 0.04391163793103453
0 0.46255387931034486 0.2271012931034483 0.031070402298850552 0.0420258620689655
0 0.5327765804597702 0.32233297413793105 0.024245689655172487 0.04175646551724138
0 0.6355962643678161 0.5727370689655172 0.026939655172413812 0.0355603448275863
0 0.49425287356321834 0.3129040948275862 0.02047413793103442 0.04229525862068967
0 0.4761135057471264 0.27505387931034486 0.028376436781609227 0.045258620689655193
0 0.4462104885057471 0.4921875 0.02604166666666663 0.042025862068965525
0 0.6432291666666666 0.5509159482758621 0.02891522988505746 0.04364224137931039
0 0.32839439655172414 0.6069504310344828 0.023527298850574696 0.0511853448275863
0 0.3998742816091954 0.4792564655172414 0.02460488505747127 0.04364224137931039
0 0.2804418103448276 0.4375 0.030352011494252873 0.0431034482758621
0 0.28448275862068967 0.5167025862068966 0.019755747126436796 0.028556034482758674
0 0.4696479885057471 0.5071390086206896 0.01795977011494254 0.03421336206896547
0 0.4853627873563218 0.3464439655172414 0.019935344827586188 0.030711206896551713
0 0.39583333333333337 0.6041217672413792 0.026939655172413757 0.04714439655172409
0 0.5517241379310345 0.5625 0.02227011494252873 0.0431034482758621
0 0.5397808908045977 0.5843211206896552 0.020294540229885083 0.030711206896551713
0 0.280621408045977 0.5836476293103448 0.024245689655172376 0.04229525862068961
0 0.44647988505747127 0.26710668103448276 0.025502873563218398 0.043911637931034475
0 0.4326508620689655 0.4644396551724138 0.025143678160919558 0.04256465517241376
0 0.3806573275862069 0.5004040948275863 0.02891522988505746 0.04552801724137934
0 0.4521372126436782 0.44921875 0.026400862068965525 0.04121767241379315
0 0.2743354885057471 0.6402209051724137 0.02460488505747127 0.03744612068965514
0 0.5101472701149425 0.6135506465517242 0.02209051724137928 0.04067887931034486
0 0.37374281609195403 0.45837823275862066 0.02765804597701149 0.036907327586206906
0 0.4168462643678161 0.4090786637931034 0.026580459770114917 0.04552801724137928
0 0.5114044540229885 0.5514547413793103 0.021012931034482762 0.029633620689655138
0 0.5731860632183908 0.578125 0.021731321839080442 0.0431034482758621
0 0.43229166666666663 0.2913523706896552 0.026939655172413757 0.03367456896551724
0 0.4328304597701149 0.2501346982758621 0.008979885057471215 0.031519396551724144
0 0.4172054597701149 0.2700700431034483 0.025143678160919503 0.025592672413793094
0 0.5373563218390804 0.5150862068965517 0.02981321839080464 0.03825431034482757
0 0.544989224137931 0.45891702586206895 0.021012931034482762 0.031519396551724144
0 0.26948635057471265 0.6003502155172413 0.020294540229885083 0.04337284482758619
0 0.30298132183908044 0.599676724137931 0.015445402298850552 0.0387931034482758
