0 0.2585308908045977 0.5413523706896552 0.022449712643678177 0.028825431034482762
0 0.45195761494252873 0.2657596982758621 0.030352011494252873 0.042834051724137956
0 0.5810883620689655 0.6627155172413793 0.027119252873563204 0.044181034482758674
0 0.4071479885057471 0.39304956896551724 0.024784482758620663 0.04364224137931039
0 0.5230783045977012 0.44760237068965514 0.021012931034482762 0.027209051724137956
0 0.2572737068965517 0.47184806034482757 0.032147988505747155 0.034213362068965525
0 0.4364224137931034 0.48302801724137934 0.027298850574712652 0.0431034482758621
0 0.5234375 0.37338362068965514 0.024964080459770166 0.044719827586206906
0 0.5697737068965518 0.7062230603448276 0.027119252873563204 0.049838362068965525
0 0.6272449712643677 0.6235183189655172 0.025682471264367845 0.037984913793103425
0 0.5511853448275862 0.4849137931034483 0.031609195402298784 0.04525862068965525
0 0.4178340517241379 0.5008081896551724 0.02783764367816094 0.04364224137931039
0 0.3441091954022989 0.6188038793103448 0.027298850574712652 0.05118534482758619
0 0.3350395114942529 0.3817349137931034 0.02891522988505746 0.043103448275862044
0 0.2739762931034483 0.5724676724137931 0.026760057471264365 0.05280172413793105
0 0.4348060344827586 0.3052262931034483 0.024784482758620663 0.045258620689655193
0 0.6355962643678161 0.599542025862069 0.030890804597701105 0.0466056034482758
0 0.4552801724137931 0.5506465517241379 0.0193965517241379 0.03125
0 0.41801364942528735 0.32502693965517243 0.024245689655172376 0.028286637931034475
0 0.42636494252873564 0.3863146551724138 0.019037356321839116 0.03394396551724138
0 0.4609375 0.3449622844827586 0.01706178160919536 0.020204741379310387
0 0.36099137931034486 0.5338092672413793 0.029813218390804586 0.0509159482758621
0 0.40086206896551724 0.5478178879310345 0.024066091954022983 0.04445043103448276
0 0.36135057471264365 0.3595096982758621 0.029813218390804586 0.046605603448275856
0 0.4135237068965517 0.35088900862068967 0.0274784482758621 0.04337284482758619
0 0.4022988505747126 0.4484105603448276 0.02801724137931033 0.04822198275862072
0 0.44647988505747127 0.40853987068965514 0.026939655172413812 0.041217672413793094
0 0.2592492816091954 0.5072737068965517 0.026041666666666657 0.04094827586206895
0 0.31025502873563215 0.5556303879310345 0.03250718390804602 0.04498922413793105
0 0.3994252873563219 0.49299568965517243 0.024425287356321823 0.04256465517241381
0 0.4667744252873563 0.20245150862068967 0.029454022988505746 0.04283405172413793
0 0.4198096264367816 0.29216056034482757 0.011314655172413812 0.027747844827586188
0 0.4657866379310345 0.46955818965517243 0.03178879310344829 0.04741379310344829
0 0.5394216954022988 0.5967133620689655 0.02388649425287348 0.043642241379310276
0 0.38092672413793105 0.5167025862068966 0.026580459770114973 0.047952586206896575
0 0.2216235632183908 0.6800915948275863 0.02155172413793105 0.03744612068965514
0 0.5621408045977012 0.6248653017241379 0.02298850574712652 0.04714439655172409
0 0.5278376436781609 0.627020474137931 0.021910919540229945 0.042295258620689724
0 0.4298670977011494 0.5303071120689655 0.02855603448275862 0.04929956896551724
0 0.4695581896551724 0.24797952586206895 0.03142959770114945 0.04337284482758619
0 0.4496228448275862 0.1683728448275862 0.019576149425287348 0.045258620689655166
0 0.4872485632183908 0.2925646551724138 0.030890804597701105 0.04579741379310348
0 0.32228807471264365 0.5064655172413792 0.030711206896551768 0.030711206896551713
0 0.2544001436781609 0.6302532327586208 0.023886494252873536 0.04067887931034486
0 0.5310704022988506 0.7262931034482758 0.024784482758620663 0.04741379310344829
0 0.3542564655172414 0.4973060344827586 0.025682471264367845 0.029633620689655138
0 0.3441091954022989 0.5556303879310345 0.025502873563218398 0.0466056034482758
0 0.24497126436781608 0.6959859913793103 0.025862068965517238 0.04067887931034486
0 0.5564834770114943 0.5631734913793103 0.03214798850574718 0.04714439655172409
0 0.3730244252873563 0.5732758620689655 0.029454022988505746 0.036099137931034475
0 0.4655172413793104 0.31330818965517243 0.029094827586206906 0.04741379310344829
0 0.5283764367816092 0.5144127155172413 0.02298850574712641 0.03852370689655171
0 0.5940193965517242 0.6201508620689655 0.02819683908045978 0.03178879310344829
0 0.37616738505747127 0.6487068965517242 0.026400862068965525 0.04741379310344829
0 0.5044899425287357 0.38146551724137934 0.029094827586206906 0.044719827586206906
0 0.4709051724137931 0.42416487068965514 0.025143678160919558 0.04606681034482757
0 0.4833872126436782 0.3556034482758621 0.021012931034482762 0.040948275862069006
0 0.4343570402298851 0.2113415948275862 0.03178879310344823 0.0460668103448276
0 0.47395833333333337 0.3976293103448276 0.02262931034482757 0.02478448275862072
0 0.3051364942528736 0.6483028017241379 0.031968390804597735 0.04876077586206895
0 0.2976831896551724 0.6949084051724137 0.030352011494252873 0.05037715517241381
0 0.24353448275862072 0.654229525862069 0.022270114942528757 0.04337284482758619
