0 0.4234015804597701 0.3717672413793104 0.0274784482758621 0.03987068965517243
0 0.3677262931034483 0.4682112068965517 0.02424568965517243 0.03825431034482757
0 0.28933189655172414 0.4302262931034483 0.030172413793103425 0.038793103448275856
0 0.32588002873563215 0.45070043103448276 0.024604885057471215 0.038793103448275856
0 0.4338182471264368 0.45918642241379315 0.02819683908045978 0.04175646551724138
0 0.49344468390804597 0.3560075431034483 0.026400862068965525 0.03852370689655171
0 0.5200251436781609 0.36476293103448276 0.02388649425287359 0.0350215517241379
0 0.5076329022988506 0.43776939655172414 0.02209051724137928 0.03448275862068961
0 0.4337284482758621 0.42416487068965514 0.02801724137931033 0.031519396551724144
0 0.41855244252873564 0.41204202586206895 0.027119252873563204 0.04175646551724138
0 0.4124461206896552 0.48181573275862066 0.021012931034482762 0.0428340517241379
0 0.4426185344827587 0.5041756465517242 0.030352011494252873 0.04067887931034486
0 0.4149604885057471 0.540948275862069 0.024245689655172376 0.039870689655172376
0 0.42843031609195403 0.5724676724137931 0.0274784482758621 0.03987068965517249
0 0.35335847701149425 0.5299030172413792 0.0274784482758621 0.04256465517241381
0 0.3745510057471264 0.49757543103448276 0.02424568965517243 0.032866379310344807
0 0.3038793103448276 0.4656519396551724 0.023706896551724144 0.04606681034482757
0 0.34716235632183906 0.4722521551724138 0.01867816091954022 0.03987068965517243
0 0.5294540229885057 0.548760775862069 0.023347701149425193 0.03771551724137934
0 0.5514547413793103 0.5594019396551724 0.024245689655172487 0.034213362068965525
0 0.5726472701149425 0.5680226293103448 0.022808908045977017 0.04337284482758619
0 0.555316091954023 0.4793911637931034 0.02298850574712641 0.03798491379310348
0 0.5219109195402298 0.47467672413793105 0.026580459770115028 0.035021551724137956
0 0.5591774425287357 0.4175646551724138 0.024245689655172487 0.03663793103448276
0 0.5284662356321839 0.39978448275862066 0.027119252873563204 0.035021551724137956
0 0.6134159482758621 0.3285290948275862 0.025682471264367845 0.03852370689655171
0 0.6001257183908046 0.3752693965517241 0.02460488505747127 0.04418103448275862
0 0.5822557471264368 0.3941271551724138 0.021910919540229834 0.03771551724137928
0 0.5541487068965517 0.38591056034482757 0.024245689655172376 0.03367456896551724
0 0.6002155172413793 0.4306303879310345 0.026580459770114917 0.04067887931034486
0 0.49775502873563215 0.5305765086206897 0.026041666666666685 0.04929956896551724
0 0.6012931034482758 0.7075700431034483 0.02442528735632188 0.04067887931034475
0 0.5832435344827587 0.7209051724137931 0.022090517241379337 0.03556034482758619
0 0.4925466954022989 0.6759159482758621 0.02640086206896558 0.0350215517241379
0 0.49344468390804597 0.7483836206896552 0.02209051724137928 0.03556034482758619
0 0.5378951149425287 0.7421875 0.021192528735632266 0.03717672413793105
0 0.5378951149425287 0.6892510775862069 0.02011494252873569 0.03852370689655171
0 0.4536637931034483 0.6023706896551724 0.024784482758620663 0.03663793103448276
0 0.4508800287356322 0.5620959051724138 0.017420977011494254 0.04121767241379315
0 0.4607579022988506 0.45703125 0.022449712643678177 0.04121767241379315
0 0.4004130747126437 0.4652478448275862 0.017420977011494254 0.03017241379310348
0 0.5076329022988506 0.5002693965517242 0.02209051724137928 0.022090517241379337
0 0.5501975574712643 0.4385775862068966 0.022090517241379337 0.032866379310344807
0 0.5281968390804598 0.5086206896551724 0.014727011494252817 0.03286637931034486
0 0.5509159482758621 0.49380387931034486 0.02604166666666663 0.03771551724137928
0 0.5978807471264368 0.7494612068965517 0.02298850574712641 0.0431034482758621
0 0.6349676724137931 0.3081896551724138 0.02891522988505746 0.02532327586206895
0 0.5659123563218391 0.35695043103448276 0.015445402298850608 0.02155172413793105
0 0.5505567528735632 0.3550646551724138 0.012033045977011492 0.02478448275862072
0 0.6126077586206896 0.36691810344827586 0.016882183908045967 0.03448275862068961
0 0.625628591954023 0.3367456896551724 0.021012931034482762 0.029633620689655193
0 0.3826329022988506 0.5177801724137931 0.023168103448275856 0.03394396551724144
0 0.35713002873563215 0.4959590517241379 0.011673850574712652 0.02640086206896547
0 0.5748922413793103 0.7490571120689655 0.015804597701149503 0.030441810344827624
0 0.5813577586206897 0.43898168103448276 0.012571839080459779 0.02936422413793105
0 0.5129310344827587 0.5219558189655172 0.00897988505747127 0.032596982758620774
