0 0.469378591954023 0.4719827586206896 0.01921695402298851 0.033405172413793094
0 0.4927262931034483 0.5265355603448276 0.02711925287356315 0.03690732758620696
0 0.5151760057471264 0.6725484913793103 0.029274425287356354 0.04552801724137934
0 0.2364403735632184 0.5610183189655173 0.02855603448275859 0.04445043103448276
0 0.5437320402298851 0.4894935344827586 0.030352011494252817 0.04633620689655171
0 0.5720186781609196 0.4185075431034483 0.03053160919540232 0.040140086206896575
0 0.50628591954023 0.5641163793103449 0.029094827586206906 0.0431034482758621
0 0.5634877873563218 0.5886314655172413 0.017420977011494254 0.024784482758620663
0 0.5513649425287357 0.22912176724137928 0.03053160919540232 0.04498922413793102
0 0.3047772988505747 0.5660021551724138 0.020474137931034475 0.033943965517241326
0 0.5806393678160919 0.32731681034482757 0.021192528735632155 0.04256465517241381
0 0.5752514367816092 0.2789601293103448 0.02298850574712641 0.043911637931034475
0 0.6630747126436782 0.6862877155172413 0.03053160919540232 0.04714439655172409
0 0.3979885057471264 0.560614224137931 0.024425287356321823 0.04148706896551724
0 0.5719288793103448 0.7510775862068966 0.023527298850574696 0.03717672413793105
0 0.5107758620689655 0.38739224137931033 0.025143678160919558 0.03717672413793105
0 0.5044899425287356 0.34967672413793105 0.027658045977011436 0.038793103448275856
0 0.5532507183908046 0.5316540948275862 0.024964080459770055 0.041756465517241326
0 0.6419719827586207 0.6994881465517242 0.027837643678160884 0.04606681034482751
0 0.4532147988505747 0.3269127155172414 0.030711206896551713 0.047683189655172376
0 0.5894396551724138 0.6747036637931034 0.026221264367816133 0.03259698275862066
0 0.4301364942528736 0.5324622844827587 0.02478448275862072 0.03636853448275856
0 0.5830639367816093 0.5285560344827587 0.027119252873563204 0.04525862068965514
0 0.4155890804597701 0.453125 0.028735632183908066 0.0350215517241379
0 0.3505747126436781 0.4264547413793104 0.028376436781609227 0.044719827586206906
0 0.5535201149425287 0.28758081896551724 0.03125 0.04929956896551724
0 0.3829022988505747 0.4465247844827586 0.027298850574712652 0.03744612068965514
0 0.5626795977011494 0.654229525862069 0.027298850574712596 0.04552801724137934
0 0.5338541666666666 0.31667564655172414 0.02532327586206895 0.04337284482758619
0 0.5863864942528736 0.4144665948275862 0.023347701149425304 0.04229525862068967
0 0.47404813218390807 0.35910560344827586 0.027478448275862044 0.04633620689655171
0 0.4027478448275862 0.5001346982758621 0.019576149425287348 0.036907327586206906
0 0.42061781609195403 0.6029094827586208 0.029094827586206906 0.04364224137931039
0 0.25754310344827586 0.5835129310344828 0.024784482758620663 0.05280172413793105
0 0.561242816091954 0.34186422413793105 0.028735632183908066 0.04364224137931033
0 0.5141882183908046 0.49137931034482757 0.027298850574712596 0.04418103448275856
0 0.5963541666666667 0.7161907327586207 0.02819683908045978 0.043911637931034475
0 0.29867097701149425 0.5276131465517242 0.029454022988505746 0.04229525862068961
0 0.5886314655172413 0.7711476293103449 0.02891522988505757 0.04498922413793105
0 0.5 0.6039870689655172 0.02119252873563221 0.03340517241379315
0 0.5725574712643677 0.19598599137931033 0.02442528735632188 0.037446120689655166
0 0.3556034482758621 0.5703125 0.03160919540229884 0.055495689655172376
0 0.5467852011494253 0.36476293103448276 0.018139367816091934 0.029633620689655138
0 0.5424748563218391 0.5845905172413792 0.025682471264367845 0.03663793103448276
0 0.3345007183908046 0.4536637931034483 0.025682471264367845 0.03987068965517243
0 0.31779813218390807 0.5553609913793104 0.02568247126436779 0.043911637931034475
0 0.524066091954023 0.42039331896551724 0.028376436781609282 0.04175646551724138
0 0.4226831896551724 0.3347252155172414 0.029633620689655193 0.043911637931034475
0 0.3198635057471264 0.6103178879310345 0.029813218390804586 0.0466056034482758
0 0.4561781609195402 0.4815463362068965 0.024066091954022983 0.04337284482758619
0 0.515625 0.29323814655172414 0.016163793103448176 0.028825431034482762
0 0.5552262931034483 0.7174030172413793 0.024245689655172376 0.038254310344827624
0 0.3311781609195402 0.38833512931034486 0.03160919540229884 0.047144396551724144
0 0.34922772988505746 0.4920528017241379 0.03142959770114945 0.05199353448275862
0 0.4887751436781609 0.4970366379310345 0.027837643678160884 0.04418103448275862
0 0.2713721264367816 0.548760775862069 0.026221264367816133 0.044181034482758674
0 0.43498563218390807 0.4916487068965517 0.031968390804597735 0.05010775862068967
0 0.4776400862068966 0.4342672413793104 0.03178879310344823 0.045258620689655193
0 0.5939295977011494 0.6380657327586207 0.025502873563218453 0.0428340517241379
0 0.5364583333333334 0.4494881465517241 0.030172413793103425 0.03636853448275862
0 0.5801903735632183 0.23424030172413793 0.027119252873563204 0.04175646551724138
0 0.38469827586206895 0.48666487068965514 0.02119252873563221 0.04337284482758624
0 0.4648886494252874 0.4096174568965517 0.022449712643678177 0.034213362068965525
0 0.538433908045977 0.7482489224137931 0.025143678160919558 0.04229525862068961
0 0.6146731321839081 0.6143588362068966 0.033225574712643646 0.0466056034482758
0 0.5082614942528736 0.3250269396551724 0.025502873563218398 0.02613146551724138
0 0.48967313218390807 0.3828125 0.01670258620689652 0.042025862068965525
0 0.4677622126436782 0.3856411637931034 0.015625 0.019127155172413757
0 0.5382543103448276 0.39251077586206895 0.029454022988505746 0.032866379310344807
0 0.5627693965517242 0.38591056034482757 0.020294540229884972 0.03852370689655171
