0 0.3349497126436782 0.4034213362068966 0.025143678160919558 0.04445043103448276
0 0.5702227011494252 0.2894665948275862 0.019755747126436796 0.02667025862068967
0 0.5118534482758621 0.5708512931034482 0.02406609195402304 0.04148706896551724
0 0.4949712643678161 0.7060883620689655 0.023706896551724088 0.04633620689655171
0 0.4875179597701149 0.7975484913793103 0.023886494252873536 0.03367456896551724
0 0.2692169540229885 0.5251885775862069 0.017600574712643646 0.03852370689655171
0 0.36530172413793105 0.4808728448275862 0.02765804597701149 0.043103448275862044
0 0.33468031609195403 0.3992456896551724 0.02891522988505746 0.04364224137931033
0 0.5117636494252874 0.38671875 0.022808908045977017 0.03960129310344829
0 0.34832974137931033 0.6029094827586208 0.02819683908045978 0.04148706896551724
0 0.483746408045977 0.7759967672413793 0.025682471264367845 0.04121767241379315
0 0.46291307471264365 0.560479525862069 0.02783764367816094 0.040140086206896575
0 0.4873383620689655 0.5677532327586207 0.02496408045977011 0.041756465517241326
0 0.34114583333333337 0.4872036637931034 0.029633620689655193 0.04445043103448282
0 0.4887751436781609 0.4174299568965517 0.027478448275862044 0.036907327586206906
0 0.2839439655172414 0.5125269396551724 0.026580459770114917 0.04014008620689652
0 0.5365481321839081 0.42389547413793105 0.027119252873563204 0.040678879310344807
0 0.3937679597701149 0.47885237068965514 0.02352729885057475 0.04014008620689652
0 0.4375 0.5218211206896551 0.025143678160919558 0.039870689655172376
0 0.2821479885057471 0.5821659482758621 0.026580459770114917 0.04040948275862066
0 0.34599497126436785 0.4502963362068966 0.02424568965517243 0.031519396551724144
0 0.22584410919540232 0.5288254310344828 0.025682471264367818 0.04525862068965525
0 0.5417564655172413 0.31492456896551724 0.02388649425287348 0.039331896551724144
0 0.5710308908045978 0.7564655172413793 0.027119252873563204 0.042025862068965525
0 0.4765625 0.5241109913793103 0.024245689655172376 0.03960129310344829
0 0.45914152298850575 0.7766702586206897 0.022090517241379337 0.03987068965517249
0 0.5227191091954023 0.4643049568965517 0.02676005747126431 0.03636853448275862
0 0.45878232758620685 0.40651939655172414 0.026041666666666685 0.042025862068965525
0 0.5389727011494253 0.7258890086206896 0.0237068965517242 0.043911637931034475
0 0.41433189655172414 0.3673221982758621 0.026580459770114917 0.04014008620689652
0 0.422503591954023 0.5453933189655173 0.026400862068965525 0.04929956896551724
0 0.5519037356321839 0.3565463362068966 0.021192528735632155 0.03636853448275862
0 0.5100574712643678 0.7567349137931034 0.025143678160919558 0.045797413793103425
0 0.20608836206896552 0.4970366379310345 0.028915229885057486 0.039870689655172376
0 0.5629489942528736 0.31950431034482757 0.023168103448275912 0.03556034482758619
0 0.5576508620689655 0.7082435344827587 0.028376436781609282 0.04094827586206906
0 0.4715337643678161 0.7411099137931034 0.023527298850574696 0.03448275862068961
0 0.4447737068965517 0.3705549568965517 0.02855603448275862 0.04229525862068967
0 0.4528556034482759 0.48585668103448276 0.026760057471264365 0.040678879310344807
0 0.44980244252873564 0.7023168103448276 0.02819683908045978 0.04364224137931039
0 0.48626077586206895 0.3833512931034483 0.023886494252873536 0.033405172413793094
0 0.49308548850574707 0.4816810344827586 0.02640086206896547 0.04040948275862066
0 0.5327765804597702 0.3662446120689655 0.028556034482758563 0.043911637931034475
0 0.548760775862069 0.7571390086206896 0.020653735632183867 0.040140086206896575
0 0.4411817528735632 0.44787176724137934 0.02496408045977011 0.03205818965517243
0 0.2471264367816092 0.5074084051724138 0.02478448275862072 0.03852370689655166
0 0.3519216954022989 0.5327316810344828 0.026041666666666685 0.04876077586206895
0 0.4827586206896552 0.3526400862068966 0.016163793103448287 0.025862068965517238
0 0.4994612068965517 0.3545258620689655 0.016522988505747127 0.029633620689655138
0 0.5444504310344828 0.39601293103448276 0.022449712643678232 0.032327586206896575
0 0.483746408045977 0.44329202586206895 0.026400862068965525 0.03636853448275862
0 0.29651580459770116 0.5398706896551724 0.02298850574712641 0.04148706896551724
0 0.28098060344827586 0.546875 0.0070043103448276245 0.02963362068965525
0 0.32650862068965514 0.5153556034482758 0.024425287356321823 0.037176724137930994
0 0.33755387931034486 0.5735452586206897 0.02352729885057475 0.030711206896551713
0 0.31492456896551724 0.5602101293103449 0.021731321839080442 0.0352909482758621
0 0.38469827586206895 0.5347521551724137 0.02262931034482757 0.04148706896551724
0 0.36602011494252873 0.4502963362068966 0.016163793103448287 0.02235991379310348
0 0.4951508620689655 0.5072737068965517 0.028376436781609227 0.02855603448275862
0 0.4572557471264368 0.5841864224137931 0.02262931034482757 0.0234375
0 0.5079022988505747 0.4525862068965517 0.02262931034482757 0.032866379310344807
0 0.5057471264367817 0.5358297413793103 0.022988505747126464 0.026939655172413812
0 0.43363864942528735 0.6088362068965517 0.02604166666666663 0.028556034482758674
0 0.4935344827586207 0.6313308189655172 0.016163793103448287 0.032596982758620774
0 0.4755747126436781 0.6060075431034483 0.026580459770114973 0.030441810344827624
0 0.5139188218390804 0.7250808189655172 0.027119252873563204 0.0309806034482758
