0 0.5614224137931034 0.5603448275862069 0.03268678160919536 0.04849137931034486
0 0.43992456896551724 0.6101831896551724 0.02388649425287359 0.03556034482758619
0 0.4445043103448276 0.5672144396551724 0.03448275862068967 0.0546875
0 0.5764188218390804 0.7425915948275863 0.027119252873563204 0.04822198275862066
0 0.5493893678160919 0.5041756465517242 0.0237068965517242 0.03259698275862066
0 0.5308010057471264 0.5615571120689655 0.0274784482758621 0.046066810344827624
0 0.6121587643678161 0.8022629310344828 0.027119252873563204 0.04471982758620685
0 0.26239224137931033 0.5911907327586207 0.026580459770114917 0.043911637931034475
0 0.3134877873563218 0.6185344827586207 0.029992816091954033 0.04471982758620685
0 0.5619612068965517 0.5929418103448276 0.026580459770114917 0.02909482758620696
0 0.4213362068965517 0.5107758620689655 0.032686781609195414 0.04256465517241376
0 0.3562320402298851 0.49609375 0.028196839080459724 0.047144396551724144
0 0.5030531609195402 0.6011584051724137 0.028735632183908066 0.03475215517241381
0 0.4645294540229885 0.5514547413793103 0.026760057471264365 0.03879310344827591
0 0.4870689655172414 0.49084051724137934 0.033045977011494254 0.050646551724137956
0 0.33010057471264365 0.43507543103448276 0.033405172413793094 0.051724137931034475
0 0.45905172413793105 0.3673221982758621 0.033764367816091934 0.05037715517241376
0 0.522808908045977 0.43615301724137934 0.024066091954022983 0.03825431034482757
0 0.5783045977011494 0.38362068965517243 0.032327586206896575 0.046875
0 0.47871767241379315 0.5316540948275862 0.030352011494252873 0.034213362068965525
0 0.5073635057471264 0.3371497844827586 0.017959770114942486 0.028825431034482762
0 0.29436063218390807 0.5859375 0.03125 0.046875
0 0.3396192528735632 0.4800646551724138 0.02837643678160917 0.036099137931034475
0 0.5607938218390804 0.6407596982758621 0.023527298850574696 0.027747844827586188
0 0.2480244252873563 0.6248653017241379 0.031249999999999972 0.059536637931034475
0 0.6015625 0.8541217672413793 0.029992816091954033 0.04876077586206895
0 0.4806932471264368 0.4014008620689655 0.02891522988505746 0.04633620689655171
0 0.5665409482758621 0.8003771551724138 0.02460488505747127 0.043642241379310276
0 0.5971623563218391 0.26144935344827586 0.025502873563218453 0.04337284482758619
0 0.5889008620689655 0.3094019396551724 0.030172413793103425 0.04552801724137928
0 0.5853987068965517 0.8305495689655172 0.02532327586206895 0.04525862068965525
0 0.36179956896551724 0.65625 0.03178879310344829 0.0511853448275863
0 0.2258441091954023 0.5967133620689655 0.03178879310344829 0.04633620689655171
0 0.33791307471264365 0.5191271551724138 0.031070402298850552 0.04094827586206895
0 0.5019755747126436 0.5649245689655172 0.031968390804597735 0.04903017241379315
0 0.5282866379310345 0.3302801724137931 0.015265804597701216 0.03286637931034486
0 0.6859734195402298 0.771417025862069 0.03250718390804608 0.049838362068965525
0 0.3129489942528736 0.6668911637931034 0.03214798850574713 0.05037715517241381
0 0.3494073275862069 0.630926724137931 0.029992816091954033 0.046875
0 0.5701329022988506 0.3247575431034483 0.03214798850574707 0.04768318965517243
0 0.6116199712643677 0.7404364224137931 0.025682471264367845 0.04660560344827591
0 0.4941630747126437 0.4252424568965517 0.025682471264367845 0.047144396551724144
0 0.5648347701149425 0.40853987068965514 0.019037356321839116 0.03044181034482757
0 0.5890804597701149 0.2213092672413793 0.02442528735632188 0.040678879310344807
0 0.4251077586206896 0.37297952586206895 0.03160919540229884 0.05037715517241381
0 0.5999461206896552 0.359375 0.017420977011494254 0.04525862068965514
0 0.5669899425287357 0.2590247844827586 0.030890804597701105 0.049838362068965525
0 0.5510057471264367 0.8426724137931034 0.03053160919540232 0.046875
0 0.47521551724137934 0.45959051724137934 0.026580459770114973 0.038793103448275856
0 0.5933908045977012 0.5739493534482758 0.02837643678160917 0.04714439655172409
0 0.5510955459770115 0.43547952586206895 0.01921695402298851 0.03313577586206895
0 0.5183189655172413 0.36179956896551724 0.025502873563218453 0.028017241379310387
0 0.662176724137931 0.7805765086206897 0.026580459770114917 0.05307112068965514
0 0.47422772988505746 0.5907866379310345 0.022808908045977017 0.04094827586206895
0 0.6338002873563218 0.7117456896551724 0.03556034482758619 0.04849137931034486
0 0.5198455459770115 0.3949353448275862 0.028556034482758674 0.042025862068965525
0 0.35344827586206895 0.5661368534482758 0.03484195402298851 0.05630387931034486
0 0.5489403735632183 0.35695043103448276 0.030711206896551713 0.04633620689655171
0 0.389996408045977 0.5589978448275862 0.01849856321839083 0.042025862068965525
0 0.5853987068965517 0.45514547413793105 0.0274784482758621 0.050915948275862044
0 0.5373563218390804 0.5334051724137931 0.02298850574712641 0.03286637931034486
0 0.5406788793103448 0.4721174568965517 0.029274425287356354 0.04606681034482757
0 0.4253771551724138 0.6827855603448276 0.029992816091954033 0.05037715517241381
0 0.5260416666666666 0.7552532327586207 0.033764367816091934 0.049838362068965525
0 0.6042564655172413 0.45177801724137934 0.01706178160919547 0.045258620689655193
0 0.517510775862069 0.6240571120689655 0.02819683908045978 0.04121767241379315
0 0.4061602011494253 0.6400862068965517 0.021731321839080442 0.04471982758620685
0 0.2932830459770115 0.6189385775862069 0.01831896551724138 0.02720905172413801
0 0.5742636494252873 0.6589439655172413 0.02676005747126442 0.026400862068965414
0 0.5305316091954022 0.6837284482758621 0.03196839080459768 0.04148706896551724
0 0.38936781609195403 0.5005387931034483 0.02298850574712641 0.04364224137931033
