0 0.5704920977011494 0.2103987068965517 0.030711206896551713 0.04741379310344826
0 0.6011135057471264 0.2526939655172414 0.031609195402298895 0.04418103448275859
0 0.3876616379310345 0.5475484913793104 0.02819683908045978 0.0546875
0 0.5348419540229885 0.5075431034482758 0.025862068965517238 0.04525862068965514
0 0.5421156609195402 0.5405441810344828 0.028556034482758674 0.041756465517241326
0 0.602191091954023 0.20595366379310345 0.030172413793103425 0.04498922413793105
0 0.4835668103448276 0.5662715517241379 0.026760057471264365 0.036099137931034475
0 0.5880926724137931 0.4855872844827587 0.031070402298850497 0.04768318965517243
0 0.6873204022988506 0.7521551724137931 0.026221264367816133 0.04849137931034486
0 0.6584949712643677 0.6255387931034483 0.02460488505747127 0.045797413793103425
0 0.6550826149425287 0.4995959051724138 0.029274425287356243 0.046605603448275856
0 0.48311781609195403 0.642510775862069 0.029454022988505746 0.04471982758620685
0 0.47889727011494254 0.5246497844827587 0.03250718390804597 0.04876077586206906
0 0.6713362068965517 0.6528825431034483 0.018318965517241326 0.0390625
0 0.4175646551724138 0.5268049568965517 0.015804597701149448 0.03313577586206895
0 0.328125 0.6511314655172413 0.024784482758620663 0.04256465517241381
0 0.45186781609195403 0.6053340517241379 0.03125 0.04525862068965514
0 0.7451508620689655 0.6448006465517242 0.030890804597701216 0.04714439655172409
0 0.4259159482758621 0.5339439655172413 0.02855603448275862 0.04741379310344829
0 0.6328125 0.6476293103448276 0.022449712643678232 0.045797413793103425
0 0.563128591954023 0.3057650862068966 0.02891522988505746 0.043103448275862044
0 0.35299928160919536 0.5945581896551724 0.02496408045977011 0.04094827586206895
0 0.5402298850574713 0.3510237068965517 0.028017241379310276 0.04256465517241381
0 0.5845007183908046 0.2712823275862069 0.03035201149425293 0.046875
0 0.5200251436781609 0.44679418103448276 0.029633620689655138 0.04552801724137934
0 0.4540229885057471 0.35950969827586204 0.03125 0.04445043103448276
0 0.5140984195402298 0.5352909482758621 0.01778017241379304 0.03448275862068961
0 0.6290409482758621 0.52734375 0.022090517241379337 0.028286637931034475
0 0.5150862068965517 0.48679956896551724 0.026221264367816133 0.032866379310344807
0 0.3705100574712644 0.5113146551724138 0.020114942528735635 0.034482758620689724
0 0.6769935344827587 0.5949622844827587 0.03358477011494243 0.04714439655172409
0 0.3057650862068966 0.630792025862069 0.02568247126436779 0.04121767241379315
0 0.4973958333333333 0.5087553879310345 0.028556034482758563 0.040678879310344807
0 0.38074712643678166 0.4810075431034483 0.027298850574712652 0.04445043103448271
0 0.37059985632183906 0.4410021551724138 0.03250718390804597 0.04094827586206895
0 0.5947377873563218 0.3231411637931034 0.0314295977011495 0.04229525862068967
0 0.7310524425287357 0.6615032327586208 0.029274425287356354 0.05145474137931039
0 0.6155711206896551 0.29916487068965514 0.02891522988505746 0.044989224137930994
0 0.6058728448275862 0.36476293103448276 0.01706178160919536 0.04040948275862066
0 0.5677981321839081 0.4148706896551724 0.027119252873563204 0.04418103448275862
0 0.5580100574712643 0.49542025862068967 0.028735632183907955 0.04364224137931039
0 0.6390984195402298 0.3840247844827586 0.024964080459770055 0.04445043103448276
0 0.5111350574712643 0.3702855603448276 0.029454022988505746 0.047144396551724144
0 0.6222162356321839 0.39210668103448276 0.029992816091954033 0.04498922413793105
0 0.6829202586206897 0.6965247844827587 0.027119252873563204 0.04337284482758619
0 0.4852729885057472 0.3444234913793104 0.032686781609195414 0.046605603448275856
0 0.6684626436781609 0.7385506465517242 0.023706896551724088 0.04337284482758619
0 0.38514727011494254 0.6701239224137931 0.026760057471264365 0.04067887931034486
0 0.6357758620689655 0.5783943965517242 0.022629310344827624 0.026939655172413812
0 0.5854885057471264 0.35142780172413796 0.023706896551724088 0.028825431034482762
0 0.5901580459770115 0.16985452586206895 0.02298850574712641 0.04283405172413793
0 0.5812679597701149 0.3824084051724138 0.026400862068965525 0.043911637931034475
0 0.5484015804597702 0.2902747844827586 0.012033045977011492 0.03313577586206895
0 0.5087104885057472 0.3988415948275862 0.01813936781609199 0.01643318965517243
0 0.37733477011494254 0.6182650862068966 0.023347701149425304 0.04525862068965514
0 0.6185344827586208 0.5692349137931034 0.025862068965517238 0.020474137931034475
0 0.5877334770114943 0.4407327586206896 0.030352011494252817 0.038793103448275856
0 0.4138829022988506 0.6293103448275862 0.029274425287356298 0.047952586206896575
0 0.5448096264367817 0.32489224137931033 0.02460488505747127 0.03771551724137934
0 0.4318426724137931 0.4876077586206896 0.029633620689655138 0.037176724137930994
0 0.6226652298850575 0.51171875 0.02298850574712641 0.04445043103448271
0 0.5757004310344828 0.5654633620689655 0.02891522988505746 0.04094827586206895
0 0.4645294540229885 0.48801185344827586 0.03358477011494254 0.04067887931034486
0 0.5516343390804598 0.38671875 0.028556034482758674 0.04121767241379315
0 0.5110452586206897 0.42174030172413796 0.024245689655172487 0.028825431034482762
0 0.4571659482758621 0.5455280172413793 0.033584770114942486 0.04903017241379315
0 0.5759698275862069 0.6117995689655172 0.022629310344827513 0.0350215517241379
0 0.3366558908045977 0.6143588362068966 0.02819683908045978 0.0466056034482758
0 0.5957255747126438 0.6811691810344828 0.031609195402298895 0.049838362068965525
0 0.6302083333333333 0.752020474137931 0.028017241379310387 0.043911637931034475
