0 0.4691989942528736 0.15544181034482757 0.019576149425287348 0.0517241379310345
0 0.4504310344827586 0.19908405172413793 0.031609195402298895 0.04956896551724138
0 0.4870689655172414 0.18844288793103448 0.03448275862068961 0.0460668103448276
0 0.4703663793103448 0.2582165948275862 0.03484195402298851 0.04391163793103445
0 0.45132902298850575 0.3036099137931034 0.028017241379310387 0.04956896551724138
0 0.4845545977011494 0.3089978448275862 0.033764367816091934 0.05226293103448276
0 0.49048132183908044 0.23545258620689655 0.03484195402298851 0.04256465517241376
0 0.5092492816091954 0.2860991379310345 0.037535919540229945 0.05010775862068967
0 0.3741918103448276 0.3592403017241379 0.031070402298850552 0.050915948275862044
0 0.3467133620689655 0.3821390086206896 0.034662356321839116 0.04606681034482757
0 0.42708333333333337 0.3519665948275862 0.02873563218390801 0.04445043103448276
0 0.5284662356321839 0.38025323275862066 0.03394396551724144 0.048760775862069006
0 0.5042205459770115 0.3550646551724138 0.02388649425287359 0.04795258620689652
0 0.4806034482758621 0.47629310344827586 0.033405172413793094 0.05010775862068961
0 0.4488146551724138 0.4911099137931034 0.03017241379310348 0.045258620689655193
0 0.4170258620689655 0.45541487068965514 0.033405172413793094 0.04822198275862072
0 0.4630028735632184 0.4139278017241379 0.026580459770114917 0.04606681034482757
0 0.4048132183908046 0.38254310344827586 0.030172413793103425 0.04525862068965514
0 0.2592492816091954 0.5207435344827587 0.0321479885057471 0.046875000000000056
0 0.2629310344827586 0.48289331896551724 0.033764367816091934 0.034213362068965525
0 0.36979166666666663 0.5431034482758621 0.03232758620689652 0.053879310344827624
0 0.2772988505747126 0.5845905172413792 0.03448275862068967 0.06681034482758619
0 0.38936781609195403 0.6672952586206896 0.03160919540229884 0.05280172413793105
0 0.3915229885057471 0.5262661637931034 0.030172413793103425 0.05414870689655177
0 0.3123204022988506 0.5678879310344828 0.03089080459770116 0.0544181034482758
0 0.3505747126436782 0.6349676724137931 0.03196839080459768 0.05441810344827591
0 0.5813577586206896 0.5642510775862069 0.03484195402298851 0.04876077586206895
0 0.5632183908045977 0.5992726293103449 0.026221264367816133 0.046066810344827624
0 0.5821659482758621 0.48760775862068967 0.03717672413793105 0.04849137931034486
0 0.5496587643678161 0.5105064655172413 0.029633620689655138 0.04741379310344829
0 0.5515445402298851 0.36947737068965514 0.029454022988505746 0.047144396551724144
0 0.44567169540229884 0.5439116379310345 0.03142959770114939 0.047952586206896575
0 0.4295079022988506 0.5083512931034483 0.03142959770114945 0.050107758620689724
0 0.4145114942528736 0.5037715517241379 0.029094827586206906 0.04795258620689652
0 0.3504849137931034 0.5681573275862069 0.032866379310344807 0.05226293103448276
0 0.33063936781609193 0.5204741379310345 0.03627873563218392 0.034482758620689724
0 0.38415948275862066 0.5870150862068966 0.033405172413793094 0.04148706896551724
0 0.5868354885057472 0.6351023706896552 0.025682471264367845 0.05145474137931039
0 0.5980603448275862 0.7234644396551724 0.033764367816091934 0.0509159482758621
0 0.6654992816091954 0.6053340517241379 0.03430316091954022 0.04956896551724144
0 0.6585847701149425 0.6364493534482758 0.03196839080459768 0.040140086206896464
0 0.4792564655172414 0.3442887931034483 0.020653735632183867 0.02424568965517243
0 0.43570402298850575 0.2863685344827587 0.01041666666666663 0.02855603448275862
0 0.41693606321839083 0.3053609913793104 0.022449712643678177 0.019665948275862044
0 0.4339978448275862 0.328125 0.0332255747126437 0.04148706896551724
0 0.4463900862068966 0.3857758620689655 0.03178879310344823 0.04418103448275862
0 0.42474856321839083 0.3976293103448276 0.025502873563218398 0.043103448275862044
0 0.4895833333333333 0.4273976293103448 0.02981321839080453 0.049838362068965525
0 0.4991020114942528 0.3984375 0.01903735632183906 0.0350215517241379
0 0.4796156609195402 0.37284482758620685 0.03178879310344829 0.03448275862068967
0 0.4145114942528736 0.5557650862068966 0.02801724137931033 0.04256465517241381
0 0.36467313218390807 0.5087553879310345 0.031070402298850552 0.028825431034482818
0 0.2583512931034483 0.5594019396551724 0.024964080459770083 0.030980603448275912
0 0.26005747126436785 0.65625 0.029094827586206906 0.04849137931034475
0 0.248742816091954 0.6831896551724137 0.026221264367816077 0.04148706896551724
0 0.22557471264367818 0.7116109913793103 0.02478448275862069 0.04768318965517249
0 0.25233477011494254 0.7275053879310345 0.030172413793103453 0.04929956896551724
0 0.30504669540229884 0.7275053879310345 0.03142959770114939 0.0471443965517242
0 0.30648347701149425 0.6641971982758621 0.02855603448275862 0.06061422413793105
0 0.5635775862068966 0.5247844827586208 0.023347701149425304 0.03556034482758619
0 0.6283225574712643 0.7407058189655173 0.02747844827586199 0.04445043103448276
0 0.6092852011494253 0.6759159482758621 0.03250718390804597 0.046875
0 0.5149066091954023 0.68359375 0.032686781609195414 0.0471443965517242
0 0.5516343390804598 0.6364493534482758 0.02676005747126431 0.04067887931034486
0 0.5560344827586208 0.7470366379310345 0.030890804597701105 0.0506465517241379
0 0.5742636494252873 0.7066271551724138 0.019576149425287404 0.043642241379310276
