0 0.35237068965517243 0.6417025862068966 0.02227011494252873 0.03556034482758619
0 0.2978627873563219 0.7071659482758621 0.020294540229885027 0.030172413793103425
0 0.37940014367816094 0.3816002155172414 0.02891522988505746 0.043911637931034475
0 0.28789511494252873 0.2963362068965517 0.03160919540229884 0.04633620689655171
0 0.4834770114942529 0.6096443965517242 0.03053160919540232 0.04525862068965514
0 0.5354705459770115 0.6589439655172413 0.020294540229885083 0.04525862068965514
0 0.36179956896551724 0.7467672413793103 0.02388649425287359 0.05010775862068961
0 0.31770833333333337 0.2544450431034483 0.03017241379310348 0.047144396551724116
0 0.27891522988505746 0.5083512931034483 0.02765804597701149 0.0431034482758621
0 0.2735272988505747 0.7174030172413792 0.02765804597701149 0.05010775862068961
0 0.33207614942528735 0.37890625 0.02837643678160917 0.04552801724137934
0 0.4698275862068966 0.5533405172413792 0.02478448275862072 0.03879310344827591
0 0.3898168103448276 0.42443426724137934 0.026041666666666685 0.044989224137930994
0 0.3481501436781609 0.4735991379310345 0.026041666666666685 0.04418103448275862
0 0.26840876436781613 0.6644665948275862 0.020653735632183923 0.028286637931034475
0 0.2875359195402299 0.2425915948275862 0.025143678160919558 0.03529094827586207
0 0.3779633620689655 0.6675646551724138 0.01885775862068967 0.030172413793103425
0 0.38317169540229884 0.5557650862068966 0.023527298850574696 0.047952586206896575
0 0.3514727011494253 0.5478178879310345 0.029454022988505746 0.0471443965517242
0 0.5644755747126436 0.6449353448275863 0.032327586206896575 0.04741379310344829
0 0.3477011494252874 0.3556034482758621 0.027298850574712652 0.040948275862069006
0 0.5043103448275862 0.4178340517241379 0.03089080459770116 0.045258620689655193
0 0.37832255747126436 0.46646012931034486 0.029274425287356354 0.04606681034482757
0 0.3192349137931034 0.3337823275862069 0.030711206896551768 0.046875
0 0.33360272988505746 0.677801724137931 0.020294540229885083 0.038254310344827624
0 0.4304058908045977 0.3527747844827586 0.028915229885057514 0.04229525862068961
0 0.360003591954023 0.4228178879310345 0.024245689655172376 0.04067887931034486
0 0.3165409482758621 0.6328125 0.030352011494252873 0.04525862068965525
0 0.4213362068965517 0.6384698275862069 0.02765804597701149 0.045797413793103536
0 0.335308908045977 0.5796066810344828 0.02837643678160917 0.0428340517241379
0 0.4812320402298851 0.4637661637931034 0.029274425287356298 0.04337284482758624
0 0.28376436781609193 0.47130926724137934 0.025502873563218398 0.04337284482758624
0 0.2961566091954023 0.8052262931034482 0.027298850574712652 0.04633620689655171
0 0.4996408045977012 0.7160560344827587 0.022988505747126464 0.045797413793103536
0 0.3079202586206896 0.4451778017241379 0.02568247126436779 0.04337284482758624
0 0.5030531609195402 0.45703125 0.02478448275862072 0.040140086206896575
0 0.28008261494252873 0.6461476293103448 0.021731321839080442 0.02128232758620696
0 0.24964080459770116 0.6380657327586207 0.02765804597701149 0.02936422413793105
0 0.2973239942528736 0.6705280172413792 0.028196839080459724 0.04741379310344829
0 0.4110093390804598 0.3817349137931034 0.030352011494252873 0.04418103448275862
0 0.5308010057471264 0.5383890086206897 0.03214798850574707 0.04822198275862066
0 0.3125 0.4781788793103448 0.024066091954022983 0.03178879310344829
0 0.41020114942528735 0.5008081896551724 0.028735632183908066 0.04202586206896547
0 0.3349497126436782 0.2939116379310345 0.03196839080459768 0.04525862068965514
0 0.5457974137931034 0.5548221982758621 0.024784482758620663 0.0352909482758621
0 0.36539152298850575 0.6031788793103448 0.02604166666666663 0.05226293103448276
0 0.32588002873563215 0.5394665948275862 0.02496408045977011 0.04121767241379315
0 0.26840876436781613 0.2650862068965517 0.023168103448275856 0.0382543103448276
0 0.3315373563218391 0.6089709051724138 0.02119252873563221 0.0315193965517242
0 0.4281609195402299 0.5914601293103448 0.030890804597701105 0.04822198275862066
0 0.31079382183908044 0.3818696120689655 0.020294540229885027 0.04067887931034486
0 0.36548132183908044 0.31788793103448276 0.030531609195402265 0.04525862068965514
0 0.3247126436781609 0.7463631465517242 0.026939655172413757 0.05091594827586199
0 0.3435704022988506 0.40167025862068967 0.017959770114942486 0.025862068965517238
0 0.5121228448275862 0.5754310344827587 0.029992816091954033 0.04903017241379304
0 0.2130926724137931 0.7152478448275863 0.026041666666666657 0.04525862068965514
0 0.24937140804597702 0.7587553879310345 0.02819683908045978 0.04876077586206895
0 0.3642241379310345 0.7940463362068966 0.026939655172413812 0.0471443965517242
0 0.32273706896551724 0.4132543103448276 0.03771551724137934 0.035021551724137956
0 0.4750359195402299 0.5435075431034483 0.02837643678160917 0.0390625
0 0.31905531609195403 0.5987338362068966 0.007363505747126409 0.022898706896551713
0 0.3006465517241379 0.6247306034482758 0.016163793103448232 0.03394396551724144
