0 0.49847341954022983 0.21807650862068967 0.02855603448275862 0.04283405172413793
0 0.5229885057471264 0.4753502155172414 0.03196839080459768 0.04121767241379315
0 0.3366558908045977 0.4497575431034483 0.030711206896551713 0.04445043103448276
0 0.3936781609195402 0.47790948275862066 0.02837643678160917 0.04256465517241376
0 0.42151580459770116 0.4753502155172414 0.025143678160919558 0.04121767241379315
0 0.4640804597701149 0.4401939655172414 0.025862068965517238 0.04148706896551724
0 0.4953304597701149 0.4900323275862069 0.023706896551724144 0.03771551724137934
0 0.5973419540229885 0.43911637931034486 0.028735632183908066 0.039331896551724144
0 0.42780172413793105 0.5237068965517242 0.02801724137931033 0.04364224137931039
0 0.33872126436781613 0.5061961206896551 0.025502873563218398 0.039870689655172376
0 0.5993175287356323 0.5692349137931034 0.02837643678160917 0.044181034482758674
0 0.5044899425287356 0.4054418103448276 0.024066091954022928 0.03987068965517243
0 0.47683189655172414 0.3531788793103448 0.026221264367816133 0.03663793103448276
0 0.4058908045977011 0.3615301724137931 0.027298850574712652 0.04256465517241381
0 0.5824353448275863 0.6015625 0.023347701149425304 0.039870689655172376
0 0.6673850574712643 0.5899784482758621 0.027298850574712596 0.04040948275862066
0 0.5404094827586208 0.6311961206896551 0.026939655172413812 0.04094827586206895
0 0.5700431034482758 0.4603987068965517 0.025143678160919447 0.03771551724137934
0 0.4639008620689655 0.40867456896551724 0.02837643678160917 0.03556034482758619
0 0.47898706896551724 0.5013469827586207 0.026221264367816133 0.04202586206896547
0 0.44504310344827586 0.5037715517241379 0.02442528735632188 0.04256465517241381
0 0.4136135057471264 0.5942887931034483 0.02406609195402304 0.045797413793103425
0 0.4407327586206896 0.6169181034482758 0.02801724137931033 0.04256465517241381
0 0.38155531609195403 0.5425646551724138 0.027119252873563204 0.045797413793103425
0 0.3525502873563218 0.5600754310344828 0.025862068965517238 0.049568965517241326
0 0.3324353448275862 0.580010775862069 0.025862068965517238 0.03663793103448276
0 0.3002873563218391 0.6042564655172413 0.02119252873563221 0.04094827586206906
0 0.32363505747126436 0.6263469827586208 0.023347701149425304 0.03663793103448276
0 0.5581896551724138 0.3620689655172414 0.027298850574712707 0.04040948275862066
0 0.4917385057471264 0.5226293103448276 0.023706896551724144 0.036099137931034475
0 0.5621408045977012 0.5242456896551724 0.026580459770115028 0.03178879310344829
0 0.6181752873563218 0.6373922413793103 0.023706896551724088 0.03825431034482751
0 0.6571479885057472 0.6039870689655172 0.027658045977011603 0.03717672413793105
0 0.5707614942528736 0.6026400862068966 0.02442528735632188 0.0387931034482758
0 0.41163793103448276 0.5396012931034483 0.025862068965517238 0.0431034482758621
0 0.4385775862068966 0.5522629310344828 0.023706896551724144 0.03286637931034475
0 0.3380028735632184 0.53125 0.024784482758620663 0.0274784482758621
0 0.3229166666666667 0.5905172413793103 0.023347701149425304 0.03178879310344829
0 0.46300287356321834 0.4792564655172414 0.023706896551724144 0.03448275862068961
0 0.46479885057471265 0.5264008620689655 0.02083333333333337 0.04471982758620685
0 0.5285560344827587 0.4151400862068966 0.021910919540229945 0.038793103448275856
0 0.5355603448275863 0.38038793103448276 0.010057471264367845 0.026400862068965525
0 0.5195761494252873 0.3674568965517241 0.025502873563218453 0.03394396551724138
0 0.492816091954023 0.37419181034482757 0.02155172413793105 0.03556034482758619
0 0.45438218390804597 0.3620689655172414 0.02227011494252873 0.04040948275862066
0 0.5289152298850575 0.45070043103448276 0.024784482758620774 0.026939655172413812
0 0.5687859195402298 0.5649245689655172 0.017600574712643646 0.03125
0 0.6025502873563218 0.6064116379310345 0.022629310344827513 0.037715517241379226
0 0.5486709770114943 0.5697737068965517 0.024066091954022983 0.028017241379310276
0 0.5717492816091954 0.6918103448275862 0.024964080459770055 0.038254310344827624
0 0.6276939655172413 0.6780711206896552 0.021192528735632155 0.04633620689655171
0 0.6064116379310345 0.6689116379310345 0.025682471264367734 0.0431034482758621
0 0.5134698275862069 0.18063038793103448 0.018318965517241437 0.03582974137931036
0 0.5274784482758621 0.20554956896551724 0.026221264367816133 0.04094827586206895
0 0.529992816091954 0.2482489224137931 0.026580459770114917 0.04337284482758619
0 0.43094468390804597 0.3446928879310345 0.02783764367816094 0.04498922413793105
0 0.5233477011494253 0.32219827586206895 0.028017241379310276 0.04094827586206895
0 0.49739583333333337 0.3073814655172414 0.02388649425287359 0.04094827586206895
0 0.5112248563218391 0.27087823275862066 0.028915229885057514 0.04175646551724138
0 0.5470545977011494 0.2855603448275862 0.023706896551724088 0.04418103448275862
0 0.5396012931034482 0.3421336206896552 0.019935344827586188 0.042025862068965525
0 0.4799748563218391 0.3212553879310345 0.027478448275862044 0.0390625
0 0.5750718390804598 0.34765625 0.021910919540229834 0.03690732758620685
0 0.5852191091954023 0.6519396551724138 0.01921695402298851 0.04094827586206895
0 0.3789511494252874 0.6286368534482758 0.029094827586206906 0.03744612068965514
0 0.4850933908045977 0.2820581896551724 0.01221264367816094 0.02478448275862072
0 0.4686602011494253 0.296875 0.021012931034482762 0.019935344827586188
0 0.5185883620689655 0.3467133620689655 0.01778017241379315 0.017780172413793094
0 0.5721084770114943 0.5350215517241379 0.02460488505747116 0.030711206896551713
0 0.35551364942528735 0.4806034482758621 0.0274784482758621 0.021551724137930994
0 0.5257722701149425 0.29552801724137934 0.02532327586206895 0.019935344827586243
