0 0.43256106321839083 0.2466325431034483 0.029274425287356298 0.0509159482758621
0 0.4330998563218391 0.3324353448275862 0.03214798850574713 0.046875
0 0.4515984195402299 0.2918911637931034 0.03250718390804597 0.050915948275862044
0 0.4019396551724138 0.2898706896551724 0.031968390804597735 0.04795258620689652
0 0.4964978448275862 0.3798491379310345 0.029633620689655193 0.047952586206896575
0 0.5297234195402298 0.3798491379310345 0.031070402298850497 0.047952586206896575
0 0.548760775862069 0.3455010775862069 0.02891522988505746 0.0428340517241379
0 0.48257902298850575 0.3131734913793104 0.030172413793103425 0.046605603448275856
0 0.4495330459770115 0.3818696120689655 0.02837643678160917 0.04822198275862066
0 0.4248383620689655 0.44275323275862066 0.030352011494252873 0.04337284482758624
0 0.49883261494252873 0.47090517241379315 0.03250718390804597 0.049030172413793094
0 0.4724317528735632 0.5544181034482759 0.03214798850574713 0.046875
0 0.4437859195402299 0.5413523706896552 0.02981321839080464 0.04660560344827591
0 0.4651580459770115 0.47912176724137934 0.026580459770114917 0.046066810344827624
0 0.505926724137931 0.42416487068965514 0.022988505747126464 0.040678879310344807
0 0.5288254310344828 0.5004040948275862 0.0274784482758621 0.041756465517241326
0 0.5970725574712643 0.4605334051724138 0.029274425287356354 0.04876077586206895
0 0.6222162356321839 0.4139278017241379 0.03035201149425293 0.04606681034482757
0 0.6529274425287357 0.560614224137931 0.031070402298850497 0.046875
0 0.5505567528735632 0.6049299568965517 0.03250718390804597 0.04876077586206895
0 0.5412176724137931 0.6532866379310345 0.02747844827586199 0.04525862068965525
0 0.6038972701149425 0.6220366379310345 0.031070402298850608 0.042025862068965525
0 0.45528017241379315 0.5883620689655172 0.03160919540229884 0.04471982758620685
0 0.6847162356321839 0.6678340517241379 0.0314295977011495 0.05226293103448276
0 0.650323275862069 0.6796875 0.031609195402298784 0.047413793103448176
0 0.4138829022988506 0.6687769396551724 0.03214798850574713 0.05307112068965514
0 0.3579382183908046 0.634698275862069 0.030172413793103425 0.04525862068965525
0 0.43202227011494254 0.6275592672413792 0.03250718390804597 0.04445043103448276
0 0.43767959770114945 0.7419181034482759 0.029454022988505746 0.046875
0 0.3843390804597701 0.7183459051724138 0.031609195402298895 0.051454741379310276
0 0.4552801724137931 0.6140894396551724 0.028735632183908066 0.04121767241379304
0 0.5897090517241379 0.556707974137931 0.02460488505747127 0.04337284482758619
0 0.6185344827586208 0.4485452586206896 0.029454022988505746 0.04418103448275862
0 0.4797952586206896 0.42551185344827586 0.02855603448275862 0.04876077586206895
0 0.3954741379310345 0.45959051724137934 0.026580459770114917 0.04795258620689652
0 0.39188218390804597 0.49488146551724144 0.030172413793103425 0.044719827586206906
0 0.6166487068965517 0.7277747844827587 0.025682471264367734 0.04876077586206906
0 0.4728807471264368 0.744073275862069 0.022988505747126464 0.05226293103448276
0 0.47315014367816094 0.791082974137931 0.02891522988505746 0.041756465517241326
0 0.41217672413793105 0.8058997844827587 0.029813218390804586 0.053609913793103536
0 0.4495330459770115 0.6760506465517242 0.03125 0.04121767241379304
0 0.48554238505747127 0.6080280172413792 0.02604166666666663 0.05226293103448276
0 0.4335488505747126 0.595635775862069 0.020114942528735635 0.03717672413793105
0 0.4149604885057471 0.619207974137931 0.020653735632183867 0.036368534482758674
0 0.3246228448275862 0.7159213362068966 0.027478448275862044 0.0509159482758621
0 0.4248383620689655 0.47063577586206895 0.029274425287356354 0.030172413793103425
0 0.4565373563218391 0.50390625 0.028376436781609227 0.040678879310344807
0 0.6421515804597702 0.6344288793103448 0.027837643678160995 0.04741379310344829
0 0.6703484195402298 0.5763739224137931 0.02388649425287348 0.04121767241379304
0 0.6263469827586208 0.57421875 0.029274425287356354 0.043911637931034475
0 0.5583692528735632 0.5612877155172413 0.031609195402298784 0.034213362068965414
0 0.4539331896551724 0.4485452586206896 0.021372126436781602 0.050646551724137956
0 0.4255567528735632 0.38079202586206895 0.022449712643678177 0.04606681034482757
0 0.5923132183908046 0.5406788793103448 0.030172413793103425 0.03394396551724144
0 0.3790409482758621 0.6597521551724138 0.037895114942528785 0.02909482758620685
0 0.5784841954022988 0.6876346982758621 0.031609195402298895 0.04337284482758619
0 0.46488864942528735 0.35358297413793105 0.02819683908045978 0.05145474137931033
0 0.4032866379310345 0.2377424568965517 0.025682471264367845 0.0390625
0 0.46282327586206895 0.40476831896551724 0.014008620689655193 0.018588362068965525
0 0.43561422413793105 0.4112338362068966 0.029633620689655193 0.027747844827586243
0 0.4119971264367816 0.6984105603448276 0.026939655172413812 0.029903017241379337
0 0.39242097701149425 0.6375269396551724 0.02837643678160917 0.01751077586206895
0 0.580010775862069 0.5922683189655172 0.01706178160919536 0.03744612068965525
0 0.6031788793103448 0.587957974137931 0.015984195402298895 0.0234375
