0 0.3703304597701149 0.4451778017241379 0.026580459770114973 0.040678879310344807
0 0.2713721264367816 0.5575161637931034 0.030172413793103425 0.03852370689655171
0 0.3052262931034483 0.5602101293103448 0.02460488505747127 0.03852370689655171
0 0.3328843390804598 0.5588631465517242 0.02424568965517243 0.03852370689655171
0 0.28924209770114945 0.5818965517241379 0.022808908045977017 0.05010775862068961
0 0.3444683908045977 0.6214978448275862 0.025143678160919503 0.039870689655172376
0 0.3890984195402299 0.5591325431034483 0.025682471264367845 0.04876077586206895
0 0.39313936781609193 0.5086206896551724 0.02478448275862072 0.03987068965517249
0 0.4339978448275862 0.5125269396551724 0.02568247126436779 0.04606681034482757
0 0.45914152298850575 0.5630387931034483 0.0274784482758621 0.04525862068965525
0 0.5235272988505748 0.5705818965517242 0.023347701149425304 0.03717672413793094
0 0.547503591954023 0.5712553879310345 0.022808908045977017 0.03852370689655171
0 0.5008081896551724 0.5692349137931034 0.022090517241379337 0.04525862068965514
0 0.4907507183908046 0.5032327586206897 0.025682471264367845 0.03987068965517249
0 0.4802442528735632 0.47117456896551724 0.01831896551724138 0.0350215517241379
0 0.44656968390804597 0.4022090517241379 0.026041666666666685 0.03825431034482757
0 0.4751257183908046 0.3995150862068966 0.025682471264367845 0.037176724137930994
0 0.492816091954023 0.42820581896551724 0.026939655172413757 0.03852370689655171
0 0.5195761494252873 0.43359375 0.02298850574712652 0.03367456896551724
0 0.539691091954023 0.4001885775862069 0.021192528735632266 0.034213362068965525
0 0.5589080459770115 0.37675107758620685 0.025502873563218342 0.03582974137931033
0 0.5096084770114943 0.3755387931034483 0.014188218390804641 0.023168103448275856
0 0.5642061781609196 0.43130387931034486 0.027837643678160884 0.03232758620689652
0 0.5264008620689655 0.37244073275862066 0.014727011494252817 0.029364224137930994
0 0.5656429597701149 0.4764278017241379 0.024245689655172376 0.033135775862069006
0 0.5291846264367817 0.4921875 0.02460488505747127 0.04256465517241376
0 0.5172413793103448 0.40153556034482757 0.021910919540229945 0.028825431034482762
0 0.5229885057471264 0.5334051724137931 0.023347701149425304 0.03556034482758619
0 0.5769576149425287 0.4039601293103448 0.020653735632183867 0.03367456896551724
0 0.5740840517241379 0.46484375 0.01921695402298851 0.034213362068965525
0 0.4729705459770115 0.5466056034482758 0.021372126436781658 0.02747844827586199
0 0.6001257183908046 0.6915409482758621 0.02747844827586199 0.039870689655172376
0 0.5577406609195402 0.5479525862068966 0.02604166666666674 0.02909482758620685
0 0.38128591954022983 0.48585668103448276 0.020114942528735635 0.026670258620689613
0 0.6301185344827587 0.7316810344827587 0.02604166666666663 0.04040948275862066
0 0.5694145114942528 0.7118803879310345 0.015984195402298895 0.0390625
0 0.3757183908045977 0.48235452586206895 0.023706896551724144 0.037984913793103425
0 0.6102729885057472 0.7374730603448276 0.02011494252873558 0.04121767241379304
0 0.5413074712643677 0.6593480603448276 0.021192528735632155 0.0352909482758621
0 0.4100215517241379 0.4909752155172413 0.020114942528735635 0.03044181034482757
0 0.3764367816091954 0.5211476293103448 0.025143678160919558 0.04121767241379304
0 0.5241558908045977 0.7742456896551724 0.02388649425287359 0.03663793103448276
0 0.5074533045977011 0.7033943965517242 0.025323275862068895 0.032327586206896464
0 0.5425646551724137 0.4618803879310345 0.021192528735632155 0.03259698275862066
0 0.38119612068965514 0.6043911637931034 0.02568247126436779 0.03582974137931039
0 0.5178699712643677 0.4582435344827586 0.02604166666666663 0.03178879310344829
0 0.5836027298850575 0.29997306034482757 0.021012931034482762 0.028825431034482762
0 0.5621408045977012 0.32610452586206895 0.023706896551724088 0.03582974137931033
0 0.44989224137931033 0.587823275862069 0.019755747126436796 0.030711206896551713
0 0.39179238505747127 0.6245959051724138 0.02388649425287359 0.036368534482758674
0 0.3480603448275862 0.5813577586206897 0.026221264367816077 0.03933189655172409
0 0.5859375 0.32947198275862066 0.022090517241379226 0.03017241379310348
0 0.4175646551724138 0.5558997844827587 0.01867816091954022 0.040140086206896464
0 0.4978448275862069 0.5961745689655172 0.02227011494252873 0.022629310344827624
0 0.5489403735632183 0.6986799568965518 0.024964080459770055 0.03852370689655171
0 0.5704022988505747 0.3639547413793104 0.02011494252873569 0.027478448275862044
0 0.580010775862069 0.36651400862068967 0.015625 0.03852370689655171
0 0.3677262931034483 0.5546875 0.01490660919540232 0.03717672413793105
0 0.5837823275862069 0.7075700431034483 0.021012931034482762 0.0390625
0 0.5347521551724137 0.7390894396551724 0.021012931034482762 0.03259698275862066
0 0.5501975574712643 0.7680495689655172 0.025682471264367845 0.037715517241379226
0 0.5592672413793103 0.7898706896551724 0.02298850574712652 0.030172413793103425
0 0.5722880747126438 0.7489224137931034 0.01849856321839083 0.03286637931034486
0 0.5296336206896552 0.6163793103448276 0.027298850574712596 0.032327586206896575
0 0.5476831896551724 0.6302532327586208 0.020653735632183978 0.027747844827586188
0 0.4829382183908046 0.5317887931034483 0.020474137931034475 0.024245689655172376
