0 0.5053879310344828 0.22723599137931033 0.02945402298850569 0.044450431034482735
0 0.546246408045977 0.4649784482758621 0.020653735632183867 0.029633620689655193
0 0.576239224137931 0.3207165948275862 0.03250718390804597 0.04768318965517243
0 0.35811781609195403 0.23370150862068967 0.023706896551724144 0.027747844827586216
0 0.4877873563218391 0.5533405172413792 0.03017241379310348 0.04633620689655171
0 0.42681393678160917 0.5075431034482758 0.030352011494252873 0.04148706896551724
0 0.625 0.5206088362068966 0.03484195402298851 0.0509159482758621
0 0.38056752873563215 0.17093211206896552 0.03089080459770116 0.049838362068965525
0 0.39583333333333337 0.3665140086206896 0.02478448275862072 0.041217672413793094
0 0.6032686781609196 0.4845096982758621 0.030890804597701216 0.046605603448275856
0 0.4019396551724138 0.20541487068965517 0.03376436781609199 0.049838362068965525
0 0.34770114942528735 0.1713362068965517 0.030172413793103425 0.03448275862068964
0 0.43462643678160917 0.21875 0.030531609195402265 0.04741379310344829
0 0.4657866379310345 0.5144127155172414 0.021372126436781602 0.04768318965517243
0 0.5477729885057472 0.5262661637931034 0.021192528735632155 0.036368534482758674
0 0.5057471264367817 0.39224137931034486 0.03160919540229884 0.04795258620689652
0 0.5613326149425287 0.4886853448275862 0.02963362068965525 0.04795258620689652
0 0.4666846264367816 0.3665140086206896 0.03178879310344829 0.047144396551724144
0 0.4765625 0.7091864224137931 0.022808908045977017 0.03475215517241381
0 0.43606321839080464 0.3900862068965517 0.029813218390804586 0.05118534482758619
0 0.6008441091954022 0.30536099137931033 0.027119252873563204 0.037984913793103425
0 0.4102909482758621 0.6597521551724138 0.031070402298850552 0.047952586206896575
0 0.5530711206896551 0.42739762931034486 0.02891522988505746 0.04337284482758624
0 0.6047952586206897 0.5860721982758621 0.030711206896551713 0.059536637931034475
0 0.39996408045977017 0.7062230603448276 0.027298850574712652 0.05037715517241381
0 0.41801364942528735 0.5985991379310345 0.03178879310344829 0.042025862068965525
0 0.4047234195402299 0.5711206896551724 0.022090517241379337 0.030711206896551713
0 0.5841415229885057 0.4030172413793104 0.03250718390804597 0.054418103448275856
0 0.4281609195402299 0.560614224137931 0.026939655172413812 0.04040948275862066
0 0.4453125 0.32960668103448276 0.02819683908045978 0.04498922413793105
0 0.389996408045977 0.2521551724137931 0.03214798850574713 0.048491379310344834
0 0.5928520114942528 0.26333512931034486 0.033045977011494254 0.04768318965517243
0 0.4224137931034483 0.2661637931034483 0.032327586206896575 0.048491379310344807
0 0.5660021551724138 0.5625 0.022449712643678232 0.042025862068965525
0 0.4581537356321839 0.27815193965517243 0.028735632183908066 0.04876077586206895
0 0.6566091954022988 0.49030172413793105 0.03663793103448276 0.050107758620689724
0 0.4327406609195402 0.4657866379310345 0.033225574712643646 0.04741379310344829
0 0.4198096264367816 0.31384698275862066 0.01634339080459768 0.029094827586206906
0 0.6079382183908046 0.41258081896551724 0.024784482758620663 0.04498922413793105
0 0.5494791666666666 0.6923491379310345 0.03142959770114939 0.0425646551724137
0 0.6141343390804598 0.4314385775862069 0.021731321839080442 0.0352909482758621
0 0.35766882183908044 0.22265625 0.030352011494252873 0.05037715517241381
0 0.36072198275862066 0.6745689655172413 0.02640086206896547 0.046875
0 0.43579382183908044 0.5365032327586207 0.022808908045977017 0.030441810344827624
0 0.40041307471264365 0.29916487068965514 0.0332255747126437 0.050915948275862044
0 0.48841594827586204 0.26629849137931033 0.03214798850574707 0.0498383620689655
0 0.4865301724137931 0.502020474137931 0.03412356321839083 0.051993534482758674
0 0.4750359195402299 0.3208512931034483 0.030890804597701105 0.046875
0 0.4535739942528736 0.4174299568965517 0.030711206896551768 0.04498922413793105
0 0.49443247126436785 0.6610991379310345 0.025502873563218398 0.04471982758620685
0 0.40651939655172414 0.43507543103448276 0.02532327586206895 0.04956896551724138
0 0.39197198275862066 0.4032866379310345 0.016343390804597735 0.030711206896551713
0 0.4673132183908046 0.6639278017241379 0.023347701149425304 0.05253232758620685
0 0.4533045977011494 0.7377424568965517 0.026939655172413757 0.047683189655172376
