0 0.45698635057471265 0.2774784482758621 0.026400862068965525 0.038793103448275856
0 0.33854166666666663 0.34832974137931033 0.026939655172413757 0.04040948275862066
0 0.36602011494252873 0.3475215517241379 0.028017241379310387 0.04040948275862072
0 0.2608656609195402 0.39197198275862066 0.02532327586206895 0.04364224137931033
0 0.15768678160919541 0.4995959051724138 0.02801724137931036 0.03798491379310348
0 0.19459410919540232 0.5044450431034483 0.023527298850574724 0.04121767241379315
0 0.22171336206896552 0.5008081896551724 0.02855603448275862 0.03556034482758619
0 0.23087284482758622 0.5660021551724138 0.02460488505747127 0.0387931034482758
0 0.2833153735632184 0.4535290948275862 0.021012931034482762 0.041217672413793094
0 0.32579022988505746 0.4564924568965517 0.025502873563218398 0.043911637931034475
0 0.3484195402298851 0.5087553879310345 0.029094827586206906 0.046066810344827624
0 0.23697916666666666 0.5250538793103448 0.02496408045977011 0.04364224137931039
0 0.21695402298850575 0.52734375 0.015804597701149448 0.01804956896551735
0 0.4129849137931034 0.5198006465517242 0.025323275862069006 0.03690732758620696
0 0.4383081896551724 0.5247844827586207 0.02209051724137928 0.042025862068965525
0 0.3896372126436781 0.5787984913793103 0.009877873563218398 0.014278017241379337
0 0.3910739942528736 0.5203394396551724 0.02424568965517243 0.03960129310344829
0 0.3820043103448276 0.4521821120689655 0.023706896551724144 0.036907327586206906
0 0.4097521551724138 0.3829471982758621 0.02209051724137928 0.03205818965517243
0 0.43229166666666663 0.34994612068965514 0.022988505747126464 0.03556034482758624
0 0.4528556034482759 0.33014547413793105 0.026760057471264365 0.035290948275862044
0 0.47045617816091956 0.3165409482758621 0.021012931034482762 0.037176724137930994
0 0.49137931034482757 0.6418372844827587 0.026939655172413812 0.03690732758620696
0 0.27837643678160917 0.5066002155172413 0.029813218390804586 0.04552801724137934
0 0.4027478448275862 0.3254310344827586 0.013469827586206906 0.02532327586206895
0 0.41936063218390807 0.32394935344827586 0.014367816091954033 0.030441810344827624
0 0.2691271551724138 0.4649784482758621 0.02855603448275862 0.03771551724137928
0 0.4100215517241379 0.35304418103448276 0.02478448275862072 0.030980603448275856
0 0.5171515804597702 0.6876346982758621 0.023527298850574696 0.0428340517241379
0 0.4984734195402299 0.6900592672413793 0.025682471264367845 0.0428340517241379
0 0.38164511494252873 0.3779633620689655 0.025143678160919558 0.04094827586206895
0 0.37266522988505746 0.4190463362068966 0.024784482758620663 0.033135775862069006
0 0.4114583333333333 0.7225215517241379 0.019755747126436796 0.04040948275862066
0 0.47018678160919536 0.35748922413793105 0.01903735632183906 0.036099137931034475
0 0.39655172413793105 0.6532866379310345 0.025143678160919558 0.03717672413793105
0 0.45707614942528735 0.38025323275862066 0.024784482758620663 0.03960129310344823
0 0.17843031609195403 0.5247844827586207 0.023168103448275856 0.046875
0 0.41073994252873564 0.41231142241379315 0.02298850574712641 0.03044181034482757
0 0.4771012931034483 0.2528286637931034 0.022090517241379337 0.029364224137931022
0 0.47916666666666663 0.2808459051724138 0.02191091954022989 0.03044181034482757
0 0.4568067528735632 0.42834051724137934 0.021372126436781602 0.032866379310344807
0 0.46381106321839083 0.3119612068965517 0.01921695402298851 0.019935344827586188
0 0.4685704022988506 0.4178340517241379 0.014727011494252873 0.035021551724137956
0 0.43911637931034486 0.4171605603448276 0.015804597701149448 0.03044181034482757
0 0.42016882183908044 0.44504310344827586 0.021372126436781602 0.032327586206896575
0 0.4282507183908046 0.4660560344827586 0.022808908045977017 0.030711206896551713
0 0.4144216954022989 0.48424030172413796 0.023168103448275856 0.03582974137931039
0 0.45438218390804597 0.4994612068965517 0.01795977011494254 0.03717672413793105
0 0.3635955459770115 0.4939385775862069 0.020294540229885083 0.028825431034482762
0 0.2719109195402299 0.4326508620689655 0.022629310344827624 0.0274784482758621
0 0.3015445402298851 0.4416756465517241 0.018678160919540276 0.03636853448275862
0 0.3704202586206896 0.48289331896551724 0.026760057471264365 0.024515086206896575
0 0.280621408045977 0.5747575431034482 0.025682471264367845 0.03852370689655171
0 0.27065373563218387 0.5497036637931034 0.024425287356321823 0.0352909482758621
0 0.32561063218390807 0.5938846982758621 0.028376436781609227 0.040140086206896575
0 0.33926005747126436 0.5358297413793103 0.021192528735632155 0.03178879310344829
0 0.4249281609195402 0.6910021551724138 0.0193965517241379 0.033943965517241326
0 0.43785919540229884 0.7175377155172413 0.026939655172413812 0.03690732758620696
0 0.4482758620689655 0.7412446120689655 0.025502873563218398 0.02936422413793105
0 0.4391163793103448 0.6511314655172413 0.02227011494252873 0.03987068965517249
0 0.47198275862068967 0.6608297413793103 0.02155172413793105 0.03771551724137934
0 0.46174568965517243 0.7007004310344828 0.01867816091954022 0.032327586206896575
0 0.43112428160919536 0.6105872844827587 0.021372126436781602 0.03636853448275856
0 0.4353448275862069 0.5825700431034482 0.02298850574712641 0.027747844827586188
0 0.4211566091954023 0.5661368534482758 0.025862068965517238 0.02936422413793094
0 0.3895474137931034 0.5441810344827587 0.02478448275862072 0.024784482758620663
0 0.38245330459770116 0.505792025862069 0.017420977011494254 0.019665948275862044
