0 0.3279454022988506 0.41662176724137934 0.029094827586206906 0.035290948275862044
0 0.3636853448275862 0.4449084051724138 0.024066091954022983 0.03852370689655171
0 0.3385416666666667 0.45514547413793105 0.024066091954022983 0.043911637931034475
0 0.40607040229885055 0.47238685344827586 0.024066091954022983 0.03367456896551724
0 0.46677442528735635 0.3872575431034483 0.02873563218390801 0.036907327586206906
0 0.522808908045977 0.3797144396551724 0.024066091954022983 0.036907327586206906
0 0.47377873563218387 0.44113685344827586 0.027298850574712652 0.03259698275862066
0 0.4773706896551724 0.4748114224137931 0.03017241379310348 0.04067887931034486
0 0.4469288793103448 0.5509159482758621 0.02460488505747127 0.036099137931034475
0 0.46336206896551724 0.5814924568965517 0.025143678160919558 0.040140086206896575
0 0.546875 0.5720635775862069 0.024066091954022983 0.03852370689655171
0 0.5688757183908046 0.5870150862068966 0.018857758620689613 0.03771551724137934
0 0.5880926724137931 0.5944234913793104 0.01490660919540232 0.043911637931034475
0 0.5803699712643677 0.4465247844827586 0.019935344827586188 0.03690732758620685
0 0.6304777298850575 0.36934267241379315 0.02532327586206895 0.038793103448275856
0 0.5422952586206896 0.49865301724137934 0.026400862068965525 0.03771551724137928
0 0.6121587643678161 0.46672952586206895 0.021731321839080442 0.041217672413793094
0 0.5706716954022988 0.5045797413793103 0.02244971264367812 0.03448275862068961
0 0.5079920977011494 0.4810075431034483 0.02280890804597696 0.03852370689655166
0 0.5471443965517242 0.3937230603448276 0.023527298850574696 0.042834051724137956
0 0.5518139367816093 0.4286099137931034 0.023527298850574696 0.033405172413793094
0 0.45070043103448276 0.4916487068965517 0.021731321839080442 0.03771551724137928
0 0.43363864942528735 0.47885237068965514 0.021731321839080442 0.0428340517241379
0 0.4084051724137931 0.5004040948275862 0.024066091954022983 0.03259698275862072
0 0.3817349137931034 0.5243803879310345 0.02460488505747127 0.03960129310344829
0 0.5867456896551724 0.744207974137931 0.021192528735632155 0.03960129310344829
0 0.48994252873563215 0.7576778017241379 0.020114942528735635 0.03690732758620685
0 0.4758441091954023 0.6154364224137931 0.021731321839080497 0.03259698275862066
0 0.5985093390804598 0.7311422413793104 0.02388649425287359 0.03717672413793105
0 0.5774066091954023 0.7669719827586207 0.024066091954022983 0.038254310344827624
0 0.4932650862068966 0.7230603448275862 0.026400862068965525 0.028556034482758674
0 0.49371408045977017 0.6862877155172413 0.025502873563218398 0.0390625
0 0.4096623563218391 0.5202047413793103 0.025143678160919503 0.024784482758620663
0 0.3911637931034483 0.49366918103448276 0.0118534482758621 0.02613146551724138
0 0.5261314655172413 0.7502693965517242 0.021012931034482762 0.03340517241379304
0 0.38164511494252873 0.4682112068965517 0.029454022988505746 0.04148706896551724
0 0.45644755747126436 0.42025862068965514 0.027837643678160884 0.03394396551724138
0 0.5263110632183908 0.4560883620689655 0.020653735632183867 0.03394396551724138
0 0.5642959770114943 0.4656519396551724 0.022629310344827624 0.03636853448275862
0 0.4845545977011494 0.5210129310344828 0.026939655172413757 0.04256465517241376
0 0.5593570402298851 0.5242456896551724 0.02388649425287359 0.022629310344827513
0 0.593121408045977 0.4682112068965517 0.01346982758620685 0.03125
0 0.5816271551724137 0.4803340517241379 0.017420977011494254 0.02801724137931033
0 0.5700431034482758 0.3838900862068966 0.011853448275861989 0.02801724137931033
0 0.5847701149425287 0.3868534482758621 0.014367816091954033 0.02209051724137928
0 0.5723778735632183 0.4151400862068966 0.02227011494252873 0.03556034482758624
0 0.5982399425287357 0.42403017241379315 0.026221264367816022 0.039331896551724144
0 0.6134159482758621 0.4100215517241379 0.02388649425287359 0.03987068965517243
0 0.6253591954022988 0.4031519396551724 0.011853448275861989 0.030980603448275856
0 0.6509518678160919 0.35223599137931033 0.024245689655172376 0.02936422413793105
0 0.47979525862068967 0.5732758620689655 0.018139367816091934 0.038254310344827624
0 0.5289152298850575 0.5553609913793103 0.0193965517241379 0.04067887931034486
0 0.49973060344827586 0.5335398706896551 0.019935344827586188 0.040140086206896575
0 0.5351113505747127 0.5379849137931034 0.013469827586206962 0.0237068965517242
